0.104975 0.139817 0.755208
9.999E-05 9.999E-05 0.9998
9.999E-05 9.999E-05 0.9998
0.306544 0.0691532 0.624303
0.248621 0.0972511 0.654128
0.113298 0.0405406 0.846161
9.999E-05 9.999E-05 0.9998
9.999E-05 9.999E-05 0.9998
9.999E-05 9.999E-05 0.9998
0.0785026 0.111268 0.81023
9.9991E-05 0.516671 0.483229
9.9991E-05 0.557711 0.442189
9.9991E-05 0.609155 0.390745
0.0110494 0.856367 0.132583
0.156559 0.679735 0.163707
0.25294 0.596844 0.150217
0.0759038 0.746888 0.177208
0.0302087 0.843979 0.125812
0.0113334 0.823381 0.165285
9.999E-05 0.9998 9.999E-05
9.999E-05 0.9998 9.999E-05
9.999E-05 0.9998 9.999E-05
0.0570862 0.858501 0.0844131
0.542542 0.457358 9.9991E-05
0.516241 0.465267 0.0184925
0.508798 0.491102 9.9991E-05
0.513263 0.47503 0.0117066
0.478219 0.519775 0.00200635
0.445047 0.554853 9.9991E-05
0.461971 0.537929 9.9991E-05
0.508477 0.491423 9.9991E-05
0.542285 0.457615 9.9991E-05
0.472591 0.522649 0.00476059
0.475629 0.524271 9.9991E-05
0.576099 0.399378 0.0245228
0.604202 0.367997 0.0278003
0.54881 0.345037 0.106153
0.706507 0.293393 9.9991E-05
0.709374 0.290526 9.9991E-05
0.746803 0.253097 9.9991E-05
0.713989 0.285911 9.9991E-05
0.693365 0.306535 9.9991E-05
0.738278 0.256638 0.00508368
0.651091 0.348809 9.9991E-05
0.706745 0.255514 0.0377412
0.721976 0.272914 0.0051103
0.641262 0.282225 0.0765125
0.685892 0.314008 9.9991E-05
0.711737 0.288163 9.9991E-05
0.77159 0.22831 9.9991E-05
0.701992 0.224257 0.0737514
0.748443 0.223883 0.0276745
0.753332 0.22507 0.0215978
0.729138 0.218759 0.0521029
0.803815 0.18898 0.00720417
0.779354 0.176444 0.0442026
0.777037 0.18286 0.0401029
0.768099 0.231801 9.9991E-05
0.790372 0.209528 9.9991E-05
0.752232 0.22511 0.0226583
0.793046 0.206854 9.9991E-05
0.755351 0.244549 9.9991E-05
0.783515 0.216385 9.9991E-05
0.750099 0.227035 0.0228661
0.762049 0.237851 9.9991E-05
0.791499 0.208401 9.9991E-05
0.843477 0.132601 0.0239215
0.805989 0.193911 9.9991E-05
0.852139 0.127062 0.0207992
0.793388 0.206512 9.9991E-05
0.913278 0.086622 9.9991E-05
0.88323 0.11667 9.9991E-05
0.905988 0.0939124 9.9991E-05
0.8523 0.1476 9.9991E-05
0.774136 0.204669 0.0211946
0.931523 9.9991E-05 0.0683769
0.962372 0.0375283 9.9991E-05
0.927615 0.0722852 9.9991E-05
0.914034 0.0702263 0.0157393
0.921892 0.0549955 0.0231126
0.903796 0.0801476 0.0160567
0.97134 9.9991E-05 0.0285596
0.9998 9.999E-05 9.999E-05
0.9998 9.999E-05 9.999E-05
0.9998 9.999E-05 9.999E-05
0.996203 9.9991E-05 0.00369677
0.9998 9.999E-05 9.999E-05
0.992539 9.9991E-05 0.00736148
0.994889 9.9991E-05 0.00501099
0.9998 9.999E-05 9.999E-05
0.9998 9.999E-05 9.999E-05
0.9998 9.999E-05 9.999E-05
0.954415 9.9991E-05 0.0454852
0.942449 9.9991E-05 0.0574506
0.93877 9.9991E-05 0.06113
