9.9991E-05 0.0914821 0.0924591 0.749921 0.0660377
9.99731E-05 9.99731E-05 0.0167564 0.982944 9.99731E-05
9.997E-05 9.997E-05 9.997E-05 0.9996 9.997E-05
0.118752 0.193409 0.0863406 0.601399 9.9991E-05
9.999E-05 0.217618 0.085926 0.65712 0.0392364
0.0793304 0.0151535 0.0830239 0.822392 9.9991E-05
9.997E-05 9.997E-05 9.997E-05 0.9996 9.997E-05
9.997E-05 9.997E-05 9.997E-05 0.9996 9.997E-05
9.997E-05 9.997E-05 9.997E-05 0.9996 9.997E-05
0.029722 0.107658 0.0192715 0.79474 0.0486089
9.9982E-05 0.0655143 9.9982E-05 0.543931 0.390354
0.0321324 0.076969 9.9991E-05 0.502233 0.388566
0.0763499 0.0547686 9.9991E-05 0.420838 0.447944
0.209288 0.0266558 0.0252938 0.0963826 0.64238
0.0916152 0.197422 0.0384957 0.184453 0.488014
0.16312 0.186229 0.0811003 0.160676 0.408876
0.207847 0.110218 9.9991E-05 0.191444 0.49039
0.353436 9.9982E-05 9.9982E-05 0.107282 0.539083
0.193886 0.0640027 9.9991E-05 0.188881 0.553129
9.997E-05 9.997E-05 9.997E-05 9.997E-05 0.9996
9.997E-05 9.997E-05 9.997E-05 9.997E-05 0.9996
9.997E-05 9.997E-05 9.997E-05 9.997E-05 0.9996
0.214838 0.0305059 0.0388004 0.0656379 0.650218
0.770509 0.197134 0.00675842 9.9991E-05 0.0254987
0.909081 0.0621851 0.0156885 0.0129452 9.9991E-05
0.849377 0.115164 0.00220794 0.00083854 0.0324122
0.819275 0.142914 9.9991E-05 0.0202083 0.0175031
0.764679 0.147513 9.9982E-05 9.9982E-05 0.0876072
0.9996 9.997E-05 9.997E-05 9.997E-05 9.997E-05
0.9996 9.997E-05 9.997E-05 9.997E-05 9.997E-05
0.975268 0.0244318 9.99731E-05 9.99731E-05 9.99731E-05
0.990483 0.00921716 9.9973E-05 9.9973E-05 9.9973E-05
0.991571 9.99731E-05 0.00812925 9.99731E-05 9.99731E-05
0.9996 9.997E-05 9.997E-05 9.997E-05 9.997E-05
0.489811 0.278765 0.154487 0.0564686 0.0204672
0.349795 0.427318 0.0908629 0.0693706 0.0626536
0.591329 0.20987 0.0366321 0.142507 0.0196615
0.109119 0.84296 0.0194278 0.0142762 0.0142165
0.17521 0.736459 0.0475514 0.00104359 0.039736
0.072405 0.901999 9.99821E-05 9.99821E-05 0.0253965
0.142532 0.814297 9.9982E-05 9.9982E-05 0.0429712
0.187246 0.800123 9.9982E-05 9.9982E-05 0.0124305
0.0138028 0.965719 9.9991E-05 0.0165516 0.00382665
0.127458 0.803603 9.9991E-05 0.00608966 0.062749
0.107439 0.811323 0.0288953 0.0432104 0.00913172
9.9982E-05 0.988139 9.9982E-05 0.0115448 0.000116274
0.255964 0.673216 9.9982E-05 0.0706192 9.9982E-05
0.177504 0.80315 9.9982E-05 9.9982E-05 0.0191462
0.146361 0.835916 9.99821E-05 9.99821E-05 0.0175227
0.10564 0.877205 0.00432061 9.9991E-05 0.0127349
0.204296 0.488362 0.174766 0.0870442 0.0455314
0.0857242 0.89119 9.9982E-05 0.0228859 9.9982E-05
0.0186514 0.956885 9.9991E-05 0.001745 0.0226185
0.149981 0.65266 0.123845 0.0461719 0.0273418
0.0152729 0.826337 0.0967407 0.0615499 9.9991E-05
0.0291689 0.815034 0.0957362 0.0301646 0.0298962
0.0379754 0.912763 0.0180473 0.0311141 9.9991E-05
0.0548478 0.938939 9.9982E-05 9.9982E-05 0.0060133
0.102197 0.751206 0.103246 0.00200014 0.0413501
0.0199898 0.834957 0.0527018 0.0432209 0.0491303
0.0434332 0.949572 0.00679437 9.9982E-05 9.9982E-05
0.121654 0.843169 0.0304565 0.00462112 9.9991E-05
9.997E-05 0.9996 9.997E-05 9.997E-05 9.997E-05
0.116514 0.762345 0.0800905 0.0265354 0.0145149
0.0738737 0.889723 0.00610742 9.9991E-05 0.0301955
0.0139377 0.930416 0.0497501 0.00579653 9.9991E-05
0.00365494 0.99001 9.9982E-05 0.00613534 9.9982E-05
9.997E-05 0.9996 9.997E-05 9.997E-05 9.997E-05
0.038156 0.875667 0.0617509 0.0243262 9.9991E-05
0.00149293 0.885264 0.0752409 9.9991E-05 0.0379025
9.99731E-05 0.899186 0.100514 9.99731E-05 9.99731E-05
9.99731E-05 0.901112 0.0985878 9.99731E-05 9.99731E-05
9.99731E-05 0.954056 0.0456444 9.99731E-05 9.99731E-05
9.99731E-05 0.915461 0.0842388 9.99731E-05 9.99731E-05
9.9991E-05 0.850845 0.0997968 0.00977411 0.0394842
9.9982E-05 0.661404 0.337516 0.000880005 9.9982E-05
9.99731E-05 0.670037 0.329663 9.99731E-05 9.99731E-05
0.00922549 0.729867 0.260707 9.9982E-05 9.9982E-05
0.0920871 0.366697 0.531283 0.00983252 9.9991E-05
9.9973E-05 0.687566 0.312134 9.9973E-05 9.9973E-05
0.0488973 0.567792 0.383111 9.9982E-05 9.9982E-05
0.000266795 0.567753 0.43178 9.9982E-05 9.9982E-05
9.99731E-05 0.0449865 0.954714 9.99731E-05 9.99731E-05
9.9973E-05 0.107494 0.892206 9.9973E-05 9.9973E-05
9.99731E-05 0.0496999 0.95 9.99731E-05 9.99731E-05
9.99731E-05 0.00644712 0.993253 9.99731E-05 9.99731E-05
9.9973E-05 0.0465442 0.953156 9.9973E-05 9.9973E-05
0.0647967 0.122668 0.81106 9.9991E-05 0.00137479
0.0268736 0.122261 0.844468 0.00629738 9.9991E-05
0.0561636 9.9973E-05 0.943537 9.9973E-05 9.9973E-05
9.9973E-05 0.128025 0.871675 9.9973E-05 9.9973E-05
9.9973E-05 0.0417379 0.957962 9.9973E-05 9.9973E-05
9.997E-05 9.997E-05 0.9996 9.997E-05 9.997E-05
9.9973E-05 9.9973E-05 0.959638 0.040062 9.9973E-05
9.99731E-05 9.99731E-05 0.995864 0.00383599 9.99731E-05
