0.0525406 0.768627 0.139876 9.9991E-05 0.0388566
0.00459687 0.995103 9.99731E-05 9.99731E-05 9.99731E-05
9.997E-05 0.9996 9.997E-05 9.997E-05 9.997E-05
0.0888559 0.615845 0.15513 0.136164 0.00400595
0.0417367 0.674298 0.229989 0.0188723 0.035104
0.114305 0.838709 0.0087425 0.0381432 9.9991E-05
9.997E-05 0.9996 9.997E-05 9.997E-05 9.997E-05
9.997E-05 0.9996 9.997E-05 9.997E-05 9.997E-05
9.997E-05 0.9996 9.997E-05 9.997E-05 9.997E-05
0.0271838 0.789654 0.142203 9.9991E-05 0.0408593
9.999E-05 0.590927 0.0605189 0.00623703 0.342217
9.999E-05 0.534773 0.0782333 0.0318511 0.355042
9.9991E-05 0.453253 0.00799891 0.136923 0.401725
0.0171596 0.140172 0.0373967 0.218297 0.586975
0.0711742 0.226994 0.16598 0.121796 0.414056
0.0407432 0.21698 0.217848 0.18774 0.336688
9.999E-05 0.188375 0.155767 0.230421 0.425337
9.9982E-05 0.149899 9.9982E-05 0.35093 0.498971
9.9991E-05 0.204255 0.0207561 0.261871 0.513018
9.997E-05 9.997E-05 9.997E-05 9.997E-05 0.9996
9.997E-05 9.997E-05 9.997E-05 9.997E-05 0.9996
9.997E-05 9.997E-05 9.997E-05 9.997E-05 0.9996
9.999E-05 0.117625 0.0623152 0.247634 0.572326
0.000961315 9.9991E-05 0.294285 0.680689 0.0239638
0.0201451 0.0054217 0.111811 0.862522 9.9991E-05
9.9991E-05 0.0109929 0.154944 0.818617 0.0153461
9.9991E-05 0.03815 0.138945 0.792745 0.0300609
9.9982E-05 9.9982E-05 0.148614 0.819703 0.0314835
9.997E-05 9.997E-05 9.997E-05 0.9996 9.997E-05
9.997E-05 9.997E-05 9.997E-05 0.9996 9.997E-05
0.00268166 9.99731E-05 9.99731E-05 0.997018 9.99731E-05
9.9973E-05 9.9973E-05 0.0427045 0.956996 9.9973E-05
9.997E-05 9.997E-05 9.997E-05 0.9996 9.997E-05
9.9982E-05 9.9982E-05 0.058871 0.930345 0.0105843
0.12767 0.0450639 0.276044 0.512024 0.0391977
0.0948169 0.0640798 0.449237 0.318017 0.0738486
0.0192568 0.10671 0.153469 0.720465 9.9991E-05
0.0290559 9.9991E-05 0.850136 0.0563435 0.0643646
0.0654573 9.9991E-05 0.696455 0.202569 0.0354188
9.9991E-05 0.00280224 0.874957 0.0873135 0.0348272
9.9982E-05 9.9982E-05 0.815378 0.14674 0.0376823
9.9991E-05 0.00739271 0.857944 0.0852907 0.0492726
9.9982E-05 0.0255684 0.919464 0.0547672 9.9982E-05
9.9982E-05 9.9982E-05 0.782645 0.139688 0.0774668
9.9991E-05 0.00402841 0.749875 0.235046 0.010951
9.9991E-05 0.0156446 0.940485 0.0380043 0.00576582
9.9991E-05 0.0771487 0.69643 0.204117 0.0222042
9.9982E-05 9.9982E-05 0.796263 0.15873 0.0448076
9.99821E-05 9.99821E-05 0.880227 0.102296 0.0172773
0.00108852 9.9982E-05 0.82164 0.177072 9.9982E-05
0.168737 0.0614877 0.586777 0.118156 0.0648422
9.9991E-05 0.017366 0.941515 0.0336161 0.00740314
0.03214 0.0124326 0.835647 0.0908799 0.0289009
0.113802 0.0834184 0.705547 0.0936121 0.00362063
0.0955205 0.020526 0.808977 0.0456954 0.029281
0.0493284 0.0211263 0.876839 9.9991E-05 0.0526063
0.0761468 0.0261259 0.827273 0.0703543 9.9991E-05
0.0161011 9.9991E-05 0.875907 0.104872 0.00301934
0.151003 9.9991E-05 0.708277 0.120906 0.0197137
0.0855509 0.0385783 0.792258 0.0531381 0.0304747
9.99731E-05 9.99731E-05 0.994079 0.00562133 9.99731E-05
9.9982E-05 0.0142753 0.860746 0.124779 9.9982E-05
9.9982E-05 9.9982E-05 0.991333 0.0061669 0.00229991
0.103605 0.0149068 0.729955 0.115587 0.0359456
9.9982E-05 9.9982E-05 0.955451 0.0258554 0.0184932
0.00646012 0.00573099 0.961034 0.0266754 9.9991E-05
9.99731E-05 0.00819012 0.99151 9.99731E-05 9.99731E-05
9.997E-05 9.997E-05 0.9996 9.997E-05 9.997E-05
0.104655 0.0163129 0.812149 0.0667827 9.9991E-05
0.0374452 9.9982E-05 0.928026 9.9982E-05 0.0343291
0.10141 9.99731E-05 0.89829 9.99731E-05 9.99731E-05
0.100855 9.99731E-05 0.898845 9.99731E-05 9.99731E-05
9.997E-05 9.997E-05 0.9996 9.997E-05 9.997E-05
0.108869 9.9982E-05 0.873659 0.0172719 9.9982E-05
0.0668202 0.0112248 0.874742 9.9991E-05 0.0471132
0.315873 9.9973E-05 0.683827 9.9973E-05 9.9973E-05
0.359256 9.9982E-05 0.637759 9.9982E-05 0.00278524
0.324607 9.9982E-05 0.667097 9.9982E-05 0.00809542
0.499431 9.9991E-05 0.368872 0.123578 0.00801919
0.312322 9.9973E-05 0.687378 9.9973E-05 9.9973E-05
0.354745 9.9982E-05 0.617486 9.9982E-05 0.0275684
0.426361 0.00792426 0.565515 9.9982E-05 9.9982E-05
0.9996 9.997E-05 9.997E-05 9.997E-05 9.997E-05
0.921191 9.9973E-05 0.0785093 9.9973E-05 9.9973E-05
0.945398 9.9982E-05 0.0474758 0.00692583 9.9982E-05
0.982959 9.99731E-05 0.0167411 9.99731E-05 9.99731E-05
0.929113 9.9973E-05 0.0705873 9.9973E-05 9.9973E-05
0.773121 9.9982E-05 0.157982 0.0686973 9.9982E-05
0.86315 9.9982E-05 0.11948 0.0171696 9.9982E-05
0.96999 9.9973E-05 9.9973E-05 0.0297096 9.9973E-05
0.903214 9.9973E-05 0.0964862 9.9973E-05 9.9973E-05
0.960014 9.9973E-05 0.039686 9.9973E-05 9.9973E-05
0.9996 9.997E-05 9.997E-05 9.997E-05 9.997E-05
0.965356 0.0343436 9.9973E-05 9.9973E-05 9.9973E-05
0.990252 0.00944798 9.99731E-05 9.99731E-05 9.99731E-05
