9.9991E-05 0.817529 0.182371
9.999E-05 0.9325 0.0674004
9.999E-05 0.9998 9.999E-05
0.0849887 0.650649 0.264362
0.105508 0.705798 0.188694
9.9991E-05 0.83595 0.16395
9.999E-05 0.9998 9.999E-05
9.999E-05 0.9998 9.999E-05
9.999E-05 0.9998 9.999E-05
0.00782083 0.853586 0.138593
0.11669 0.88321 9.9991E-05
0.164573 0.835327 9.9991E-05
0.184996 0.814904 9.9991E-05
0.427908 0.571992 9.9991E-05
0.438626 0.555064 0.0063103
0.49514 0.444368 0.0604912
0.441186 0.558714 9.9991E-05
0.454488 0.545412 9.9991E-05
0.38095 0.61895 9.9991E-05
0.318279 0.681621 9.9991E-05
0.309335 0.690565 9.9991E-05
0.285972 0.713928 9.9991E-05
0.449972 0.549928 9.9991E-05
0.93768 0.0622197 9.9991E-05
0.925736 0.0741643 9.9991E-05
0.921751 0.0781487 9.9991E-05
0.877165 0.122735 9.9991E-05
0.898479 0.101421 9.9991E-05
0.95281 0.0470899 9.9991E-05
0.995141 0.00475923 9.9991E-05
0.973595 0.0263047 9.9991E-05
0.9998 9.999E-05 9.999E-05
0.933516 0.0663841 9.9991E-05
0.937359 0.0625407 9.9991E-05
0.699749 0.168633 0.131618
0.749107 0.116548 0.134344
0.787397 0.167808 0.0447952
0.774266 0.0263339 0.1994
0.770806 0.00282184 0.226372
0.818044 9.9991E-05 0.181856
0.809061 9.9991E-05 0.190839
0.830969 9.9991E-05 0.168931
0.839235 9.9991E-05 0.160665
0.810772 0.0240115 0.165217
0.801574 9.9991E-05 0.198326
0.843703 9.9991E-05 0.156197
0.807654 0.0707406 0.121605
0.884194 9.9991E-05 0.115706
0.88359 9.9991E-05 0.11631
0.734298 9.9991E-05 0.265602
0.572021 0.117722 0.310257
0.826173 9.9991E-05 0.173727
0.750262 9.9991E-05 0.249638
0.671242 0.0614758 0.267282
0.694679 0.0228829 0.282438
0.651221 0.0393808 0.309398
0.77775 9.9991E-05 0.22215
0.796701 9.9991E-05 0.203199
0.743396 9.9991E-05 0.256504
0.708199 0.0316065 0.260194
0.748946 9.9991E-05 0.250954
0.819178 9.9991E-05 0.180722
0.769587 9.9991E-05 0.230313
0.703076 0.00954344 0.287381
0.790712 9.9991E-05 0.209188
0.717136 9.9991E-05 0.282764
0.767908 9.9991E-05 0.231992
0.742758 9.9991E-05 0.257142
0.685114 9.9991E-05 0.314786
0.736784 9.9991E-05 0.263116
0.568399 9.9991E-05 0.431501
0.655301 9.9991E-05 0.344599
0.629751 9.9991E-05 0.370149
0.660155 9.9991E-05 0.339745
0.702871 9.9991E-05 0.297029
0.408803 9.9991E-05 0.591097
0.424277 9.9991E-05 0.575623
0.481883 9.9991E-05 0.518017
0.326646 0.0147852 0.658569
0.434479 9.9991E-05 0.565421
0.485575 9.9991E-05 0.514325
0.397622 9.9991E-05 0.602278
9.999E-05 9.999E-05 0.9998
0.0498641 9.9991E-05 0.950036
9.999E-05 9.999E-05 0.9998
9.999E-05 9.999E-05 0.9998
0.023385 9.9991E-05 0.976515
0.135252 0.00235515 0.862392
0.08517 9.9991E-05 0.91473
0.00300024 9.9991E-05 0.9969
0.0367125 9.9991E-05 0.963188
0.0138967 9.9991E-05 0.986003
9.999E-05 9.999E-05 0.9998
9.9991E-05 0.0330133 0.966887
9.9991E-05 0.00257765 0.997322
