0.0378775 0.0486801 0.0262702 0.173268 0.00859266 0.705312
0.247556 0.0146122 0.647266 0.0257957 0.0387684 0.0260026
0.156262 0.0382524 0.685021 0.0865431 9.9991E-05 0.0338224
0.20975 0.0438174 0.529987 0.0962509 0.0782323 0.0419629
0.109045 0.0309876 0.722973 0.0980712 0.0115462 0.0273763
9.99821E-05 0.485222 0.390469 9.99821E-05 0.0916629 0.0324466
9.9973E-05 0.0326739 9.9973E-05 9.9973E-05 0.885958 0.0810677
9.9982E-05 0.0558841 0.0418661 9.9982E-05 0.854805 0.0472448
9.9982E-05 0.101729 0.0298881 9.9982E-05 0.853016 0.0151667
9.9982E-05 0.630861 0.355836 9.9982E-05 0.00291713 0.0101859
9.996E-05 0.9995 9.996E-05 9.996E-05 9.996E-05 9.996E-05
9.996E-05 0.9995 9.996E-05 9.996E-05 9.996E-05 9.996E-05
9.99821E-05 0.475067 0.496263 9.99821E-05 0.0211414 0.00732898
9.996E-05 0.9995 9.996E-05 9.996E-05 9.996E-05 9.996E-05
9.99731E-05 0.912762 0.0411688 9.99731E-05 0.0457695 9.99731E-05
9.9982E-05 0.384605 0.568535 9.9982E-05 0.0421081 0.00455239
9.9982E-05 0.263974 0.541511 9.9982E-05 0.0632344 0.131081
0.0912109 0.182373 0.144694 0.136408 0.35469 0.0906241
9.9982E-05 0.265416 0.58256 9.9982E-05 0.0448363 0.106988
9.9982E-05 0.261736 0.542696 9.9982E-05 0.0832364 0.112131
0.00232701 0.173578 0.373952 0.150534 0.0755086 0.2241
9.9982E-05 0.256876 0.685604 9.9982E-05 0.0451887 0.0121315
9.9982E-05 0.225626 0.5573 9.9982E-05 0.097645 0.119228
9.9982E-05 0.304791 0.55636 9.9982E-05 0.0715682 0.0670803
0.0294622 0.970138 9.99641E-05 9.99641E-05 9.99641E-05 9.99641E-05
0.0389386 0.19227 0.461139 0.0389954 0.109246 0.159411
9.9973E-05 0.923978 0.00608825 0.0696342 9.9973E-05 9.9973E-05
9.9982E-05 0.874935 0.0866158 0.0175683 9.9982E-05 0.020681
9.996E-05 0.9995 9.996E-05 9.996E-05 9.996E-05 9.996E-05
9.9982E-05 0.30059 0.507015 9.9982E-05 0.0731753 0.11902
9.9982E-05 0.243482 0.545091 9.9982E-05 0.0644003 0.146826
0.0403869 0.959213 9.99641E-05 9.99641E-05 9.99641E-05 9.99641E-05
9.9982E-05 0.271932 0.532449 9.9982E-05 0.0625341 0.132885
9.99641E-05 0.987709 0.0118915 9.99641E-05 9.99641E-05 9.99641E-05
0.108161 0.603698 0.116349 0.0812388 0.0546194 0.0359347
0.075942 0.546102 0.0813007 0.156355 0.0587721 0.0815287
0.100285 0.7103 0.00973172 0.0827572 0.0604356 0.0364899
0.061367 0.819072 0.02983 0.0111997 0.0283168 0.050214
0.0716861 0.742111 9.9991E-05 0.108961 0.00500681 0.0721348
0.0464261 0.888794 9.9982E-05 0.0500695 9.9982E-05 0.0145104
9.9982E-05 0.95887 0.00225031 0.0264333 9.9982E-05 0.0122468
0.0395413 0.711573 0.0412843 0.107066 0.0431465 0.0573882
0.076032 0.609111 0.0740534 0.116716 0.0312453 0.0928424
9.99641E-05 0.992188 9.99641E-05 0.00741216 9.99641E-05 9.99641E-05
0.0787955 0.6572 0.0332554 0.0828373 0.0468944 0.101018
9.99641E-05 0.99115 9.99641E-05 9.99641E-05 9.99641E-05 0.00845022
0.0870942 0.898385 9.99731E-05 9.99731E-05 9.99731E-05 0.0142206
9.996E-05 9.996E-05 9.996E-05 9.996E-05 0.9995 9.996E-05
9.9982E-05 0.183817 0.572423 9.9982E-05 0.0774917 0.166068
9.99641E-05 0.971974 9.99641E-05 9.99641E-05 9.99641E-05 0.0276265
9.9982E-05 0.180285 0.631261 9.9982E-05 0.0823934 0.105861
0.0547865 0.0589391 0.0436104 0.0122226 0.823954 0.00648721
0.0702864 0.0672129 0.094327 0.132224 0.587987 0.0479624
9.99641E-05 0.0246123 9.99641E-05 9.99641E-05 0.974988 9.99641E-05
0.0117257 0.00782211 9.9973E-05 9.9973E-05 0.980152 9.9973E-05
0.0913937 0.723624 0.0821499 0.066984 0.0284992 0.00734895
0.0817143 0.0242349 0.134729 0.0298251 0.0420027 0.687494
0.0408763 0.00751212 0.162047 0.0032733 0.0284311 0.75786
0.0426952 0.0184326 0.0963681 0.0525093 0.018384 0.771611
9.99641E-05 9.99641E-05 0.124302 9.99641E-05 9.99641E-05 0.875298
9.99641E-05 9.99641E-05 0.0607979 9.99641E-05 9.99641E-05 0.938802
0.167992 0.0761845 0.160239 0.131953 0.0659633 0.397668
0.0144715 0.0479291 0.130282 0.00941222 0.0403939 0.757511
9.9982E-05 0.0107087 0.0634461 9.9982E-05 0.0149843 0.910661
9.9991E-05 0.0170318 0.0882551 0.00381455 0.0516051 0.839194
0.0209734 0.0206433 0.067167 9.9991E-05 0.0679297 0.823187
9.9982E-05 0.051115 0.0800535 9.9982E-05 0.0598372 0.808794
9.9991E-05 0.1347 0.675569 0.0439269 0.0174439 0.128261
9.9982E-05 0.116515 0.777453 0.0763297 0.0295021 9.9982E-05
9.99731E-05 0.0544926 0.93648 9.99731E-05 0.00872738 9.99731E-05
0.0200888 0.127462 0.760383 0.019374 0.0583641 0.0143284
0.0595804 0.0995123 0.554247 0.187438 0.0583287 0.0408939
0.0044934 0.0881737 0.73703 0.0880879 0.0452892 0.0369263
0.123303 0.0517761 0.587966 0.0569996 0.0205478 0.159408
0.0827992 0.12262 0.489614 0.148918 0.0485908 0.107457
9.9973E-05 0.111462 0.854131 9.9973E-05 0.0341069 9.9973E-05
9.9982E-05 0.102632 0.880222 0.010173 9.9982E-05 0.00677314
9.99731E-05 0.0735267 0.875924 9.99731E-05 0.050249 9.99731E-05
9.9982E-05 0.151369 0.646948 9.9982E-05 0.0690906 0.132392
9.9982E-05 0.16623 0.679236 9.9982E-05 0.0335451 0.120789
9.996E-05 9.996E-05 9.996E-05 9.996E-05 9.996E-05 0.9995
9.99641E-05 9.99641E-05 0.019422 9.99641E-05 9.99641E-05 0.980178
9.99731E-05 0.00227597 9.99731E-05 9.99731E-05 0.0108222 0.986602
0.0364458 9.99731E-05 0.0133888 9.99731E-05 9.99731E-05 0.949866
9.9982E-05 9.9982E-05 0.0369322 0.00102976 0.0214254 0.940413
0.00280926 9.9991E-05 0.00404848 0.0163882 0.0225236 0.95413
9.996E-05 9.996E-05 9.996E-05 9.996E-05 9.996E-05 0.9995
9.996E-05 9.996E-05 9.996E-05 9.996E-05 9.996E-05 0.9995
9.99641E-05 0.00653102 9.99641E-05 9.99641E-05 9.99641E-05 0.993069
9.996E-05 9.996E-05 9.996E-05 9.996E-05 9.996E-05 0.9995
9.99641E-05 9.99641E-05 9.99641E-05 9.99641E-05 0.00491402 0.994686
9.996E-05 9.996E-05 9.996E-05 9.996E-05 9.996E-05 0.9995
9.996E-05 9.996E-05 9.996E-05 9.996E-05 9.996E-05 0.9995
9.996E-05 9.996E-05 9.996E-05 9.996E-05 9.996E-05 0.9995
9.996E-05 9.996E-05 9.996E-05 9.996E-05 0.9995 9.996E-05
9.996E-05 9.996E-05 9.996E-05 9.996E-05 0.9995 9.996E-05
9.996E-05 9.996E-05 9.996E-05 9.996E-05 0.9995 9.996E-05
9.996E-05 9.996E-05 9.996E-05 9.996E-05 0.9995 9.996E-05
9.996E-05 9.996E-05 9.996E-05 9.996E-05 0.9995 9.996E-05
0.232974 9.9973E-05 0.673377 0.0933489 9.9973E-05 9.9973E-05
0.179037 0.000957984 0.78898 9.9982E-05 9.9982E-05 0.0308251
0.200157 9.99731E-05 0.788575 0.0109675 9.99731E-05 9.99731E-05
0.146745 9.99731E-05 0.846884 9.99731E-05 0.0060712 9.99731E-05
0.171539 9.9982E-05 0.806615 0.0104527 9.9982E-05 0.0111932
0.166642 9.99731E-05 0.831703 9.99731E-05 9.99731E-05 0.00135431
0.0882973 0.00660868 0.833255 0.0421201 9.9991E-05 0.0296187
0.159257 9.99641E-05 0.840343 9.99641E-05 9.99641E-05 9.99641E-05
9.99641E-05 9.99641E-05 9.99641E-05 0.301173 0.698427 9.99641E-05
9.99641E-05 9.99641E-05 9.99641E-05 0.368324 0.631277 9.99641E-05
0.0718401 0.0696364 9.9982E-05 0.243468 9.9982E-05 0.614855
0.183858 0.12186 9.9982E-05 0.254389 9.9982E-05 0.439694
0.170865 0.0401336 9.9982E-05 0.204791 9.9982E-05 0.584011
0.202473 9.99731E-05 0.776334 0.020893 9.99731E-05 9.99731E-05
0.193438 9.99731E-05 0.791293 9.99731E-05 9.99731E-05 0.0149685
0.252908 9.99821E-05 0.720173 0.011623 9.99821E-05 0.0150957
0.273117 9.9964E-05 0.726483 9.9964E-05 9.9964E-05 9.9964E-05
0.204896 9.99731E-05 0.781103 0.0137007 9.99731E-05 9.99731E-05
0.316697 9.9982E-05 0.663965 0.00578218 0.0133562 9.9982E-05
0.251832 9.9982E-05 0.731401 0.013833 0.00273364 9.9982E-05
0.216764 9.99731E-05 0.776468 9.99731E-05 9.99731E-05 0.0064677
0.193097 9.99731E-05 0.752084 0.054519 9.99731E-05 9.99731E-05
0.334774 9.99641E-05 0.664826 9.99641E-05 9.99641E-05 9.99641E-05
0.196204 9.9973E-05 0.726134 0.0773622 9.9973E-05 9.9973E-05
0.220646 9.99731E-05 0.739952 0.0391022 9.99731E-05 9.99731E-05
0.0924047 0.0205311 0.639628 0.183647 9.9991E-05 0.0636891
0.204148 9.9991E-05 0.586265 0.097595 0.0328366 0.0790553
0.128632 0.0371985 0.6256 0.172692 0.00448058 0.0313977
0.169784 9.9991E-05 0.625359 0.125067 0.0323967 0.0472934
0.192091 9.9982E-05 0.645673 0.146899 9.9982E-05 0.0151368
0.258125 9.9973E-05 0.605955 0.135619 9.9973E-05 9.9973E-05
0.285582 9.9982E-05 0.592789 0.0956793 0.0257501 9.9982E-05
0.178561 9.9973E-05 0.775824 0.0453158 9.9973E-05 9.9973E-05
0.111083 9.9973E-05 0.86699 0.0216273 9.9973E-05 9.9973E-05
0.137732 9.9982E-05 0.833804 0.0194382 0.00882554 9.9982E-05
0.195146 9.9982E-05 0.77261 0.0135512 9.9982E-05 0.0184924
0.265551 9.9973E-05 0.702354 0.0317953 9.9973E-05 9.9973E-05
0.15623 9.99641E-05 0.84337 9.99641E-05 9.99641E-05 9.99641E-05
0.310501 9.99731E-05 0.636725 0.0524739 9.99731E-05 9.99731E-05
0.147719 9.9991E-05 0.623359 0.205218 0.00574838 0.0178562
0.122819 9.9991E-05 0.635262 0.134833 0.0322553 0.0747298
0.1779 0.0568178 0.574772 0.140651 0.00588135 0.0439784
0.111086 0.0146828 0.59341 0.222743 0.0228893 0.0351888
0.0982535 9.9991E-05 0.609367 0.203381 0.0207832 0.0681161
0.296355 9.99731E-05 0.692921 0.0104239 9.99731E-05 9.99731E-05
0.303228 9.9973E-05 0.661255 0.0352163 9.9973E-05 9.9973E-05
0.782073 9.99731E-05 0.163089 9.99731E-05 0.0545385 9.99731E-05
0.77075 0.00419375 0.135754 0.0460318 0.00838081 0.0348895
0.705623 9.99731E-05 0.292713 9.99731E-05 0.00136383 9.99731E-05
0.583042 0.0250478 0.233741 0.0791958 0.014056 0.0649167
0.888814 9.9982E-05 0.0814668 9.9982E-05 0.00993296 0.0195862
0.41827 0.0714398 0.253286 0.180625 0.0440611 0.0323184
0.754729 0.0169359 0.228035 9.99731E-05 9.99731E-05 9.99731E-05
0.839461 0.00441344 0.107496 0.00668152 0.000854132 0.0410934
0.421248 0.0673803 0.208598 0.185544 0.0606945 0.0565351
0.438959 0.0259304 0.229927 0.191015 0.0494106 0.0647574
0.891706 9.99641E-05 0.107894 9.99641E-05 9.99641E-05 9.99641E-05
0.188111 9.99641E-05 0.811489 9.99641E-05 9.99641E-05 9.99641E-05
0.47551 9.99731E-05 0.333106 9.99731E-05 0.191084 9.99731E-05
0.347738 9.9973E-05 0.558523 0.0934394 9.9973E-05 9.9973E-05
0.334447 0.0385457 0.492948 0.13386 9.9982E-05 9.9982E-05
0.465333 9.9982E-05 0.482573 0.0191245 0.0327693 9.9982E-05
0.509603 9.99731E-05 0.399682 0.0904145 9.99731E-05 9.99731E-05
0.694211 9.9982E-05 0.176636 0.110466 0.0184879 9.9982E-05
0.426106 9.99641E-05 0.573494 9.99641E-05 9.99641E-05 9.99641E-05
0.558285 9.9991E-05 0.311211 0.09046 0.000719963 0.0392242
0.80538 0.0357418 0.0670765 0.088242 9.9991E-05 0.00346016
0.834226 0.00617174 9.9982E-05 0.14443 9.9982E-05 0.014973
0.987291 9.99731E-05 9.99731E-05 9.99731E-05 0.00775583 0.00465279
0.967717 9.99731E-05 9.99731E-05 9.99731E-05 0.00776858 0.0242147
0.877279 0.0285187 0.0327438 0.0441923 0.0171663 9.9991E-05
0.935907 0.004534 0.0592587 9.99731E-05 9.99731E-05 9.99731E-05
0.84243 0.0110135 0.0489549 0.0549237 0.0399412 0.00273618
0.980552 0.0184062 9.9973E-05 0.000742134 9.9973E-05 9.9973E-05
0.991477 9.99641E-05 0.00812296 9.99641E-05 9.99641E-05 9.99641E-05
0.962727 0.00817529 9.99731E-05 9.99731E-05 0.0287979 9.99731E-05
0.9995 9.996E-05 9.996E-05 9.996E-05 9.996E-05 9.996E-05
0.929935 9.99731E-05 9.99731E-05 0.0476212 0.0221435 9.99731E-05
0.91646 0.00552654 0.0777132 9.9973E-05 9.9973E-05 9.9973E-05
0.990823 0.00581813 9.99731E-05 9.99731E-05 0.00305863 9.99731E-05
0.824772 0.00284218 0.156632 0.0155538 9.9982E-05 9.9982E-05
0.946854 9.99641E-05 0.0527466 9.99641E-05 9.99641E-05 9.99641E-05
0.984485 9.9982E-05 9.9982E-05 0.00124733 0.00512418 0.00894319
0.874143 9.9982E-05 0.0541906 0.0104596 9.9982E-05 0.0610064
0.941926 0.00170019 9.9991E-05 0.0389813 0.00264806 0.014645
0.962042 9.99731E-05 9.99731E-05 0.0153176 0.0223403 9.99731E-05
0.796358 9.99731E-05 0.0973703 0.105972 9.99731E-05 9.99731E-05
0.925219 9.99731E-05 0.0360314 9.99731E-05 9.99731E-05 0.0384499
0.954518 9.99641E-05 9.99641E-05 9.99641E-05 9.99641E-05 0.0450821
0.9072 9.9991E-05 0.00223996 0.0677239 0.00225159 0.0204851
0.641263 0.016296 9.9982E-05 0.27117 9.9982E-05 0.0710716
0.833284 0.040334 0.00141557 0.102913 0.021954 9.9991E-05
0.935859 0.0204882 9.9991E-05 0.0298264 0.00704309 0.0066836
0.833272 0.0217916 9.9982E-05 0.0692427 9.9982E-05 0.075494
0.835207 0.00807058 9.9991E-05 0.112948 0.00199384 0.0416798
0.756754 0.0473214 0.0549463 0.119098 0.0217799 9.9991E-05
0.86344 0.0227023 9.9982E-05 0.0870441 0.0266139 9.9982E-05
0.930487 9.9982E-05 9.9982E-05 0.0669461 0.00113688 0.00122987
0.845581 0.0203026 0.000240212 0.117807 0.0071494 0.00891934
0.699452 0.00930738 0.131836 0.130235 0.00292198 0.0262473
0.40359 9.9991E-05 0.285278 0.140482 0.0816771 0.0888734
0.0804024 0.0478768 0.158715 0.635693 0.0198062 0.0575061
0.0599226 0.0640259 0.124868 0.69377 0.0443739 0.0130395
0.0432194 0.0848452 0.08689 0.637796 0.0587727 0.0884764
0.0645187 0.0726722 0.110268 0.652736 0.0270989 0.0727065
9.9982E-05 0.00787775 0.0248365 0.947781 9.9982E-05 0.0193047
9.9973E-05 0.020873 9.9973E-05 0.894645 0.0841818 9.9973E-05
9.9991E-05 0.0488815 0.0902105 0.782553 0.0220221 0.0562331
0.0881875 9.99731E-05 9.99731E-05 0.880999 9.99731E-05 0.0305136
0.0538127 0.0095178 9.9991E-05 0.879916 0.0273658 0.0292877
0.0186191 9.9973E-05 9.9973E-05 0.919111 9.9973E-05 0.0619699
0.0413821 0.00232135 0.0366382 0.897218 9.9991E-05 0.02234
0.088041 9.99641E-05 9.99641E-05 0.911559 9.99641E-05 9.99641E-05
0.0444949 0.0469033 9.99821E-05 0.903517 0.00488507 9.99821E-05
0.0649274 0.00235976 0.00248722 0.930026 9.9982E-05 9.9982E-05
0.0109792 0.00901191 0.056434 0.838561 0.0376181 0.0473963
9.99641E-05 0.0163331 9.99641E-05 0.983267 9.99641E-05 9.99641E-05
0.0245887 9.99731E-05 0.00710854 0.968003 9.99731E-05 9.99731E-05
0.0701779 9.99731E-05 9.99731E-05 0.919593 0.00992878 9.99731E-05
9.9982E-05 9.9982E-05 0.0843371 0.88143 0.0201796 0.0138532
0.0162947 0.00039879 0.0705273 0.860157 0.0525218 9.9991E-05
9.9982E-05 0.0101797 9.9982E-05 0.941125 0.0440253 0.00447044
9.996E-05 9.996E-05 9.996E-05 0.9995 9.996E-05 9.996E-05
9.99641E-05 9.99641E-05 0.0168282 0.982772 9.99641E-05 9.99641E-05
9.9991E-05 0.0129423 0.00524995 0.963626 0.0132999 0.004782
9.99641E-05 9.99641E-05 9.99641E-05 0.987646 0.0119542 9.99641E-05
9.996E-05 9.996E-05 9.996E-05 0.9995 9.996E-05 9.996E-05
0.0646539 9.9991E-05 0.110943 0.758497 0.025919 0.0398874
0.0302949 9.99641E-05 9.99641E-05 0.969305 9.99641E-05 9.99641E-05
0.0308994 9.9982E-05 0.0404208 0.925967 0.00251328 9.9982E-05
9.996E-05 9.996E-05 9.996E-05 0.9995 9.996E-05 9.996E-05
0.0458258 9.99731E-05 9.99731E-05 0.943582 9.99731E-05 0.0102925
9.996E-05 9.996E-05 9.996E-05 0.9995 9.996E-05 9.996E-05
9.99641E-05 9.99641E-05 9.99641E-05 0.994437 0.00516308 9.99641E-05
0.0101498 9.99731E-05 9.99731E-05 0.986816 9.99731E-05 0.00273422
9.996E-05 9.996E-05 9.996E-05 0.9995 9.996E-05 9.996E-05
9.996E-05 9.996E-05 9.996E-05 0.9995 9.996E-05 9.996E-05
0.0595365 9.99731E-05 9.99731E-05 0.929752 9.99731E-05 0.010412
0.107024 9.99731E-05 9.99731E-05 0.860192 0.0324843 9.99731E-05
0.0120219 9.99731E-05 9.99731E-05 0.925674 9.99731E-05 0.0620038
0.0898528 9.99731E-05 9.99731E-05 0.846339 0.0635081 9.99731E-05
9.996E-05 9.996E-05 9.996E-05 0.9995 9.996E-05 9.996E-05
9.996E-05 9.996E-05 9.996E-05 0.9995 9.996E-05 9.996E-05
9.996E-05 9.996E-05 9.996E-05 0.9995 9.996E-05 9.996E-05
9.996E-05 9.996E-05 9.996E-05 0.9995 9.996E-05 9.996E-05
9.99641E-05 9.99641E-05 9.99641E-05 0.995944 0.00365618 9.99641E-05
9.996E-05 9.996E-05 9.996E-05 0.9995 9.996E-05 9.996E-05
9.9973E-05 9.9973E-05 0.0116974 0.957445 9.9973E-05 0.0305575
9.9982E-05 9.9982E-05 0.00434754 0.952971 0.0229781 0.0195038
9.9982E-05 9.9982E-05 0.0354886 0.936989 0.0149321 0.0123899
9.9991E-05 0.0529976 0.143711 0.734367 0.034595 0.0342293
0.0229364 0.010413 0.0784569 0.875262 0.0112873 0.00164396
0.0797919 0.0544544 9.9991E-05 0.809118 0.00618782 0.0503481
9.9982E-05 9.9982E-05 0.094676 0.749187 0.0497698 0.106167
9.9991E-05 0.0469115 0.149302 0.760646 0.0136488 0.029391
9.9991E-05 0.0302524 0.0696892 0.870611 0.0266282 0.0027192
0.044908 0.0410864 9.9991E-05 0.76832 0.0607152 0.0848709
9.9991E-05 0.0524647 0.147258 0.701312 0.0250762 0.0737895
0.0537229 0.0174533 0.0756997 0.84456 0.00846415 9.9991E-05
0.0374257 0.0452654 0.0937218 0.76177 0.0447247 0.0170919
0.00276467 0.0385179 0.00646532 0.898635 0.0250352 0.0285816
0.0593179 0.0190373 0.0177197 0.786478 0.0335279 0.083919
0.0234989 0.0130022 0.105802 0.773832 0.0222811 0.0615837
0.0469331 9.9982E-05 0.0292576 0.908249 0.0153606 9.9982E-05
0.0299783 0.0666753 0.0588882 0.796345 9.9991E-05 0.0480137
0.0162142 9.9982E-05 0.0961695 0.88042 0.00699666 9.9982E-05
9.99731E-05 9.99731E-05 0.0806932 0.907746 9.99731E-05 0.0112611
9.99731E-05 9.99731E-05 0.0470092 0.821941 0.13075 9.99731E-05
0.00769332 9.9982E-05 9.9982E-05 0.823648 0.115449 0.0530098
0.00737874 9.9991E-05 0.0265362 0.846509 0.102794 0.016682
0.0225987 0.0306055 0.204273 0.552092 0.0797692 0.110662
9.9991E-05 0.012229 0.135989 0.645261 0.0742652 0.132155
