0.747964 0.0431186 0.0597926 0.095699 0.0533262 9.9991E-05
0.969647 9.99641E-05 9.99641E-05 0.0299531 9.99641E-05 9.99641E-05
0.9995 9.996E-05 9.996E-05 9.996E-05 9.996E-05 9.996E-05
0.611091 0.0674281 0.0452201 0.203195 0.05742 0.0156456
0.648344 0.0381352 0.071187 0.102616 0.130606 0.00911181
0.837873 9.9991E-05 0.0550747 0.0625336 0.0269258 0.0174925
0.9995 9.996E-05 9.996E-05 9.996E-05 9.996E-05 9.996E-05
0.9995 9.996E-05 9.996E-05 9.996E-05 9.996E-05 9.996E-05
0.9995 9.996E-05 9.996E-05 9.996E-05 9.996E-05 9.996E-05
0.778304 0.0479847 9.9982E-05 9.9982E-05 0.124024 0.0494865
0.591764 0.303474 0.0279055 9.9982E-05 0.0766563 9.9982E-05
0.522915 0.337214 0.0827487 9.9982E-05 0.0569219 9.9982E-05
0.460772 0.386964 0.148666 9.9982E-05 0.00339822 9.9982E-05
0.162545 0.557312 0.218592 9.9991E-05 0.0474806 0.0139699
0.192078 0.458998 0.0875221 9.9991E-05 0.200263 0.061038
0.182392 0.320949 0.243795 9.9991E-05 0.214424 0.0383404
0.232472 0.398838 0.228647 9.9982E-05 0.139843 9.9982E-05
0.135722 0.501354 0.362624 9.9973E-05 9.9973E-05 9.9973E-05
0.208567 0.5286 0.251694 9.9982E-05 9.9982E-05 0.0109387
9.996E-05 0.9995 9.996E-05 9.996E-05 9.996E-05 9.996E-05
9.996E-05 0.9995 9.996E-05 9.996E-05 9.996E-05 9.996E-05
9.996E-05 0.9995 9.996E-05 9.996E-05 9.996E-05 9.996E-05
0.107159 0.580527 0.256055 9.9991E-05 0.0367499 0.0194089
9.9982E-05 0.0256418 0.636514 0.0486301 0.289014 9.9982E-05
0.0422197 9.9991E-05 0.820152 0.0253023 0.107679 0.00454741
9.9982E-05 0.0434207 0.818562 0.0866222 0.0511954 9.9982E-05
0.0107892 0.0201093 0.893583 9.9991E-05 0.0680148 0.00740406
9.9973E-05 0.0480248 0.800179 9.9973E-05 0.151496 9.9973E-05
9.996E-05 9.996E-05 0.9995 9.996E-05 9.996E-05 9.996E-05
9.996E-05 9.996E-05 0.9995 9.996E-05 9.996E-05 9.996E-05
9.996E-05 9.996E-05 0.9995 9.996E-05 9.996E-05 9.996E-05
9.99641E-05 9.99641E-05 0.9787 9.99641E-05 0.0208998 9.99641E-05
9.99641E-05 9.99641E-05 0.997423 9.99641E-05 9.99641E-05 0.00217685
9.9973E-05 0.0101798 0.921678 9.9973E-05 0.0678422 9.9973E-05
0.060568 0.0329406 0.451117 0.0621743 0.377809 0.0153919
0.0799619 0.021398 0.313945 9.9991E-05 0.524013 0.060582
0.112522 9.9982E-05 0.65421 9.9982E-05 0.183938 0.0491302
9.9982E-05 0.0619075 0.0463434 0.0834544 0.808095 9.9982E-05
9.9982E-05 0.0680012 0.206057 0.125351 0.600391 9.9982E-05
9.99731E-05 0.0332107 0.0834173 9.99731E-05 0.883072 9.99731E-05
9.9982E-05 0.0464448 0.155759 0.00622352 0.791373 9.9982E-05
9.9982E-05 0.0352222 0.114774 9.9982E-05 0.83219 0.0176139
0.00104519 9.99731E-05 0.0280267 9.99731E-05 0.970628 9.99731E-05
9.9991E-05 0.0579347 0.206397 0.00776267 0.702822 0.0249836
0.0193064 9.9982E-05 0.162227 0.0328987 0.785368 9.9982E-05
0.0131831 9.99731E-05 0.0136075 9.99731E-05 0.97291 9.99731E-05
0.0753379 9.99731E-05 0.226366 9.99731E-05 0.697996 9.99731E-05
9.9982E-05 0.0386355 0.170175 9.9982E-05 0.766126 0.0248638
9.99641E-05 9.99641E-05 0.0976478 9.99641E-05 0.901952 9.99641E-05
9.99731E-05 9.99731E-05 0.04891 9.99731E-05 0.944341 0.00644898
0.0826968 0.0230674 0.256384 0.17714 0.441255 0.0194575
0.021032 9.9973E-05 0.0821034 9.9973E-05 0.896565 9.9973E-05
9.9982E-05 0.0226452 0.0404285 0.108875 0.827851 9.9982E-05
0.0721808 0.0336142 0.139912 0.106077 0.597165 0.0510506
0.04313 0.00462073 9.9982E-05 0.0922834 0.859766 9.9982E-05
0.0352738 9.9991E-05 0.0272192 0.0289422 0.837124 0.0713403
0.0773957 9.9973E-05 9.9973E-05 9.9973E-05 0.903311 0.018993
9.9982E-05 0.0247272 0.0315413 9.9982E-05 0.92771 0.0158217
9.9991E-05 0.0426994 0.111831 0.0628118 0.771038 0.0115202
0.0317291 0.0558756 9.99873E-05 0.0613879 0.850807 9.99873E-05
9.99641E-05 9.99641E-05 9.99641E-05 9.99641E-05 0.982304 0.0172964
9.99641E-05 9.99641E-05 0.121976 9.99641E-05 0.877624 9.99641E-05
9.99641E-05 9.99641E-05 9.99641E-05 0.00467412 0.994926 9.99641E-05
0.0156144 0.0268755 0.0878184 0.0357205 0.810322 0.0236494
9.9982E-05 0.00323081 0.0684909 0.026157 0.901921 9.9982E-05
9.9982E-05 0.00252144 0.0468024 9.9982E-05 0.898821 0.0516551
0.0006399 9.9982E-05 0.0306599 0.0193566 0.949144 9.9982E-05
9.99641E-05 9.99641E-05 9.99641E-05 9.99641E-05 0.944128 0.055472
0.0101701 9.9982E-05 9.9982E-05 0.0555633 0.915985 0.0180816
9.9973E-05 0.00802219 9.9973E-05 9.9973E-05 0.898746 0.0929319
9.99641E-05 9.99641E-05 9.99641E-05 0.191777 0.807823 9.99641E-05
9.99641E-05 9.99641E-05 9.99641E-05 0.179264 0.820336 9.99641E-05
9.99731E-05 9.99731E-05 9.99731E-05 0.0273479 0.927396 0.0449558
9.99641E-05 9.99641E-05 9.99641E-05 0.142321 0.857279 9.99641E-05
0.00470131 0.0683625 9.9991E-05 0.125842 0.798633 0.00236078
0.0417693 9.9973E-05 9.9973E-05 0.441058 0.516873 9.9973E-05
9.99731E-05 9.99731E-05 9.99731E-05 0.441687 0.548587 0.00942556
9.99731E-05 9.99731E-05 9.99731E-05 0.285644 0.679481 0.0345747
0.0101869 0.018225 0.112068 0.760446 0.0989747 9.9991E-05
9.99731E-05 9.99731E-05 9.99731E-05 0.31873 0.675715 0.00525512
0.0177992 0.0036881 9.9982E-05 0.468801 0.509511 9.9982E-05
0.0126676 9.99731E-05 9.99731E-05 0.495895 0.491137 9.99731E-05
9.996E-05 9.996E-05 9.996E-05 0.9995 9.996E-05 9.996E-05
9.99641E-05 9.99641E-05 9.99641E-05 0.980645 9.99641E-05 0.018955
9.996E-05 9.996E-05 9.996E-05 0.9995 9.996E-05 9.996E-05
9.99641E-05 9.99641E-05 9.99641E-05 0.963791 9.99641E-05 0.0358096
9.99641E-05 9.99641E-05 9.99641E-05 0.98689 9.99641E-05 0.0127098
9.9982E-05 0.0258371 0.0506383 0.864041 9.9982E-05 0.0592841
9.9973E-05 9.9973E-05 0.0163792 0.962182 9.9973E-05 0.0211389
9.99641E-05 9.99641E-05 9.99641E-05 0.957473 9.99641E-05 0.0421274
9.996E-05 9.996E-05 9.996E-05 0.9995 9.996E-05 9.996E-05
9.99641E-05 9.99641E-05 9.99641E-05 0.950118 9.99641E-05 0.0494826
9.996E-05 9.996E-05 9.996E-05 9.996E-05 9.996E-05 0.9995
9.9973E-05 9.9973E-05 0.00434059 9.9973E-05 0.0220197 0.97334
9.996E-05 9.996E-05 9.996E-05 9.996E-05 9.996E-05 0.9995
