9.99461E-05 0.960203 9.99461E-05 9.99461E-05 0.0241947 9.99461E-05 9.99461E-05 9.99461E-05 0.00146944 0.0135329
9.99281E-05 0.991312 9.99281E-05 0.00788885 9.99281E-05 9.99281E-05 9.99281E-05 9.99281E-05 9.99281E-05 9.99281E-05
9.99281E-05 0.810322 9.99281E-05 0.188879 9.99281E-05 9.99281E-05 9.99281E-05 9.99281E-05 9.99281E-05 9.99281E-05
0.0757598 0.808117 9.99461E-05 9.99461E-05 9.99461E-05 0.0823518 9.99461E-05 0.0331713 9.99461E-05 9.99461E-05
9.9946E-05 0.804145 9.9946E-05 9.9946E-05 0.160788 0.00813776 9.9946E-05 0.0263291 9.9946E-05 9.9946E-05
9.99201E-05 0.999101 9.99201E-05 9.99201E-05 9.99201E-05 9.99201E-05 9.99201E-05 9.99201E-05 9.99201E-05 9.99201E-05
9.99201E-05 9.99201E-05 9.99201E-05 0.999101 9.99201E-05 9.99201E-05 9.99201E-05 9.99201E-05 9.99201E-05 9.99201E-05
9.993E-05 0.110838 0.0788662 0.809597 9.993E-05 9.993E-05 9.993E-05 9.993E-05 9.993E-05 9.993E-05
9.99201E-05 9.99201E-05 9.99201E-05 0.999101 9.99201E-05 9.99201E-05 9.99201E-05 9.99201E-05 9.99201E-05 9.99201E-05
9.9973E-05 0.230845 0.127678 0.495244 0.0290332 0.0644032 9.9973E-05 0.0340191 0.0184769 9.9973E-05
9.99281E-05 9.99281E-05 0.885668 0.113533 9.99281E-05 9.99281E-05 9.99281E-05 9.99281E-05 9.99281E-05 9.99281E-05
9.99371E-05 0.0140927 0.956965 0.028243 9.99371E-05 9.99371E-05 9.99371E-05 9.99371E-05 9.99371E-05 9.99371E-05
9.99281E-05 0.00425167 0.994949 9.99281E-05 9.99281E-05 9.99281E-05 9.99281E-05 9.99281E-05 9.99281E-05 9.99281E-05
9.99461E-05 9.99461E-05 0.872559 9.99461E-05 9.99461E-05 9.99461E-05 9.99461E-05 0.00949174 0.028387 0.0889625
0.0040683 9.9964E-05 0.755804 0.00495237 0.198331 9.9964E-05 9.9964E-05 0.0177898 9.9964E-05 0.0186544
9.998E-05 0.0170584 0.620223 0.00697403 0.0869336 0.0680739 0.0776686 0.0964229 9.998E-05 0.0264451
9.9955E-05 9.9955E-05 0.829322 9.9955E-05 0.132319 9.9955E-05 0.0155063 9.9955E-05 0.0122982 0.0100538
9.99461E-05 9.99461E-05 0.773323 9.99461E-05 9.99461E-05 9.99461E-05 0.102665 9.99461E-05 0.0370009 0.0864115
9.9955E-05 9.9955E-05 0.827681 0.00355961 9.9955E-05 9.9955E-05 0.0539597 9.9955E-05 0.0285967 0.0857036
9.99201E-05 9.99201E-05 9.99201E-05 9.99201E-05 9.99201E-05 9.99201E-05 9.99201E-05 9.99201E-05 9.99201E-05 0.999101
9.99201E-05 9.99201E-05 9.99201E-05 9.99201E-05 9.99201E-05 9.99201E-05 9.99201E-05 9.99201E-05 9.99201E-05 0.999101
0.00595682 9.99461E-05 9.99461E-05 0.0112276 9.99461E-05 9.99461E-05 0.0144056 9.99461E-05 9.99461E-05 0.96781
9.9964E-05 9.9964E-05 0.729108 9.9964E-05 0.069843 9.9964E-05 0.0127181 0.00814872 0.0414804 0.138302
9.994E-05 9.994E-05 0.019123 9.994E-05 0.21622 9.994E-05 0.7546 0.00945686 9.994E-05 9.994E-05
9.99371E-05 0.0249451 9.99371E-05 9.99371E-05 9.99371E-05 9.99371E-05 0.946418 0.0279372 9.99371E-05 9.99371E-05
0.043039 9.99551E-05 0.0437316 9.99551E-05 9.99551E-05 0.0345418 0.822814 9.99551E-05 0.0553735 9.99551E-05
9.99461E-05 0.0500944 0.0249924 9.99461E-05 0.0613301 9.99461E-05 0.862983 9.99461E-05 9.99461E-05 9.99461E-05
9.9955E-05 9.9955E-05 0.0426507 9.9955E-05 9.9955E-05 0.126421 0.77358 9.9955E-05 0.0530692 0.00377936
9.99201E-05 9.99201E-05 9.99201E-05 9.99201E-05 9.99201E-05 9.99201E-05 9.99201E-05 9.99201E-05 0.999101 9.99201E-05
9.99201E-05 9.99201E-05 9.99201E-05 9.99201E-05 9.99201E-05 9.99201E-05 9.99201E-05 9.99201E-05 0.999101 9.99201E-05
9.99371E-05 9.99371E-05 9.99371E-05 9.99371E-05 9.99371E-05 9.99371E-05 0.902821 0.000558078 0.0959218 9.99371E-05
9.99201E-05 9.99201E-05 9.99201E-05 9.99201E-05 9.99201E-05 9.99201E-05 0.999101 9.99201E-05 9.99201E-05 9.99201E-05
9.99282E-05 9.99282E-05 9.99282E-05 9.99282E-05 9.99282E-05 9.99282E-05 0.98901 9.99282E-05 0.0101902 9.99282E-05
9.99201E-05 9.99201E-05 9.99201E-05 9.99201E-05 9.99201E-05 9.99201E-05 0.999101 9.99201E-05 9.99201E-05 9.99201E-05
0.145026 9.9964E-05 0.0879928 0.041557 9.9964E-05 0.00476058 0.618144 0.10212 9.9964E-05 9.9964E-05
0.259206 0.0693043 0.0709983 0.00269691 0.217769 0.0434956 0.265372 9.9982E-05 0.0709583 9.9982E-05
0.120524 0.0198285 9.9955E-05 0.0580959 9.9955E-05 9.9955E-05 0.751493 9.9955E-05 0.0495587 9.9955E-05
9.99641E-05 9.99641E-05 0.0072367 0.00510102 0.939701 0.0212633 9.99641E-05 0.0261104 9.99641E-05 0.000187616
9.9964E-05 9.9964E-05 0.00395743 9.9964E-05 0.834272 9.9964E-05 0.0312814 0.0946119 0.0233526 0.0121245
9.99201E-05 9.99201E-05 9.99201E-05 9.99201E-05 0.999101 9.99201E-05 9.99201E-05 9.99201E-05 9.99201E-05 9.99201E-05
9.99551E-05 9.99551E-05 0.00133651 9.99551E-05 0.647992 0.245383 9.99551E-05 9.99551E-05 0.0981219 0.00666647
9.99641E-05 9.99641E-05 9.99641E-05 0.0110921 0.604506 0.256605 0.113895 0.00255219 9.99641E-05 0.0109497
9.99201E-05 9.99201E-05 9.99201E-05 9.99201E-05 0.999101 9.99201E-05 9.99201E-05 9.99201E-05 9.99201E-05 9.99201E-05
9.99201E-05 9.99201E-05 9.99201E-05 9.99201E-05 0.999101 9.99201E-05 9.99201E-05 9.99201E-05 9.99201E-05 9.99201E-05
9.99371E-05 9.99371E-05 9.99371E-05 9.99371E-05 0.901146 9.99371E-05 0.0880756 0.0100784 9.99371E-05 9.99371E-05
9.99201E-05 9.99201E-05 9.99201E-05 9.99201E-05 0.999101 9.99201E-05 9.99201E-05 9.99201E-05 9.99201E-05 9.99201E-05
9.99641E-05 0.0525062 9.99641E-05 0.0418826 0.487972 0.267499 0.129596 9.99641E-05 0.0201439 9.99641E-05
9.99551E-05 9.99551E-05 0.0265821 9.99551E-05 0.467473 0.399392 0.104642 9.99551E-05 9.99551E-05 0.00141153
9.99461E-05 9.99461E-05 0.0117167 0.0137222 9.99461E-05 0.819081 0.154881 9.99461E-05 9.99461E-05 9.99461E-05
0.125524 9.99551E-05 9.99551E-05 9.99551E-05 9.99551E-05 0.71649 0.0743501 9.99551E-05 0.0360588 0.047077
0.153692 9.9982E-05 0.0268278 0.0547498 0.140177 0.259844 0.220383 0.0645625 9.9982E-05 0.0795632
9.99461E-05 0.0308983 9.99461E-05 9.99461E-05 0.275174 0.634586 0.0587428 9.99461E-05 9.99461E-05 9.99461E-05
0.0365286 9.9982E-05 0.000605325 0.00913561 0.278627 0.573219 9.9982E-05 0.0174568 0.0600013 0.0242259
9.997E-05 0.0299495 0.0166995 0.00368382 0.270786 0.437016 0.0968373 0.144728 9.997E-05 9.997E-05
0.496456 9.99551E-05 0.0510463 0.0037081 0.200521 0.247769 9.99551E-05 9.99551E-05 9.99551E-05 9.99551E-05
0.318844 9.996E-05 0.0619223 0.00719365 0.0907783 0.436895 0.0839675 9.996E-05 9.996E-05 9.996E-05
0.131244 9.99641E-05 9.99641E-05 0.0393275 0.615636 0.190975 9.99641E-05 0.0220789 0.000338538 9.99641E-05
9.99641E-05 9.99641E-05 9.99641E-05 0.00688222 9.99641E-05 0.872118 0.0444334 0.0243262 0.033706 0.0181341
0.108602 9.9964E-05 9.9964E-05 9.9964E-05 0.482264 0.188261 0.0796392 0.109341 9.9964E-05 0.0314935
0.136331 0.0397262 9.9973E-05 9.9973E-05 0.00798019 0.602614 0.135636 0.0352092 9.9973E-05 0.0422038
0.0647676 0.000313551 9.99461E-05 9.99461E-05 9.99461E-05 0.889898 9.99461E-05 9.99461E-05 0.044421 9.99461E-05
0.0491977 0.016054 9.99641E-05 9.99641E-05 0.113329 0.676944 0.133677 9.99641E-05 0.0103983 9.99641E-05
9.99201E-05 9.99201E-05 9.99201E-05 9.99201E-05 9.99201E-05 0.999101 9.99201E-05 9.99201E-05 9.99201E-05 9.99201E-05
9.9973E-05 9.9973E-05 0.0173979 0.00329096 0.0440493 0.660812 0.156465 0.111401 9.9973E-05 0.00628423
0.150451 9.9964E-05 9.9964E-05 9.9964E-05 0.243166 0.494982 0.0925408 9.9964E-05 0.00214497 0.0163158
9.99282E-05 9.99282E-05 9.99282E-05 9.99282E-05 9.99282E-05 0.961008 9.99282E-05 9.99282E-05 0.0381925 9.99282E-05
9.99372E-05 0.00589362 9.99372E-05 9.99372E-05 9.99372E-05 0.986658 9.99372E-05 9.99372E-05 0.00674838 9.99372E-05
0.0286032 9.99282E-05 9.99282E-05 9.99282E-05 9.99282E-05 0.970597 9.99282E-05 9.99282E-05 9.99282E-05 9.99282E-05
0.287881 9.99641E-05 0.000934178 0.0121204 9.99641E-05 0.636546 0.0574243 9.99641E-05 0.0046943 9.99641E-05
0.0989415 0.016194 0.00414071 9.9973E-05 9.9973E-05 0.831244 0.0220191 0.00183182 9.9973E-05 0.0253288
9.99282E-05 9.99282E-05 9.99282E-05 9.99282E-05 9.99282E-05 0.87945 9.99282E-05 0.119751 9.99282E-05 9.99282E-05
0.870611 9.99371E-05 9.99371E-05 9.99371E-05 9.99371E-05 0.108556 9.99371E-05 9.99371E-05 0.0201334 9.99371E-05
9.99282E-05 9.99282E-05 9.99282E-05 9.99282E-05 9.99282E-05 0.988625 9.99282E-05 0.0105759 9.99282E-05 9.99282E-05
0.736907 9.99551E-05 0.0297909 9.99551E-05 9.99551E-05 0.173098 0.0572203 9.99551E-05 0.00248421 9.99551E-05
9.997E-05 0.0411169 0.0141985 9.997E-05 0.0489487 0.821102 9.997E-05 0.0588052 0.00308076 0.0124478
0.991854 9.99281E-05 9.99281E-05 0.00734626 9.99281E-05 9.99281E-05 9.99281E-05 9.99281E-05 9.99281E-05 9.99281E-05
0.98354 9.99281E-05 9.99281E-05 9.99281E-05 9.99281E-05 9.99281E-05 9.99281E-05 9.99281E-05 9.99281E-05 0.0156609
0.969557 9.99461E-05 9.99461E-05 9.99461E-05 0.0245934 9.99461E-05 9.99461E-05 9.99461E-05 0.00052259 0.00472722
0.2088 0.0195545 9.9982E-05 9.9982E-05 0.0401517 0.144058 0.0338471 0.502788 0.0409804 0.00962009
0.999101 9.99201E-05 9.99201E-05 9.99201E-05 9.99201E-05 9.99201E-05 9.99201E-05 9.99201E-05 9.99201E-05 9.99201E-05
0.840587 0.0110801 9.99551E-05 9.99551E-05 9.99551E-05 9.99551E-05 9.99551E-05 0.107797 0.0298489 0.0101877
0.999101 9.99201E-05 9.99201E-05 9.99201E-05 9.99201E-05 9.99201E-05 9.99201E-05 9.99201E-05 9.99201E-05 9.99201E-05
9.99282E-05 9.99282E-05 9.99282E-05 9.99282E-05 9.99282E-05 9.99282E-05 9.99282E-05 0.945254 0.0539463 9.99282E-05
0.0795317 9.99371E-05 9.99371E-05 9.99371E-05 0.0619997 9.99371E-05 9.99371E-05 0.857769 9.99371E-05 9.99371E-05
9.99281E-05 9.99281E-05 9.99281E-05 9.99281E-05 0.0944321 9.99281E-05 9.99281E-05 0.904768 9.99281E-05 9.99281E-05
9.99282E-05 9.99282E-05 9.99282E-05 9.99282E-05 9.99282E-05 0.0307552 9.99282E-05 0.968445 9.99282E-05 9.99282E-05
0.118469 9.99371E-05 9.99371E-05 9.99371E-05 9.99371E-05 0.00690702 9.99371E-05 0.873924 9.99371E-05 9.99371E-05
9.9946E-05 9.9946E-05 9.9946E-05 9.9946E-05 0.0208291 0.129271 0.0800616 0.769239 9.9946E-05 9.9946E-05
0.0305057 0.000661197 9.9964E-05 9.9964E-05 9.9964E-05 0.107314 0.0173771 0.812671 0.0310706 9.9964E-05
9.99461E-05 0.00251959 9.99461E-05 9.99461E-05 9.99461E-05 9.99461E-05 0.0215775 0.936425 0.0388787 9.99461E-05
0.0115702 9.99371E-05 9.99371E-05 9.99371E-05 9.99371E-05 0.0951566 9.99371E-05 0.892574 9.99371E-05 9.99371E-05
0.0623946 9.99371E-05 9.99371E-05 9.99371E-05 9.99371E-05 0.0425841 9.99371E-05 0.894322 9.99371E-05 9.99371E-05
9.99282E-05 9.99282E-05 9.99282E-05 0.00206882 9.99282E-05 9.99282E-05 9.99282E-05 0.997132 9.99282E-05 9.99282E-05
9.99371E-05 0.0348061 0.00405697 9.99371E-05 9.99371E-05 9.99371E-05 9.99371E-05 0.960437 9.99371E-05 9.99371E-05
9.99282E-05 0.00318681 9.99282E-05 9.99282E-05 9.99282E-05 9.99282E-05 9.99282E-05 0.996014 9.99282E-05 9.99282E-05
