0.0255454 0.129618 0.774088 0.0187589 0.0519898
9.99731E-05 9.99731E-05 0.967951 0.0317494 9.99731E-05
9.997E-05 9.997E-05 0.9996 9.997E-05 9.997E-05
0.018638 0.0866277 0.58049 0.147577 0.166668
0.0351906 0.212478 0.651542 0.100689 9.9991E-05
9.999E-05 0.0932808 0.81968 0.0728486 0.0140906
9.997E-05 9.997E-05 0.9996 9.997E-05 9.997E-05
9.997E-05 9.997E-05 0.9996 9.997E-05 9.997E-05
9.997E-05 9.997E-05 0.9996 9.997E-05 9.997E-05
0.0169008 0.116135 0.79044 9.9991E-05 0.0764243
0.42221 0.0426995 0.534702 9.9991E-05 0.000287694
0.468446 0.0803234 0.436315 9.9991E-05 0.0148154
0.510761 0.0178168 0.413906 9.9991E-05 0.0574166
0.665182 0.0452495 0.119309 9.9991E-05 0.17016
0.503563 0.23584 0.174806 0.0242916 0.061499
0.35659 0.26343 0.170593 0.0174084 0.191978
0.502911 0.0642332 0.205657 9.9991E-05 0.227098
0.56772 9.9982E-05 0.115489 9.9982E-05 0.316592
0.589395 0.00218493 0.163865 9.9991E-05 0.244456
0.9996 9.997E-05 9.997E-05 9.997E-05 9.997E-05
0.9996 9.997E-05 9.997E-05 9.997E-05 9.997E-05
0.9996 9.997E-05 9.997E-05 9.997E-05 9.997E-05
0.658283 9.9991E-05 0.049262 0.0033937 0.288961
0.0299618 0.168595 9.9991E-05 0.0351174 0.766226
9.9991E-05 0.0281143 0.0424681 0.0224664 0.906851
0.0246653 0.00420409 9.9991E-05 0.0887362 0.882294
0.0523216 0.110263 0.0259056 9.9991E-05 0.81141
0.0599047 0.132224 0.00255143 9.9991E-05 0.80522
9.997E-05 9.997E-05 9.997E-05 9.997E-05 0.9996
9.997E-05 9.997E-05 9.997E-05 9.997E-05 0.9996
9.997E-05 9.997E-05 9.997E-05 9.997E-05 0.9996
9.99731E-05 9.99731E-05 9.99731E-05 0.0146928 0.985007
9.997E-05 9.997E-05 9.997E-05 9.997E-05 0.9996
0.0112056 0.00963008 9.9982E-05 9.9982E-05 0.978964
0.0459676 0.299697 0.0216604 0.0750916 0.557583
0.0323922 0.491545 0.0991442 0.0237611 0.353157
9.9991E-05 0.12987 0.10251 0.0552257 0.712293
0.0704262 0.76699 9.9991E-05 0.06832 0.0941643
0.0798071 0.695041 9.9991E-05 0.0636174 0.161434
0.0211411 0.85805 0.008131 9.9991E-05 0.112578
0.0479736 0.791 9.9982E-05 9.9982E-05 0.160827
0.049741 0.800946 0.016751 0.000290297 0.132272
9.9982E-05 0.905484 0.00113934 9.9982E-05 0.0931763
0.0836389 0.711158 9.9982E-05 9.9982E-05 0.205003
9.9991E-05 0.749144 0.0144104 0.0487346 0.187612
0.00466719 0.974879 0.0187078 9.9991E-05 0.00164615
0.0106088 0.609192 0.118709 9.9991E-05 0.26139
0.0448179 0.780515 9.9982E-05 9.9982E-05 0.174467
0.0131516 0.87227 0.0155209 9.9991E-05 0.0989572
9.99731E-05 0.923465 9.99731E-05 9.99731E-05 0.0762349
0.0887984 0.564366 0.0634779 0.144133 0.139224
0.00772986 0.85735 0.033441 9.9991E-05 0.10138
0.0223383 0.85517 9.9991E-05 0.0117959 0.110596
0.0206232 0.695058 0.0615613 0.179985 0.0427717
0.0158717 0.877392 9.9991E-05 0.0895468 0.0170899
0.0327431 0.873032 0.0301565 0.0639688 9.9991E-05
9.9991E-05 0.793412 0.0438666 0.0317386 0.130883
9.9982E-05 0.866306 9.9982E-05 0.0248677 0.108626
0.0285436 0.73485 9.9991E-05 0.146405 0.0901022
0.0326051 0.808052 0.0352135 0.0484902 0.0756395
9.9982E-05 0.91351 9.9982E-05 0.00862591 0.0776643
9.9982E-05 0.888604 9.9982E-05 0.00697004 0.104226
9.997E-05 0.9996 9.997E-05 9.997E-05 9.997E-05
0.0667302 0.766629 0.0291578 0.0924879 0.0449952
0.0150491 0.917553 9.9982E-05 9.9982E-05 0.0671979
9.9991E-05 0.919004 0.00841987 0.0284426 0.0440332
9.99731E-05 0.977636 0.0220643 9.99731E-05 9.99731E-05
9.99731E-05 0.997258 9.99731E-05 0.00244203 9.99731E-05
9.9982E-05 0.954383 0.0229207 0.0224961 9.9982E-05
0.00963312 0.881477 9.9991E-05 0.0723345 0.0364553
9.99731E-05 0.88593 9.99731E-05 0.11377 9.99731E-05
9.99731E-05 0.911068 9.99731E-05 0.088632 9.99731E-05
9.99731E-05 0.973762 9.99731E-05 0.0259379 9.99731E-05
9.99731E-05 0.934268 9.99731E-05 0.0654321 9.99731E-05
0.0371312 0.924494 0.0251192 0.0131557 9.9991E-05
9.9982E-05 0.657508 0.0193998 0.322892 9.9982E-05
0.0256251 0.630413 9.9982E-05 0.343762 9.9982E-05
9.99731E-05 0.728965 9.99731E-05 0.270735 9.99731E-05
0.00675227 0.388786 0.0308542 0.533199 0.0404083
9.9973E-05 0.68308 9.9973E-05 0.31662 9.9973E-05
0.0108555 0.630116 9.9991E-05 0.347388 0.0115401
9.99731E-05 0.62059 9.99731E-05 0.37911 9.99731E-05
9.99731E-05 9.99731E-05 9.99731E-05 0.995284 0.0044158
9.9973E-05 0.103268 9.9973E-05 0.896432 9.9973E-05
9.99731E-05 0.00845354 9.99731E-05 0.991247 9.99731E-05
9.9982E-05 0.000246561 0.00827258 0.991281 9.9982E-05
9.9973E-05 0.031695 9.9973E-05 0.968005 9.9973E-05
0.00768746 0.0509533 9.9991E-05 0.865796 0.075463
9.9973E-05 0.138209 9.9973E-05 0.861491 9.9973E-05
9.9973E-05 9.9973E-05 9.9973E-05 0.968004 0.0316958
9.9973E-05 0.0755062 9.9973E-05 0.924194 9.9973E-05
9.9982E-05 0.0275748 9.9982E-05 0.934584 0.0376409
9.997E-05 9.997E-05 9.997E-05 0.9996 9.997E-05
9.9973E-05 9.9973E-05 0.0531747 0.946525 9.9973E-05
9.99731E-05 9.99731E-05 0.00485384 0.994846 9.99731E-05
