9.9955E-05 0.040349 9.9955E-05 0.052465 0.713715 9.9955E-05 9.9955E-05 9.9955E-05 0.0111605 0.181811
9.99372E-05 9.99372E-05 9.99372E-05 0.00211913 0.971584 9.99372E-05 9.99372E-05 9.99372E-05 0.0255969 9.99372E-05
9.99201E-05 9.99201E-05 9.99201E-05 9.99201E-05 0.999101 9.99201E-05 9.99201E-05 9.99201E-05 9.99201E-05 9.99201E-05
0.0626659 0.0565338 0.0315612 0.00950402 0.607237 0.0523325 0.00204539 0.085659 9.9991E-05 0.0923618
9.9955E-05 9.9955E-05 9.9955E-05 0.0406211 0.642809 0.0383514 9.9955E-05 0.178549 9.9955E-05 0.0991696
9.9982E-05 0.000584747 9.9982E-05 0.0532036 0.784146 0.0507241 0.0563347 0.022498 0.0308967 0.00141214
9.99201E-05 9.99201E-05 9.99201E-05 9.99201E-05 0.999101 9.99201E-05 9.99201E-05 9.99201E-05 9.99201E-05 9.99201E-05
9.99201E-05 9.99201E-05 9.99201E-05 9.99201E-05 0.999101 9.99201E-05 9.99201E-05 9.99201E-05 9.99201E-05 9.99201E-05
9.99201E-05 9.99201E-05 9.99201E-05 9.99201E-05 0.999101 9.99201E-05 9.99201E-05 9.99201E-05 9.99201E-05 9.99201E-05
9.9982E-05 0.0245488 0.00865623 0.0749881 0.741146 0.0386133 0.0801311 0.0264661 9.9982E-05 0.00524989
9.99281E-05 9.99281E-05 9.99281E-05 0.885325 0.113875 9.99281E-05 9.99281E-05 9.99281E-05 9.99281E-05 9.99281E-05
9.99281E-05 9.99281E-05 9.99281E-05 0.912119 0.0870811 9.99281E-05 9.99281E-05 9.99281E-05 9.99281E-05 9.99281E-05
9.99201E-05 9.99201E-05 9.99201E-05 0.999101 9.99201E-05 9.99201E-05 9.99201E-05 9.99201E-05 9.99201E-05 9.99201E-05
9.99371E-05 9.99371E-05 0.100695 0.835803 9.99371E-05 9.99371E-05 0.0628027 9.99371E-05 9.99371E-05 9.99371E-05
9.99461E-05 9.99461E-05 9.99461E-05 0.804443 9.99461E-05 0.0225088 9.99461E-05 9.99461E-05 0.0318009 0.140648
9.9964E-05 9.9964E-05 0.0287448 0.627277 9.9964E-05 0.0250295 0.0574376 0.158058 9.9964E-05 0.103053
0.0586939 9.99371E-05 9.99371E-05 0.845722 9.99371E-05 9.99371E-05 0.0948842 9.99371E-05 9.99371E-05 9.99371E-05
9.99371E-05 9.99371E-05 0.0809225 0.760931 9.99371E-05 9.99371E-05 0.157447 9.99371E-05 9.99371E-05 9.99371E-05
9.9955E-05 9.9955E-05 0.0823396 0.803651 9.9955E-05 0.00140246 0.0476752 0.0644319 9.9955E-05 9.9955E-05
9.99201E-05 9.99201E-05 0.999101 9.99201E-05 9.99201E-05 9.99201E-05 9.99201E-05 9.99201E-05 9.99201E-05 9.99201E-05
9.99201E-05 9.99201E-05 0.999101 9.99201E-05 9.99201E-05 9.99201E-05 9.99201E-05 9.99201E-05 9.99201E-05 9.99201E-05
9.99461E-05 9.99461E-05 0.989749 9.99461E-05 9.99461E-05 0.0011745 0.00366814 9.99461E-05 0.00480889 9.99461E-05
9.9955E-05 9.9955E-05 0.142423 0.700872 9.9955E-05 0.0248906 0.0727887 9.9955E-05 9.9955E-05 0.0585253
9.996E-05 9.996E-05 9.996E-05 0.0286798 0.00802787 9.996E-05 0.615551 0.121943 0.0411456 0.184253
9.99461E-05 9.99461E-05 0.00417393 9.99461E-05 0.028405 9.99461E-05 0.641473 9.99461E-05 9.99461E-05 0.325348
0.111327 0.0222196 9.9955E-05 0.0549331 9.9955E-05 9.9955E-05 0.761885 9.9955E-05 0.0491355 9.9955E-05
9.9946E-05 0.0655989 9.9946E-05 0.0986673 9.9946E-05 9.9946E-05 0.726742 9.9946E-05 9.9946E-05 0.108392
0.189564 9.99461E-05 0.0285886 0.0351255 9.99461E-05 9.99461E-05 0.746122 9.99461E-05 9.99461E-05 9.99461E-05
9.99201E-05 9.99201E-05 9.99201E-05 9.99201E-05 9.99201E-05 9.99201E-05 0.999101 9.99201E-05 9.99201E-05 9.99201E-05
9.99201E-05 9.99201E-05 9.99201E-05 9.99201E-05 9.99201E-05 9.99201E-05 0.999101 9.99201E-05 9.99201E-05 9.99201E-05
9.99371E-05 9.99371E-05 9.99371E-05 9.99371E-05 9.99371E-05 0.00440591 0.907883 0.0870116 9.99371E-05 9.99371E-05
9.99371E-05 0.0312468 9.99371E-05 9.99371E-05 9.99371E-05 9.99371E-05 0.958068 0.00998558 9.99371E-05 9.99371E-05
9.99281E-05 9.99281E-05 9.99281E-05 9.99281E-05 9.99281E-05 0.00682178 0.992379 9.99281E-05 9.99281E-05 9.99281E-05
0.0377367 9.99461E-05 0.0246637 9.99461E-05 9.99461E-05 9.99461E-05 0.878785 9.99461E-05 9.99461E-05 0.0582153
0.181518 9.9982E-05 0.0127193 0.0472792 0.0442994 0.0504219 0.494696 9.9982E-05 0.0772482 0.091618
9.9973E-05 0.0538109 9.9973E-05 0.0682088 0.0732216 0.0385328 0.196962 0.246981 9.9973E-05 0.321983
9.9955E-05 0.0577501 0.0155578 9.9955E-05 0.0949574 9.9955E-05 0.609456 0.221779 9.9955E-05 9.9955E-05
9.99551E-05 9.99551E-05 0.00866982 0.0475261 9.99551E-05 9.99551E-05 0.0585606 0.726947 9.99551E-05 0.157797
9.99551E-05 9.99551E-05 0.00246554 0.00811321 9.99551E-05 9.99551E-05 0.0417574 9.99551E-05 0.0809472 0.866217
9.99201E-05 9.99201E-05 9.99201E-05 9.99201E-05 9.99201E-05 9.99201E-05 9.99201E-05 9.99201E-05 9.99201E-05 0.999101
9.99551E-05 9.99551E-05 0.00331618 0.0467826 9.99551E-05 9.99551E-05 0.0897236 0.650502 9.99551E-05 0.209176
9.9973E-05 9.9973E-05 0.0183045 0.01724 0.00795619 0.0135204 0.1131 0.697033 9.9973E-05 0.132546
9.99201E-05 9.99201E-05 9.99201E-05 9.99201E-05 9.99201E-05 9.99201E-05 9.99201E-05 9.99201E-05 9.99201E-05 0.999101
9.99201E-05 9.99201E-05 9.99201E-05 9.99201E-05 9.99201E-05 9.99201E-05 9.99201E-05 9.99201E-05 9.99201E-05 0.999101
0.0322875 0.0139901 9.9964E-05 9.9964E-05 0.00194788 9.9964E-05 0.123521 9.9964E-05 0.0479608 0.779892
9.99201E-05 9.99201E-05 9.99201E-05 9.99201E-05 9.99201E-05 9.99201E-05 9.99201E-05 9.99201E-05 9.99201E-05 0.999101
0.788608 9.99461E-05 9.99461E-05 0.0254789 0.0697901 9.99461E-05 0.115523 9.99461E-05 9.99461E-05 9.99461E-05
0.639457 9.99461E-05 0.00504017 0.0150765 9.99461E-05 9.99461E-05 9.99461E-05 9.99461E-05 9.99461E-05 0.339827
0.999101 9.99201E-05 9.99201E-05 9.99201E-05 9.99201E-05 9.99201E-05 9.99201E-05 9.99201E-05 9.99201E-05 9.99201E-05
0.102205 0.052343 0.00746074 9.99551E-05 9.99551E-05 9.99551E-05 0.127616 0.709876 9.99551E-05 9.99551E-05
0.41022 0.0533819 0.0646606 9.9991E-05 0.0842319 0.0175331 0.141589 0.0348353 0.114224 0.0792249
0.0027575 0.0393086 9.9964E-05 9.9964E-05 0.00678293 9.9964E-05 0.0630185 0.623757 9.9964E-05 0.263976
0.319619 9.9964E-05 0.0360958 9.9964E-05 9.9964E-05 9.9964E-05 0.0205206 0.407662 0.09628 0.119423
0.117186 9.9991E-05 0.00749331 0.0238171 0.0399632 0.0376234 0.0584534 0.305336 0.0597288 0.350299
9.99461E-05 0.231188 9.99461E-05 0.0645615 0.00378079 9.99461E-05 9.99461E-05 0.69987 9.99461E-05 9.99461E-05
0.137985 0.231154 9.9964E-05 0.0797427 9.9964E-05 0.0405455 9.9964E-05 0.377612 9.9964E-05 0.132561
9.9964E-05 9.9964E-05 9.9964E-05 9.9964E-05 0.0236416 0.00753811 0.0334861 0.682399 0.0397523 0.212783
0.0664849 0.074707 0.025114 9.9973E-05 9.9973E-05 9.9973E-05 0.0787613 0.543073 0.037732 0.173828
0.194899 0.144684 0.0480243 9.9973E-05 9.9973E-05 9.9973E-05 0.00902588 0.0679191 0.075804 0.459344
0.102292 0.0423113 0.0288416 0.00135444 0.040088 9.9982E-05 0.0370608 0.716858 0.0309938 9.9982E-05
0.999101 9.99201E-05 9.99201E-05 9.99201E-05 9.99201E-05 9.99201E-05 9.99201E-05 9.99201E-05 9.99201E-05 9.99201E-05
0.905316 9.99281E-05 9.99281E-05 9.99281E-05 9.99281E-05 9.99281E-05 9.99281E-05 9.99281E-05 9.99281E-05 0.0938849
0.645874 9.99371E-05 9.99371E-05 9.99371E-05 9.99371E-05 9.99371E-05 9.99371E-05 0.336831 9.99371E-05 0.0165957
0.352209 9.9973E-05 9.9973E-05 9.9973E-05 0.0266173 0.0338613 0.0122606 0.237534 0.0550935 0.282124
0.645011 9.9964E-05 0.0138105 9.9964E-05 9.9964E-05 9.9964E-05 0.0351452 0.0297695 0.0278024 0.248062
9.99201E-05 9.99201E-05 9.99201E-05 9.99201E-05 9.99201E-05 9.99201E-05 9.99201E-05 0.999101 9.99201E-05 9.99201E-05
9.99201E-05 9.99201E-05 9.99201E-05 9.99201E-05 9.99201E-05 9.99201E-05 9.99201E-05 0.999101 9.99201E-05 9.99201E-05
0.776703 9.99461E-05 9.99461E-05 9.99461E-05 9.99461E-05 0.0444695 9.99461E-05 0.13589 9.99461E-05 0.0423376
0.956603 9.99371E-05 9.99371E-05 9.99371E-05 9.99371E-05 0.000172682 9.99371E-05 9.99371E-05 0.0425247 9.99371E-05
0.592426 0.114292 0.0107851 9.9955E-05 9.9955E-05 0.0615749 9.9955E-05 0.220422 9.9955E-05 9.9955E-05
0.112616 0.0966428 9.99461E-05 9.99461E-05 9.99461E-05 9.99461E-05 9.99461E-05 0.714064 0.0760781 9.99461E-05
9.99282E-05 0.849767 9.99282E-05 9.99282E-05 9.99282E-05 9.99282E-05 9.99282E-05 0.149434 9.99282E-05 9.99282E-05
9.99371E-05 9.99371E-05 9.99371E-05 9.99371E-05 9.99371E-05 0.00471494 9.99371E-05 0.994421 0.000164284 9.99371E-05
0.167413 0.62003 9.99461E-05 0.0270393 9.99461E-05 9.99461E-05 9.99461E-05 9.99461E-05 9.99461E-05 0.184918
9.99461E-05 9.99461E-05 0.0308153 9.99461E-05 0.00445469 0.0200599 9.99461E-05 0.94407 9.99461E-05 9.99461E-05
9.99201E-05 0.999101 9.99201E-05 9.99201E-05 9.99201E-05 9.99201E-05 9.99201E-05 9.99201E-05 9.99201E-05 9.99201E-05
9.99371E-05 0.952766 0.0211334 9.99371E-05 9.99371E-05 0.0254014 9.99371E-05 9.99371E-05 9.99371E-05 9.99371E-05
9.99371E-05 0.883348 0.0028405 9.99371E-05 9.99371E-05 9.99371E-05 9.99371E-05 9.99371E-05 9.99371E-05 0.113112
0.32026 0.0552321 0.0090899 0.0448282 0.0164956 9.9964E-05 9.9964E-05 9.9964E-05 0.553695 9.9964E-05
0.148811 0.85039 9.99281E-05 9.99281E-05 9.99281E-05 9.99281E-05 9.99281E-05 9.99281E-05 9.99281E-05 9.99281E-05
9.9964E-05 0.663037 0.0134814 9.9964E-05 0.00860985 9.9964E-05 0.0737282 0.128574 0.11217 9.9964E-05
9.99201E-05 0.999101 9.99201E-05 9.99201E-05 9.99201E-05 9.99201E-05 9.99201E-05 9.99201E-05 9.99201E-05 9.99201E-05
9.99201E-05 9.99201E-05 9.99201E-05 9.99201E-05 9.99201E-05 9.99201E-05 9.99201E-05 9.99201E-05 0.999101 9.99201E-05
9.99371E-05 9.99371E-05 9.99371E-05 9.99371E-05 9.99371E-05 0.0273823 9.99371E-05 9.99371E-05 0.937026 0.0348926
9.99201E-05 9.99201E-05 9.99201E-05 9.99201E-05 9.99201E-05 9.99201E-05 9.99201E-05 9.99201E-05 0.999101 9.99201E-05
9.99282E-05 9.99282E-05 9.99282E-05 9.99282E-05 9.99282E-05 0.00149882 9.99282E-05 9.99282E-05 0.997702 9.99282E-05
9.99282E-05 9.99282E-05 9.99282E-05 9.99282E-05 9.99282E-05 0.0139345 9.99282E-05 9.99282E-05 0.985266 9.99282E-05
9.9964E-05 9.9964E-05 0.00142882 0.00279768 9.9964E-05 0.0244848 0.0762797 0.0391622 0.855447 9.9964E-05
0.0824093 0.035554 9.99551E-05 9.99551E-05 0.00203226 0.016229 9.99551E-05 9.99551E-05 0.863276 9.99551E-05
9.99371E-05 0.04055 9.99371E-05 9.99371E-05 9.99371E-05 0.0309967 9.99371E-05 9.99371E-05 0.927754 9.99371E-05
9.99201E-05 9.99201E-05 9.99201E-05 9.99201E-05 9.99201E-05 9.99201E-05 9.99201E-05 9.99201E-05 0.999101 9.99201E-05
9.99371E-05 0.0583415 9.99371E-05 9.99371E-05 9.99371E-05 0.0394021 9.99371E-05 9.99371E-05 0.901557 9.99371E-05
9.99201E-05 9.99201E-05 9.99201E-05 9.99201E-05 9.99201E-05 0.999101 9.99201E-05 9.99201E-05 9.99201E-05 9.99201E-05
9.99371E-05 9.99371E-05 9.99371E-05 9.99371E-05 9.99371E-05 0.962968 0.0200396 0.0162924 9.99371E-05 9.99371E-05
9.99201E-05 9.99201E-05 9.99201E-05 9.99201E-05 9.99201E-05 0.999101 9.99201E-05 9.99201E-05 9.99201E-05 9.99201E-05
