0.00294165 9.9982E-05 9.9982E-05 0.0116078 0.0794578 0.127609 0.778183
9.99551E-05 9.99551E-05 9.99551E-05 9.99551E-05 0.0298868 9.99551E-05 0.969613
9.995E-05 9.995E-05 9.995E-05 9.995E-05 9.995E-05 9.995E-05 0.9994
0.0305001 9.9991E-05 0.102128 0.00627821 0.0832449 0.170057 0.607692
0.074392 0.0921159 0.0392667 0.0236613 9.9991E-05 0.13267 0.637795
0.00680741 9.9982E-05 0.00819163 9.9982E-05 0.085617 0.0688749 0.830309
9.995E-05 9.995E-05 9.995E-05 9.995E-05 9.995E-05 9.995E-05 0.9994
9.995E-05 9.995E-05 9.995E-05 9.995E-05 9.995E-05 9.995E-05 0.9994
9.995E-05 9.995E-05 9.995E-05 9.995E-05 9.995E-05 9.995E-05 0.9994
0.0221835 0.120072 0.0484487 0.0290253 9.9982E-05 9.9982E-05 0.780071
0.0018314 9.9973E-05 9.9973E-05 0.364205 9.9973E-05 0.0940123 0.539652
9.9982E-05 0.0386415 0.00466265 0.405707 9.9982E-05 0.0763199 0.474469
9.9973E-05 9.9973E-05 0.114312 0.442984 9.9973E-05 0.0158213 0.426583
9.9973E-05 0.082992 0.170163 0.618699 9.9973E-05 9.9973E-05 0.127846
0.078179 9.9991E-05 0.11151 0.463671 0.0201923 0.151413 0.174934
0.00511891 0.14679 0.296199 0.315912 0.00693911 0.0722126 0.156828
9.9973E-05 9.9973E-05 0.232261 0.403424 9.9973E-05 0.144035 0.21998
9.9973E-05 9.9973E-05 0.327805 0.526183 9.9973E-05 0.0136129 0.132099
0.0077236 0.00438086 0.251609 0.560063 9.9982E-05 9.9982E-05 0.176023
9.995E-05 9.995E-05 9.995E-05 0.9994 9.995E-05 9.995E-05 9.995E-05
9.995E-05 9.995E-05 9.995E-05 0.9994 9.995E-05 9.995E-05 9.995E-05
9.995E-05 9.995E-05 9.995E-05 0.9994 9.995E-05 9.995E-05 9.995E-05
0.0295923 9.9982E-05 0.283633 0.589903 9.9982E-05 0.0251429 0.0715287
0.0159747 0.222351 0.728869 0.0315611 0.00104497 9.9982E-05 9.9982E-05
0.00693613 9.9982E-05 0.911624 9.9982E-05 0.0312947 0.0490759 0.000869166
9.9973E-05 9.9973E-05 0.849493 0.0295048 0.0585331 0.062169 9.9973E-05
9.999E-05 0.0611211 0.787158 0.0455011 0.0367318 0.05055 0.0188382
9.9964E-05 9.9964E-05 0.782555 0.0358303 9.9964E-05 0.181215 9.9964E-05
9.995E-05 9.995E-05 0.9994 9.995E-05 9.995E-05 9.995E-05 9.995E-05
9.995E-05 9.995E-05 0.9994 9.995E-05 9.995E-05 9.995E-05 9.995E-05
0.0210982 0.0272034 0.951299 9.99641E-05 9.99641E-05 9.99641E-05 9.99641E-05
9.99551E-05 9.99551E-05 0.955808 9.99551E-05 0.0436919 9.99551E-05 9.99551E-05
0.00961769 9.99551E-05 0.989883 9.99551E-05 9.99551E-05 9.99551E-05 9.99551E-05
9.99641E-05 9.99641E-05 0.857101 0.0156493 9.99641E-05 0.12685 9.99641E-05
0.0498875 0.0112093 0.488101 0.00722128 0.0557598 0.326675 0.0611459
0.0742188 0.438477 0.302351 0.0405197 9.9991E-05 0.0499994 0.0943341
0.0104838 0.218001 0.692843 0.028956 9.9982E-05 9.9982E-05 0.0495162
9.999E-05 0.771488 0.0950596 0.0531521 0.032987 0.0359667 0.0112464
9.9973E-05 9.9973E-05 0.0942168 0.0536699 0.102408 0.749405 9.9973E-05
9.995E-05 9.995E-05 9.995E-05 9.995E-05 9.995E-05 0.9994 9.995E-05
9.9973E-05 0.250653 0.0835979 0.0254181 9.9973E-05 0.640031 9.9973E-05
0.0231322 9.9982E-05 0.0160833 0.00176476 9.9982E-05 0.952864 0.00595558
9.995E-05 9.995E-05 9.995E-05 9.995E-05 9.995E-05 0.9994 9.995E-05
0.00520338 9.9973E-05 0.0380514 0.0439471 9.9973E-05 0.912498 9.9973E-05
0.000184296 0.234939 0.168409 9.9991E-05 0.034159 0.550425 0.0117839
9.995E-05 9.995E-05 9.995E-05 9.995E-05 9.995E-05 0.9994 9.995E-05
9.9982E-05 0.011571 0.156498 9.9982E-05 0.018181 0.721144 0.0924068
0.0122073 9.99731E-05 0.0888359 0.0243488 9.99731E-05 0.874308 9.99731E-05
9.99731E-05 0.188403 0.0561699 9.99731E-05 9.99731E-05 0.750845 0.0042827
9.99641E-05 0.245528 9.99641E-05 9.99641E-05 0.0188607 0.735211 9.99641E-05
0.0769141 9.9991E-05 0.188377 0.0405577 0.072361 0.596602 0.0250889
9.9973E-05 0.261262 0.0649007 9.9973E-05 9.9973E-05 0.654303 0.0192344
9.9991E-05 0.227123 0.0286919 0.0079282 0.0881699 0.631059 0.0169275
9.9982E-05 0.68987 0.112754 9.9982E-05 0.10212 0.0125447 0.0825105
9.99731E-05 0.925816 0.046694 0.0180785 9.99731E-05 9.99731E-05 0.00911154
0.016874 0.521334 9.9973E-05 9.9973E-05 9.9973E-05 0.425635 0.0358577
0.0173871 0.946053 0.00315605 0.00321183 9.9982E-05 9.9982E-05 0.0299919
9.99641E-05 0.05837 9.99641E-05 9.99641E-05 0.0320805 0.90915 9.99641E-05
0.0238691 0.674869 0.0833317 0.0372103 0.039815 0.140805 9.9991E-05
9.9982E-05 0.844958 0.083115 0.0421098 0.00486994 9.9982E-05 0.0247469
9.99731E-05 0.869817 0.0165417 9.99731E-05 9.99731E-05 0.110446 0.00289587
0.00763229 0.189139 0.072678 9.9982E-05 0.0237911 0.706559 9.9982E-05
9.99551E-05 9.99551E-05 9.99551E-05 9.99551E-05 0.0164791 0.983021 9.99551E-05
9.9982E-05 0.390519 9.9982E-05 0.0182543 0.065519 0.513999 0.0115088
9.9973E-05 0.124561 9.9973E-05 0.000187021 0.0706147 0.804337 9.9973E-05
9.99551E-05 0.975877 0.023623 9.99551E-05 9.99551E-05 9.99551E-05 9.99551E-05
9.99731E-05 0.904514 0.0282023 9.99731E-05 9.99731E-05 0.0575927 0.00939137
0.0217666 0.105049 9.99641E-05 9.99641E-05 9.99641E-05 0.872785 9.99641E-05
9.9982E-05 0.899394 0.0297033 9.9982E-05 0.022603 0.0251867 0.0229135
0.0483397 0.91446 9.9964E-05 0.0368009 9.9964E-05 9.9964E-05 9.9964E-05
9.99551E-05 0.910917 9.99551E-05 9.99551E-05 0.0885836 9.99551E-05 9.99551E-05
9.995E-05 0.9994 9.995E-05 9.995E-05 9.995E-05 9.995E-05 9.995E-05
9.995E-05 0.9994 9.995E-05 9.995E-05 9.995E-05 9.995E-05 9.995E-05
9.99551E-05 0.93643 9.99551E-05 9.99551E-05 0.0630699 9.99551E-05 9.99551E-05
9.99641E-05 0.841575 9.99641E-05 0.0427364 9.99641E-05 0.115289 9.99641E-05
9.99641E-05 0.630741 9.99641E-05 9.99641E-05 0.346941 9.99641E-05 0.021918
9.99641E-05 0.678065 9.99641E-05 0.00161319 0.319922 9.99641E-05 9.99641E-05
0.022566 0.770837 9.99641E-05 9.99641E-05 0.206197 9.99641E-05 9.99641E-05
0.00344566 0.173378 0.0145523 9.9991E-05 0.616126 0.152488 0.03991
9.99551E-05 0.669733 9.99551E-05 9.99551E-05 0.329767 9.99551E-05 9.99551E-05
9.9973E-05 0.627952 0.0532751 9.9973E-05 0.306711 9.9973E-05 0.0117619
9.99551E-05 0.654514 9.99551E-05 9.99551E-05 0.344986 9.99551E-05 9.99551E-05
9.995E-05 9.995E-05 9.995E-05 9.995E-05 0.9994 9.995E-05 9.995E-05
0.0285991 0.0941596 9.99641E-05 9.99641E-05 0.876841 9.99641E-05 9.99641E-05
9.995E-05 9.995E-05 9.995E-05 9.995E-05 0.9994 9.995E-05 9.995E-05
0.00479356 9.99551E-05 9.99551E-05 9.99551E-05 0.994707 9.99551E-05 9.99551E-05
0.0290424 9.99551E-05 9.99551E-05 9.99551E-05 0.970458 9.99551E-05 9.99551E-05
0.0391099 9.9973E-05 0.0692388 0.0166987 0.874653 9.9973E-05 9.9973E-05
9.9964E-05 9.9964E-05 0.0282618 9.9964E-05 0.954501 9.9964E-05 0.0168376
0.0210281 9.99551E-05 9.99551E-05 9.99551E-05 0.978472 9.99551E-05 9.99551E-05
9.995E-05 9.995E-05 9.995E-05 9.995E-05 0.9994 9.995E-05 9.995E-05
0.0602475 9.99551E-05 9.99551E-05 9.99551E-05 0.939253 9.99551E-05 9.99551E-05
0.9994 9.995E-05 9.995E-05 9.995E-05 9.995E-05 9.995E-05 9.995E-05
0.965049 0.0134404 0.0211108 9.9964E-05 9.9964E-05 9.9964E-05 9.9964E-05
0.9994 9.995E-05 9.995E-05 9.995E-05 9.995E-05 9.995E-05 9.995E-05
