0.00868641 9.997E-05 0.710746 0.0838189 0.106424 9.997E-05 0.0593162 0.0307082 9.997E-05
9.994E-05 9.994E-05 0.956646 9.994E-05 0.0103406 9.994E-05 0.0324133 9.994E-05 9.994E-05
9.993E-05 9.993E-05 0.999201 9.993E-05 9.993E-05 9.993E-05 9.993E-05 9.993E-05 9.993E-05
0.00146863 0.0253134 0.594814 0.0501625 0.0608891 0.0978764 0.0268186 0.122726 0.0199308
0.0224139 0.0656993 0.61194 0.0143297 0.165054 0.0623047 9.9991E-05 0.0383129 0.0198456
9.9964E-05 0.000477101 0.827543 9.9964E-05 9.9964E-05 9.9964E-05 0.101779 0.067813 0.00198741
9.993E-05 9.993E-05 0.999201 9.993E-05 9.993E-05 9.993E-05 9.993E-05 9.993E-05 9.993E-05
9.99371E-05 9.99371E-05 0.987015 0.0122852 9.99371E-05 9.99371E-05 9.99371E-05 9.99371E-05 9.99371E-05
9.993E-05 9.993E-05 0.999201 9.993E-05 9.993E-05 9.993E-05 9.993E-05 9.993E-05 9.993E-05
0.105553 0.0274303 0.776432 0.0703947 9.9973E-05 0.0169725 9.9973E-05 9.9973E-05 0.00291757
9.99371E-05 9.99371E-05 0.178916 0.820384 9.99371E-05 9.99371E-05 9.99371E-05 9.99371E-05 9.99371E-05
9.99371E-05 9.99371E-05 0.0755644 0.923736 9.99371E-05 9.99371E-05 9.99371E-05 9.99371E-05 9.99371E-05
9.993E-05 9.993E-05 9.993E-05 0.999201 9.993E-05 9.993E-05 9.993E-05 9.993E-05 9.993E-05
9.99551E-05 0.00443182 9.99551E-05 0.892368 9.99551E-05 0.0229839 9.99551E-05 9.99551E-05 0.079717
9.996E-05 9.996E-05 9.996E-05 0.824588 0.0341105 9.996E-05 0.0996982 0.00335081 0.0378524
9.998E-05 0.0416748 9.998E-05 0.662306 0.225462 0.00428131 0.0135842 0.0407758 0.0117161
0.0148808 9.9955E-05 9.9955E-05 0.937842 0.0108639 0.0359136 9.9955E-05 9.9955E-05 9.9955E-05
9.99461E-05 9.99461E-05 9.99461E-05 0.779003 9.99461E-05 0.149781 9.99461E-05 9.99461E-05 0.0706165
9.99551E-05 0.00269055 9.99551E-05 0.891053 9.99551E-05 0.0248308 9.99551E-05 9.99551E-05 0.0809256
9.993E-05 9.993E-05 9.993E-05 9.993E-05 9.993E-05 9.993E-05 9.993E-05 9.993E-05 0.999201
9.993E-05 9.993E-05 9.993E-05 9.993E-05 9.993E-05 9.993E-05 9.993E-05 9.993E-05 0.999201
9.99371E-05 9.99371E-05 0.00998922 9.99371E-05 9.99371E-05 9.99371E-05 9.99371E-05 9.99371E-05 0.989311
9.996E-05 0.0148509 9.996E-05 0.759699 0.0276955 0.0593622 9.996E-05 9.996E-05 0.137993
9.99551E-05 0.00873498 9.99551E-05 0.0368251 0.332294 0.621646 9.99551E-05 9.99551E-05 9.99551E-05
9.99551E-05 0.00679314 0.0379296 9.99551E-05 0.248916 0.705861 9.99551E-05 9.99551E-05 9.99551E-05
0.0750624 9.9964E-05 9.9964E-05 0.0601579 9.9964E-05 0.799014 0.0538241 9.9964E-05 0.0115413
9.996E-05 9.996E-05 0.00551741 0.102627 0.0428815 0.78597 9.996E-05 0.0626041 9.996E-05
0.18635 9.9955E-05 9.9955E-05 0.0833343 9.9955E-05 0.691232 9.9955E-05 9.9955E-05 0.0385841
9.993E-05 9.993E-05 9.993E-05 9.993E-05 9.993E-05 0.999201 9.993E-05 9.993E-05 9.993E-05
9.993E-05 9.993E-05 9.993E-05 9.993E-05 9.993E-05 0.999201 9.993E-05 9.993E-05 9.993E-05
0.0136634 9.99371E-05 9.99371E-05 9.99371E-05 9.99371E-05 0.985637 9.99371E-05 9.99371E-05 9.99371E-05
0.00231094 9.99461E-05 9.99461E-05 9.99461E-05 9.99461E-05 0.986285 9.99461E-05 0.0108039 9.99461E-05
9.99371E-05 9.99371E-05 0.00520774 9.99371E-05 9.99371E-05 0.994093 9.99371E-05 9.99371E-05 9.99371E-05
0.0424915 9.99551E-05 0.00235037 9.99551E-05 9.99551E-05 0.936527 9.99551E-05 9.99551E-05 0.0181314
9.998E-05 0.0315205 0.0181347 0.131831 0.240106 0.475644 0.048696 0.053868 9.998E-05
9.99759E-05 0.028133 0.0110266 0.0912161 0.319128 0.326238 9.99759E-05 0.223959 9.99759E-05
0.163675 0.0403951 0.0701864 9.9964E-05 9.9964E-05 0.69875 9.9964E-05 9.9964E-05 0.0265937
9.994E-05 9.994E-05 9.994E-05 9.994E-05 0.949436 9.994E-05 0.0154356 0.034529 9.994E-05
9.996E-05 9.996E-05 9.996E-05 0.00999747 0.881893 0.0146401 0.0803219 9.996E-05 0.0127481
9.99372E-05 9.99372E-05 9.99372E-05 9.99372E-05 0.943369 9.99372E-05 9.99372E-05 0.0559309 9.99372E-05
0.234462 0.00122493 9.99551E-05 9.99551E-05 0.75909 9.99551E-05 9.99551E-05 9.99551E-05 0.00472313
9.99371E-05 0.00807743 9.99371E-05 9.99371E-05 0.991223 9.99371E-05 9.99371E-05 9.99371E-05 9.99371E-05
9.993E-05 9.993E-05 9.993E-05 9.993E-05 0.999201 9.993E-05 9.993E-05 9.993E-05 9.993E-05
9.99371E-05 9.99371E-05 9.99371E-05 9.99371E-05 0.99816 9.99371E-05 9.99371E-05 9.99371E-05 0.00114034
9.9964E-05 0.0127085 9.9964E-05 9.9964E-05 0.795809 0.124462 9.9964E-05 0.0653712 0.0012488
9.993E-05 9.993E-05 9.993E-05 9.993E-05 0.999201 9.993E-05 9.993E-05 9.993E-05 9.993E-05
0.598156 9.9973E-05 0.0827496 0.0468336 0.105647 0.161353 9.9973E-05 9.9973E-05 0.0049606
0.731233 0.022991 9.99731E-05 0.013383 0.0973824 0.106181 9.99731E-05 9.99731E-05 0.0285289
0.912422 9.99461E-05 9.99461E-05 0.0315708 9.99461E-05 0.0554075 9.99461E-05 9.99461E-05 9.99461E-05
0.559213 0.0204272 9.9973E-05 9.9973E-05 0.195003 0.0557091 9.9973E-05 0.154568 0.0147793
0.149438 0.0592907 0.100537 0.0380164 0.396213 0.117086 0.108299 9.999E-05 0.0310196
0.364457 9.9964E-05 0.0181611 9.9964E-05 0.534307 0.052646 9.9964E-05 0.030029 9.9964E-05
0.397814 9.9982E-05 0.0168835 0.00678363 0.455342 9.9982E-05 0.110393 0.00832652 0.00425724
0.418373 0.0423796 0.0211024 0.0820468 0.278181 0.0271691 0.130548 9.9982E-05 9.9982E-05
0.105466 9.99641E-05 0.00563993 0.0217231 0.47327 9.99641E-05 9.99641E-05 0.393501 9.99641E-05
0.335457 0.0285277 0.0180057 0.0460902 0.255732 9.9973E-05 9.9973E-05 0.315888 9.9973E-05
9.99461E-05 0.0239287 9.99461E-05 9.99461E-05 0.938995 9.99461E-05 0.0364766 9.99461E-05 9.99461E-05
0.869887 0.00745767 9.99641E-05 9.99641E-05 9.99641E-05 0.0923612 0.00787818 9.99641E-05 0.0220165
0.278524 0.0611654 9.9982E-05 9.9982E-05 0.395859 0.108718 0.0512495 0.0722059 0.0320788
0.401474 9.9982E-05 0.0443916 9.9982E-05 0.305585 0.00603452 0.0738895 0.143691 0.0247346
0.987509 9.994E-05 9.994E-05 9.994E-05 9.994E-05 0.00260407 9.994E-05 0.00928779 9.994E-05
0.820034 0.00342421 0.019589 9.9973E-05 0.0934887 0.0567142 9.9973E-05 0.00644947 9.9973E-05
0.970751 9.99372E-05 9.99372E-05 0.0285497 9.99372E-05 9.99372E-05 9.99372E-05 9.99372E-05 9.99372E-05
0.78065 0.00969235 0.0326541 9.9973E-05 9.9973E-05 0.104219 0.0591537 9.9973E-05 0.0133317
0.286992 9.9973E-05 9.9973E-05 9.9973E-05 0.617255 0.024332 0.0179416 0.0383476 0.0148317
0.937187 0.050717 9.99461E-05 0.0114962 9.99461E-05 9.99461E-05 9.99461E-05 9.99461E-05 9.99461E-05
0.932738 9.99551E-05 0.0248996 9.99551E-05 0.0141111 9.99551E-05 9.99551E-05 0.0277512 9.99551E-05
0.80678 0.0414263 9.99551E-05 9.99551E-05 9.99551E-05 9.99551E-05 9.99551E-05 0.144619 0.00667498
0.943776 0.00498986 9.99551E-05 9.99551E-05 9.99551E-05 9.99551E-05 0.0459206 0.0048137 9.99551E-05
0.841446 0.0691239 9.9964E-05 0.0337596 9.9964E-05 9.9964E-05 9.9964E-05 0.0526552 0.00261574
0.77963 9.99641E-05 9.99641E-05 9.99641E-05 0.019594 9.99641E-05 0.173771 0.0214459 0.00515858
0.397952 9.99461E-05 9.99461E-05 9.99461E-05 9.99461E-05 0.00853584 9.99461E-05 0.592912 9.99461E-05
0.975902 0.0233985 9.99372E-05 9.99372E-05 9.99372E-05 9.99372E-05 9.99372E-05 9.99372E-05 9.99372E-05
0.399011 9.99641E-05 9.99641E-05 0.0295468 0.058468 0.0146367 9.99641E-05 0.497938 9.99641E-05
0.56724 0.0441169 0.0235511 9.9973E-05 0.269057 9.9973E-05 0.0487837 9.9973E-05 0.0469506
9.993E-05 9.993E-05 9.993E-05 9.993E-05 9.993E-05 9.993E-05 9.993E-05 0.999201 9.993E-05
9.99461E-05 9.99461E-05 9.99461E-05 9.99461E-05 9.99461E-05 9.99461E-05 0.0358017 0.962194 0.00140429
9.993E-05 9.993E-05 9.993E-05 9.993E-05 9.993E-05 9.993E-05 9.993E-05 0.999201 9.993E-05
0.255532 9.9973E-05 0.0286906 0.0321888 9.9973E-05 0.0178976 0.561291 0.1041 9.9973E-05
0.0726592 9.99371E-05 9.99371E-05 9.99371E-05 9.99371E-05 9.99371E-05 9.99371E-05 0.926641 9.99371E-05
9.99551E-05 0.0046999 9.99551E-05 9.99551E-05 9.99551E-05 0.045165 9.99551E-05 0.927031 0.0226043
9.993E-05 9.993E-05 9.993E-05 9.993E-05 9.993E-05 9.993E-05 9.993E-05 0.999201 9.993E-05
9.993E-05 9.993E-05 9.993E-05 9.993E-05 9.993E-05 9.993E-05 0.999201 9.993E-05 9.993E-05
9.994E-05 0.0495137 9.994E-05 9.994E-05 0.0311196 9.994E-05 0.918767 9.994E-05 9.994E-05
9.993E-05 9.993E-05 9.993E-05 9.993E-05 9.993E-05 9.993E-05 0.999201 9.993E-05 9.993E-05
9.99372E-05 0.0226333 9.99372E-05 9.99372E-05 9.99372E-05 9.99372E-05 0.976667 9.99372E-05 9.99372E-05
9.99371E-05 0.00624835 9.99371E-05 9.99371E-05 9.99371E-05 9.99371E-05 0.993052 9.99371E-05 9.99371E-05
0.0570575 0.0742051 9.996E-05 9.996E-05 9.996E-05 0.0638617 0.788619 9.996E-05 0.0158564
0.0391654 9.99461E-05 0.00571833 9.99461E-05 9.99461E-05 9.99461E-05 0.954517 9.99461E-05 9.99461E-05
9.99461E-05 0.00806111 9.99461E-05 9.99461E-05 9.99461E-05 0.000181235 0.991158 9.99461E-05 9.99461E-05
9.993E-05 9.993E-05 9.993E-05 9.993E-05 9.993E-05 9.993E-05 0.999201 9.993E-05 9.993E-05
0.00105455 0.106328 9.99551E-05 9.99551E-05 9.99551E-05 9.99551E-05 0.869427 0.0226912 9.99551E-05
9.993E-05 0.999201 9.993E-05 9.993E-05 9.993E-05 9.993E-05 9.993E-05 9.993E-05 9.993E-05
0.0109956 0.96563 9.995E-05 9.995E-05 0.0176611 0.00521346 9.995E-05 9.995E-05 9.995E-05
9.993E-05 0.999201 9.993E-05 9.993E-05 9.993E-05 9.993E-05 9.993E-05 9.993E-05 9.993E-05
