0.693077 0.0650048 0.183136 0.0271155 9.9991E-05 0.031567
0.0322188 0.65463 0.0508298 0.217288 0.0230307 0.022002
0.0302514 0.703807 0.104171 0.0991205 0.000446806 0.0622031
0.0346476 0.576826 0.135777 0.169968 0.0715349 0.0112466
0.0234245 0.721134 0.101252 0.121821 0.00993143 0.0224372
0.013796 0.408533 9.99821E-05 9.99821E-05 0.0988538 0.478617
0.0557529 9.99731E-05 9.99731E-05 9.99731E-05 0.893082 0.0508656
0.0278075 0.0234637 9.9982E-05 9.9982E-05 0.869029 0.0794995
0.0225301 0.0291762 9.9982E-05 9.9982E-05 0.843312 0.104782
9.99731E-05 0.367239 9.99731E-05 9.99731E-05 0.00662428 0.625836
9.996E-05 9.996E-05 9.996E-05 9.996E-05 9.996E-05 0.9995
9.996E-05 9.996E-05 9.996E-05 9.996E-05 9.996E-05 0.9995
0.00118921 0.505907 9.99821E-05 9.99821E-05 0.0267013 0.466002
9.996E-05 9.996E-05 9.996E-05 9.996E-05 9.996E-05 0.9995
9.9982E-05 0.0439962 9.9982E-05 0.00222977 0.03289 0.920684
0.0188339 0.559725 9.9982E-05 9.9982E-05 0.0545886 0.366653
0.153847 0.54658 9.9982E-05 9.9982E-05 0.0490465 0.250327
0.0937947 0.152547 0.12125 0.0610311 0.369477 0.2019
0.123164 0.583871 9.9982E-05 9.9982E-05 0.0230554 0.26971
0.114579 0.56731 9.9982E-05 9.9982E-05 0.0587387 0.259172
0.18248 0.382764 0.176812 9.9991E-05 0.0494632 0.208381
0.0297412 0.651482 9.9982E-05 9.9982E-05 0.0567406 0.261836
0.125808 0.565736 9.9982E-05 9.9982E-05 0.0799713 0.228285
0.0520553 0.587074 9.9982E-05 9.9982E-05 0.0547566 0.305914
9.9973E-05 0.0405356 9.9973E-05 0.0123517 9.9973E-05 0.946813
0.108626 0.475114 0.103257 0.0070226 0.101985 0.203996
0.0229933 9.9973E-05 0.0432311 9.9973E-05 9.9973E-05 0.933476
0.0391977 0.0527173 0.0372108 9.9982E-05 9.9982E-05 0.870674
9.996E-05 9.996E-05 9.996E-05 9.996E-05 9.996E-05 0.9995
0.126373 0.538157 9.9982E-05 9.9982E-05 0.0648786 0.270391
0.147278 0.561464 9.9982E-05 9.9982E-05 0.0647715 0.226286
9.99641E-05 9.99641E-05 9.99641E-05 0.0559419 9.99641E-05 0.943658
0.14212 0.543808 9.9982E-05 9.9982E-05 0.0576944 0.256178
9.99641E-05 0.0240377 9.99641E-05 9.99641E-05 9.99641E-05 0.975562
0.0380724 0.064533 0.0831838 0.163097 0.0353273 0.615786
0.0940004 0.0936278 0.13567 0.105357 0.0457953 0.52555
0.0651468 0.061625 0.127234 9.9991E-05 0.0785798 0.667314
0.0355591 0.039606 0.0285903 0.0671229 0.00488778 0.824234
0.0252792 0.00384893 0.106377 0.0863823 0.0258415 0.752271
9.9973E-05 9.9973E-05 0.0493601 0.0440217 9.9973E-05 0.906318
0.00558254 9.99731E-05 0.0110731 9.99731E-05 9.99731E-05 0.983044
0.0276157 0.0688501 0.126113 9.9991E-05 0.0468224 0.730498
0.102707 0.0682407 0.141585 0.0361527 0.0519271 0.599387
9.99641E-05 9.99641E-05 0.00303476 9.99641E-05 9.99641E-05 0.996565
0.0900381 0.0230975 0.0992579 0.0805022 0.0599774 0.647127
9.996E-05 9.996E-05 9.996E-05 9.996E-05 9.996E-05 0.9995
9.99641E-05 9.99641E-05 9.99641E-05 0.0858161 9.99641E-05 0.913784
9.99641E-05 9.99641E-05 9.99641E-05 9.99641E-05 0.995737 0.00386279
0.175986 0.574598 9.9982E-05 9.9982E-05 0.0845095 0.164707
0.0171122 9.9973E-05 9.9973E-05 0.00468167 9.9973E-05 0.977906
0.131017 0.612393 9.9991E-05 0.0160206 0.0733314 0.167138
0.0119871 0.075152 0.0418975 0.0257321 0.792421 0.0528105
0.056496 0.110705 0.166798 0.0253343 0.590685 0.049982
9.99641E-05 9.99641E-05 9.99641E-05 9.99641E-05 0.955368 0.0442318
9.9973E-05 9.9973E-05 9.9973E-05 0.0123648 0.982687 0.00464806
0.0469358 0.0529554 0.0562396 0.0976846 0.00738717 0.738798
0.665329 0.189788 0.0174942 0.090964 0.0209398 0.0154842
0.747783 0.148812 9.9991E-05 0.0387985 0.0350415 0.0294649
0.80242 0.138069 0.0360639 9.9982E-05 0.0232473 9.9982E-05
0.906819 0.0927814 9.99641E-05 9.99641E-05 9.99641E-05 9.99641E-05
0.939332 0.0602679 9.99641E-05 9.99641E-05 9.99641E-05 9.99641E-05
0.405785 0.152744 0.129258 0.193834 0.0307334 0.0876452
0.774899 0.101847 0.00654562 0.0430544 0.0405908 0.0330631
0.915842 0.075146 9.99731E-05 9.99731E-05 0.00871244 9.99731E-05
0.81001 0.1024 9.9991E-05 0.0262282 0.0423638 0.0188988
0.809832 0.11404 0.0150593 9.9991E-05 0.0486881 0.0122802
0.828277 0.0685368 9.9991E-05 0.0227458 0.0540389 0.0263018
0.144497 0.645988 0.0690926 9.9991E-05 0.00793044 0.132391
0.0572334 0.74548 0.0856241 0.00769311 0.0254944 0.0784746
9.99731E-05 0.926319 9.99731E-05 9.99731E-05 0.00794298 0.0654383
9.9982E-05 0.814982 0.00968922 9.9982E-05 0.0521281 0.123001
0.0458102 0.608529 0.19895 0.0262458 0.0267871 0.0936777
9.9991E-05 0.778128 0.105235 0.00868502 0.0307588 0.0770935
0.138364 0.577835 0.0220533 0.150865 0.0308337 0.0800485
0.0631297 0.503413 0.205992 0.0754935 0.0355214 0.11645
9.99731E-05 0.888268 9.99731E-05 9.99731E-05 0.0198461 0.0915859
0.0267829 0.877136 0.0253208 9.9982E-05 9.9982E-05 0.0705606
9.99731E-05 0.89718 9.99731E-05 9.99731E-05 0.0232677 0.0792526
0.130185 0.670753 9.9982E-05 9.9982E-05 0.056244 0.142619
0.125011 0.706143 9.9982E-05 9.9982E-05 0.0259524 0.142693
0.9995 9.996E-05 9.996E-05 9.996E-05 9.996E-05 9.996E-05
0.9995 9.996E-05 9.996E-05 9.996E-05 9.996E-05 9.996E-05
0.97848 9.99731E-05 9.99731E-05 9.99731E-05 0.0160716 0.00514882
0.9361 9.9973E-05 0.00761546 0.0559847 9.9973E-05 9.9973E-05
0.939646 0.0288424 0.00225119 9.9982E-05 0.0290601 9.9982E-05
0.950015 0.0354608 0.014224 9.9973E-05 9.9973E-05 9.9973E-05
0.9995 9.996E-05 9.996E-05 9.996E-05 9.996E-05 9.996E-05
0.9995 9.996E-05 9.996E-05 9.996E-05 9.996E-05 9.996E-05
0.983484 9.99641E-05 9.99641E-05 9.99641E-05 9.99641E-05 0.0161164
0.9995 9.996E-05 9.996E-05 9.996E-05 9.996E-05 9.996E-05
0.986117 9.99641E-05 9.99641E-05 9.99641E-05 0.0134827 9.99641E-05
0.9995 9.996E-05 9.996E-05 9.996E-05 9.996E-05 9.996E-05
0.9995 9.996E-05 9.996E-05 9.996E-05 9.996E-05 9.996E-05
0.9995 9.996E-05 9.996E-05 9.996E-05 9.996E-05 9.996E-05
9.996E-05 9.996E-05 9.996E-05 9.996E-05 0.9995 9.996E-05
9.996E-05 9.996E-05 9.996E-05 9.996E-05 0.9995 9.996E-05
9.996E-05 9.996E-05 9.996E-05 9.996E-05 0.9995 9.996E-05
9.996E-05 9.996E-05 9.996E-05 9.996E-05 0.9995 9.996E-05
9.996E-05 9.996E-05 9.996E-05 9.996E-05 0.9995 9.996E-05
0.0160042 0.648277 0.0764034 0.259115 9.9982E-05 9.9982E-05
0.0136244 0.774433 9.9991E-05 0.19656 0.00628306 0.00899953
9.99731E-05 0.79603 0.0135408 0.19013 9.99731E-05 9.99731E-05
9.99731E-05 0.798957 9.99731E-05 0.187448 0.0132951 9.99731E-05
9.99731E-05 0.824351 0.00274145 0.172608 9.99731E-05 9.99731E-05
0.023333 0.797247 9.99731E-05 0.17912 9.99731E-05 9.99731E-05
0.0641427 0.82572 0.0363138 0.0736239 9.99821E-05 9.99821E-05
9.99641E-05 0.838102 9.99641E-05 0.161498 9.99641E-05 9.99641E-05
9.99641E-05 9.99641E-05 0.30682 9.99641E-05 0.69278 9.99641E-05
9.99641E-05 9.99641E-05 0.347589 9.99641E-05 0.652011 9.99641E-05
0.625657 9.9982E-05 0.222635 0.0788211 9.9982E-05 0.0726871
0.470963 9.9982E-05 0.266271 0.164531 9.9982E-05 0.0980344
0.582322 9.9982E-05 0.209889 0.170717 9.9982E-05 0.0368714
9.99731E-05 0.761375 0.0056038 0.232721 9.99731E-05 9.99731E-05
0.014155 0.781571 9.99731E-05 0.203974 9.99731E-05 9.99731E-05
0.00258375 0.724652 0.00376491 0.262349 0.00655021 9.9991E-05
9.9982E-05 0.751939 0.0248175 0.218161 0.00488192 9.9982E-05
9.99731E-05 0.733146 0.00810704 0.258447 9.99731E-05 9.99731E-05
9.9982E-05 0.638328 9.9982E-05 0.327657 0.0263769 0.00743769
9.9982E-05 0.703931 0.021254 0.261182 0.0134329 9.9982E-05
9.99641E-05 0.803511 9.99641E-05 0.196089 9.99641E-05 9.99641E-05
9.9982E-05 0.741433 0.0172843 0.239539 9.9982E-05 0.00154351
9.9973E-05 0.643879 0.00467638 0.351144 9.9973E-05 9.9973E-05
9.9973E-05 0.686297 0.0526703 0.260732 9.9973E-05 9.9973E-05
9.99731E-05 0.727611 0.0223348 0.249754 9.99731E-05 9.99731E-05
0.0580843 0.605844 0.168574 0.155454 0.00147704 0.0105665
0.0678273 0.521315 0.0742168 0.295508 0.0410332 9.9991E-05
0.0392488 0.609816 0.136986 0.167431 0.0341497 0.0123681
0.0245261 0.612706 0.0987161 0.257364 0.00658757 9.9991E-05
0.00829683 0.608158 0.125828 0.227841 0.0297764 9.9991E-05
9.9982E-05 0.587664 0.12418 0.26487 0.0230869 9.9982E-05
9.9982E-05 0.59222 0.105822 0.266207 0.035552 9.9982E-05
9.9973E-05 0.802487 0.0368252 0.160388 9.9973E-05 9.9973E-05
9.99731E-05 0.87843 0.0172935 0.103977 9.99731E-05 9.99731E-05
9.9982E-05 0.832379 0.0404728 0.101042 0.0259065 9.9982E-05
9.99731E-05 0.750014 0.00195692 0.247729 9.99731E-05 9.99731E-05
9.9973E-05 0.732813 0.0773991 0.189488 9.9973E-05 9.9973E-05
9.99641E-05 0.853775 9.99641E-05 0.145825 9.99641E-05 9.99641E-05
9.99731E-05 0.630057 0.0142653 0.355378 9.99731E-05 9.99731E-05
0.049089 0.552734 0.133552 0.238287 0.0141263 0.0122105
0.0492964 0.639222 0.0966891 0.178625 0.0360669 9.9991E-05
0.0604356 0.528107 0.158258 0.180764 0.0629787 0.00945664
0.0168823 0.559431 0.200084 0.182271 0.0187243 0.0226075
0.050951 0.574516 0.240229 0.110801 0.0032047 0.0202986
9.99731E-05 0.674117 0.0185817 0.307002 9.99731E-05 9.99731E-05
9.9964E-05 0.682167 9.9964E-05 0.317433 9.9964E-05 9.9964E-05
9.99731E-05 0.133845 9.99731E-05 0.822906 0.0429487 9.99731E-05
0.0394004 0.160484 0.0645928 0.729572 0.00585094 9.9991E-05
9.99641E-05 0.232853 9.99641E-05 0.766747 9.99641E-05 9.99641E-05
0.0457115 0.285195 0.139764 0.512826 9.9991E-05 0.0164036
0.0143971 0.069858 9.9982E-05 0.898523 0.0170218 9.9982E-05
0.0419777 0.304926 0.206942 0.321544 0.0451274 0.0794837
9.9982E-05 0.227333 9.9982E-05 0.753535 0.000975891 0.0179564
0.0660109 0.049175 0.0240966 0.846624 0.0137103 0.000382798
0.0673679 0.228556 0.191293 0.408719 0.0414305 0.0626342
0.0838537 0.240826 0.177855 0.41706 0.0445645 0.0358398
9.99641E-05 0.106126 9.99641E-05 0.893474 9.99641E-05 9.99641E-05
9.99641E-05 0.808853 9.99641E-05 0.190747 9.99641E-05 9.99641E-05
9.99731E-05 0.32562 9.99731E-05 0.489073 0.185006 9.99731E-05
9.9973E-05 0.554797 0.0916213 0.353281 9.9973E-05 9.9973E-05
9.9982E-05 0.459636 0.155472 0.363818 9.9982E-05 0.0208736
0.0248374 0.474108 0.0219193 0.438639 0.0403972 9.9991E-05
9.99731E-05 0.427023 0.0728235 0.499854 9.99731E-05 9.99731E-05
9.99731E-05 0.169128 0.15396 0.676612 9.99731E-05 9.99731E-05
9.99641E-05 0.532492 9.99641E-05 0.467108 9.99641E-05 9.99641E-05
0.0548736 0.274821 0.0449423 0.617771 0.00749251 9.9991E-05
0.00515634 0.019896 0.0259721 0.890366 9.9991E-05 0.0585096
0.0199174 0.010009 0.145886 0.823988 9.9982E-05 9.9982E-05
0.000409599 9.99731E-05 9.99731E-05 0.982337 0.016953 9.99731E-05
0.0343019 9.99731E-05 9.99731E-05 0.95122 0.0141784 9.99731E-05
9.9991E-05 0.0133608 0.0789486 0.8655 0.00665147 0.0354387
9.99731E-05 0.0268011 9.99731E-05 0.958573 9.99731E-05 0.0143255
0.0243105 0.0469102 0.0584412 0.84509 0.0155328 0.00971529
9.9982E-05 0.0253697 0.00876601 0.955459 9.9982E-05 0.0102057
0.000655679 9.99731E-05 9.99731E-05 0.984384 9.99731E-05 0.0146604
9.99731E-05 9.99731E-05 0.00646266 0.933075 0.0601625 9.99731E-05
9.996E-05 9.996E-05 9.996E-05 0.9995 9.996E-05 9.996E-05
9.99731E-05 9.99731E-05 0.0674378 0.913557 0.0187054 9.99731E-05
0.0170694 0.0515147 9.9982E-05 0.923214 9.9982E-05 0.00800179
9.99731E-05 0.013005 9.99731E-05 0.97156 0.015135 9.99731E-05
9.9982E-05 0.135808 0.0349994 0.811602 9.9982E-05 0.0173912
9.99641E-05 0.0482482 9.99641E-05 0.951352 9.99641E-05 9.99641E-05
9.99731E-05 9.99731E-05 0.0372585 0.96214 0.000301859 9.99731E-05
0.0344712 0.0365403 0.0137823 0.899685 0.0154211 9.9991E-05
0.0215344 9.99731E-05 0.0326151 0.945551 9.99731E-05 9.99731E-05
9.99731E-05 9.99731E-05 0.01824 0.954312 0.0271483 9.99731E-05
9.99731E-05 0.0526136 0.0577458 0.889341 9.99731E-05 9.99731E-05
0.0221534 0.00934516 9.99731E-05 0.968201 9.99731E-05 9.99731E-05
0.0506918 9.99641E-05 9.99641E-05 0.948908 9.99641E-05 9.99641E-05
0.0156037 9.9982E-05 0.106765 0.869755 9.9982E-05 0.0076767
0.0490731 0.0203036 0.258936 0.656649 9.9991E-05 0.0149385
0.0157997 9.9991E-05 0.0563868 0.865588 0.0288612 0.0332642
0.0168107 9.9991E-05 0.0319261 0.920541 0.0172822 0.0133401
0.056629 9.9982E-05 0.0761834 0.818919 9.9982E-05 0.0480684
0.0404467 9.9982E-05 0.113725 0.826283 9.9982E-05 0.0193458
9.9991E-05 0.0432219 0.140944 0.753367 0.0218567 0.040511
9.9982E-05 0.0381733 0.0830381 0.865182 0.0134066 9.9982E-05
0.0238806 9.9973E-05 0.0622946 0.913525 9.9973E-05 9.9973E-05
9.9973E-05 9.9973E-05 0.104676 0.881879 9.9973E-05 0.0131445
0.00600557 0.11245 0.0918748 0.786742 0.00156904 0.00135854
0.0703545 0.265839 0.101185 0.460652 0.089413 0.0125561
0.0387003 0.256672 0.626781 0.0325252 0.0236327 0.0216885
0.0418161 0.149564 0.706761 0.0258197 0.048806 0.0272338
0.114489 0.0937803 0.676596 0.0698708 0.033327 0.0119373
0.110767 0.0630453 0.651574 0.0726298 0.042598 0.0593856
0.0125165 0.0217784 0.960276 9.9982E-05 9.9982E-05 0.0052292
0.025778 9.9982E-05 0.910592 9.9982E-05 0.0442102 0.0192198
0.0689255 0.0865008 0.822682 9.9982E-05 9.9982E-05 0.0216919
0.0342225 9.99731E-05 0.863707 0.101771 9.99731E-05 9.99731E-05
0.0390638 9.9982E-05 0.900532 0.0255216 0.0346828 9.9982E-05
0.0483881 9.9973E-05 0.947722 9.9973E-05 9.9973E-05 0.00358966
0.0350147 0.0256609 0.893844 0.0385949 9.9991E-05 0.00678536
9.99641E-05 9.99641E-05 0.923369 0.0762312 9.99641E-05 9.99641E-05
9.99821E-05 9.99821E-05 0.935781 0.0121831 0.00740976 0.0444264
0.0150549 0.00814872 0.957263 0.0124039 9.9991E-05 0.00702977
0.00419278 0.0542586 0.851101 0.0406278 0.0269292 0.0228907
0.00366249 9.99731E-05 0.993161 9.99731E-05 9.99731E-05 0.00287614
9.99731E-05 0.013552 0.964422 0.0217256 9.99731E-05 9.99731E-05
9.99731E-05 9.99731E-05 0.991543 0.00287057 9.99731E-05 0.0052868
0.0409672 0.0522022 0.905648 9.9982E-05 0.0009827 9.9982E-05
0.0175919 0.000376333 0.87324 0.0699424 0.0355736 0.00327605
0.012155 9.99731E-05 0.946255 9.99731E-05 0.0412897 9.99731E-05
9.996E-05 9.996E-05 0.9995 9.996E-05 9.996E-05 9.996E-05
9.99641E-05 0.00965534 0.989945 9.99641E-05 9.99641E-05 9.99641E-05
0.0294262 9.99731E-05 0.941847 9.99731E-05 0.0284265 9.99731E-05
9.99641E-05 9.99641E-05 0.991655 9.99641E-05 0.00794562 9.99641E-05
9.996E-05 9.996E-05 0.9995 9.996E-05 9.996E-05 9.996E-05
0.0647041 0.0847813 0.724306 0.084618 0.0414904 9.9991E-05
9.99731E-05 9.99731E-05 0.975567 0.0124959 9.99731E-05 0.0116368
0.00156055 0.0188937 0.922261 0.0420318 0.0151527 9.9991E-05
9.996E-05 9.996E-05 0.9995 9.996E-05 9.996E-05 9.996E-05
9.99641E-05 9.99641E-05 0.946722 0.0528786 9.99641E-05 9.99641E-05
0.00283344 9.99641E-05 0.996767 9.99641E-05 9.99641E-05 9.99641E-05
9.996E-05 9.996E-05 0.9995 9.996E-05 9.996E-05 9.996E-05
0.0107312 9.9982E-05 0.962336 0.0245092 0.00222359 9.9982E-05
9.996E-05 9.996E-05 0.9995 9.996E-05 9.996E-05 9.996E-05
9.996E-05 9.996E-05 0.9995 9.996E-05 9.996E-05 9.996E-05
0.00610787 9.99731E-05 0.979504 0.0140885 9.99731E-05 9.99731E-05
9.99731E-05 9.99731E-05 0.882512 0.0781028 0.039085 9.99731E-05
0.0541489 9.99731E-05 0.935192 0.0103591 9.99731E-05 9.99731E-05
9.9973E-05 9.9973E-05 0.839113 0.0946467 0.0659403 9.9973E-05
9.996E-05 9.996E-05 0.9995 9.996E-05 9.996E-05 9.996E-05
9.996E-05 9.996E-05 0.9995 9.996E-05 9.996E-05 9.996E-05
9.99641E-05 9.99641E-05 0.998518 9.99641E-05 0.00108264 9.99641E-05
9.996E-05 9.996E-05 0.9995 9.996E-05 9.996E-05 9.996E-05
9.996E-05 9.996E-05 0.9995 9.996E-05 9.996E-05 9.996E-05
9.99641E-05 9.99641E-05 0.994024 9.99641E-05 0.00557592 9.99641E-05
0.0410609 0.00220068 0.956439 9.99731E-05 9.99731E-05 9.99731E-05
0.0110604 0.0127386 0.933307 0.00574825 0.0370459 9.9991E-05
0.0263684 0.0182718 0.940601 0.0145584 9.9982E-05 9.9982E-05
0.0688792 0.211992 0.670205 9.9991E-05 0.0421852 0.00663857
9.9982E-05 0.0633909 0.843982 0.078277 9.9982E-05 0.0141506
0.0345496 9.9991E-05 0.777795 0.111134 0.0285381 0.0478834
0.0988015 0.0796222 0.765713 9.9991E-05 0.0555034 0.000260123
0.0417208 0.107943 0.72954 0.0689346 0.00530407 0.0465575
0.030072 0.0722793 0.861652 9.9991E-05 0.013152 0.0227449
0.110437 0.00424489 0.791676 9.9991E-05 0.0687427 0.0247997
0.0770493 0.112346 0.699122 0.00900799 0.0324808 0.0699945
0.00414727 0.0504557 0.848584 0.088359 0.000163932 0.00829053
9.9982E-05 0.103142 0.791046 9.9982E-05 0.0482836 0.0573292
0.00805733 0.0157222 0.930469 9.9982E-05 9.9982E-05 0.045551
0.0971494 0.00672932 0.82847 0.0601562 9.9991E-05 0.00739496
0.0529162 0.118445 0.765567 0.0426791 0.00189818 0.0184941
9.9982E-05 0.0332116 0.916606 0.022419 0.0275638 9.9982E-05
0.0607825 0.011934 0.818179 0.0540938 0.00189764 0.0531129
0.00792418 0.0487561 0.906275 0.00119089 0.0353115 0.000542444
0.00749048 0.0894573 0.902752 9.9973E-05 9.9973E-05 9.9973E-05
9.99731E-05 0.0440338 0.835625 9.99731E-05 0.120041 9.99731E-05
0.0520884 0.0205875 0.804618 9.9982E-05 0.122506 9.9982E-05
0.0149287 0.00412224 0.840188 0.0319616 0.1087 9.9991E-05
0.0844726 0.179663 0.560517 0.0396829 0.0701019 0.0655627
0.0826023 0.0991413 0.662636 0.0338013 0.0828692 0.0389499
