0.0145825 0.13224 0.0186057 0.049566 0.785006
9.9973E-05 9.9973E-05 9.9973E-05 0.0272673 0.972433
9.997E-05 9.997E-05 9.997E-05 9.997E-05 0.9996
0.172864 0.0488063 0.0323101 0.15635 0.58967
0.0628642 0.183998 0.0237596 0.0974183 0.63196
0.0758917 0.0420577 9.9991E-05 0.0686499 0.813301
9.997E-05 9.997E-05 9.997E-05 9.997E-05 0.9996
9.997E-05 9.997E-05 9.997E-05 9.997E-05 0.9996
9.997E-05 9.997E-05 9.997E-05 9.997E-05 0.9996
0.0492348 0.109809 0.0142999 0.0296166 0.79704
9.9982E-05 0.0715232 0.432104 9.9982E-05 0.496172
0.0161896 0.0940695 0.456587 9.9991E-05 0.433054
0.143371 9.9982E-05 0.468649 9.9982E-05 0.387781
0.172898 0.0743675 0.615948 9.9991E-05 0.136687
0.0766734 0.187848 0.499794 0.0574619 0.178223
0.152604 0.304927 0.332304 0.0250603 0.185104
0.270227 0.0942971 0.438254 9.9991E-05 0.197123
0.317027 0.00633955 0.56046 9.9991E-05 0.116074
0.198912 0.0524856 0.56918 9.9991E-05 0.179322
9.997E-05 9.997E-05 0.9996 9.997E-05 9.997E-05
9.997E-05 9.997E-05 0.9996 9.997E-05 9.997E-05
9.997E-05 9.997E-05 0.9996 9.997E-05 9.997E-05
0.293213 0.0249838 0.594353 9.9991E-05 0.08735
0.675135 0.290506 0.0341597 9.9982E-05 9.9982E-05
0.837702 0.050027 9.9991E-05 0.0829943 0.029177
0.785861 0.157504 0.0252456 0.0251765 0.00621231
0.904188 0.0753945 0.0105808 0.00433772 0.00549876
0.779792 0.14641 0.0680621 9.9991E-05 0.00563584
0.9996 9.997E-05 9.997E-05 9.997E-05 9.997E-05
0.9996 9.997E-05 9.997E-05 9.997E-05 9.997E-05
0.9996 9.997E-05 9.997E-05 9.997E-05 9.997E-05
0.99153 0.00817015 9.99731E-05 9.99731E-05 9.99731E-05
0.9996 9.997E-05 9.997E-05 9.997E-05 9.997E-05
0.90904 0.0830523 0.00770764 9.9982E-05 9.9982E-05
0.576256 0.212943 0.0434779 0.111642 0.0556812
0.36148 0.436372 0.0546672 0.0549625 0.0925177
0.706959 0.125266 9.9991E-05 0.0678161 0.0998591
0.0397955 0.812001 0.094631 0.0527263 0.000846632
0.193431 0.606873 0.0931503 0.106446 9.9991E-05
0.110097 0.867599 0.00847142 9.9991E-05 0.0137327
0.127649 0.816359 0.0557922 9.9982E-05 9.9982E-05
0.105353 0.846948 0.0420009 9.9991E-05 0.00559818
0.0263083 0.973392 9.99731E-05 9.99731E-05 9.99731E-05
0.178215 0.755206 0.0663788 9.9982E-05 9.9982E-05
0.266689 0.718749 9.9991E-05 0.00546979 0.00899292
0.0272324 0.955385 9.9982E-05 9.9982E-05 0.0171828
0.217239 0.687329 0.019152 9.9991E-05 0.07618
0.221439 0.746946 0.0314152 9.9982E-05 9.9982E-05
0.159423 0.840277 9.99731E-05 9.99731E-05 9.99731E-05
0.11284 0.88686 9.99731E-05 9.99731E-05 9.99731E-05
0.165327 0.598105 0.0620072 0.123319 0.0512416
0.0755102 0.905825 9.9982E-05 9.9982E-05 0.0184646
0.085217 0.795416 0.0105518 0.0709387 0.0378766
0.13122 0.614082 0.0127325 0.189614 0.0523523
9.9991E-05 0.900565 0.00583326 0.0610067 0.0324946
9.9991E-05 0.89695 0.00380705 0.0430213 0.0561217
9.9982E-05 0.960356 0.00736429 9.9982E-05 0.0320798
0.0783321 0.895951 0.0255168 9.9982E-05 9.9982E-05
0.145999 0.741196 0.0171807 0.0786683 0.0169562
0.022874 0.808129 0.0457849 0.0722749 0.0509376
0.0416765 0.958024 9.99731E-05 9.99731E-05 9.99731E-05
0.114524 0.879029 9.9982E-05 9.9982E-05 0.00624705
9.99731E-05 0.986078 0.0136218 9.99731E-05 9.99731E-05
0.0764783 0.759135 0.0464068 0.0963838 0.0215962
0.0568119 0.917263 0.0257253 9.9982E-05 9.9982E-05
9.9982E-05 0.968729 0.0183811 0.0126902 9.9982E-05
9.99731E-05 0.97881 9.99731E-05 9.99731E-05 0.0208901
9.997E-05 0.9996 9.997E-05 9.997E-05 9.997E-05
0.0417495 0.910083 9.9991E-05 0.0430807 0.00498655
9.9982E-05 0.899977 0.0289885 0.0708342 9.9982E-05
9.99731E-05 0.851498 9.99731E-05 0.148202 9.99731E-05
9.99731E-05 0.869715 9.99731E-05 0.129985 9.99731E-05
9.99731E-05 0.946031 9.99731E-05 0.0536696 9.99731E-05
9.9973E-05 0.942404 9.9973E-05 0.0572957 9.9973E-05
9.9991E-05 0.87415 0.0524144 0.0708913 0.00244432
9.9982E-05 0.552375 9.9982E-05 0.409351 0.0380736
9.99731E-05 0.611682 9.99731E-05 0.388018 9.99731E-05
9.99731E-05 0.679711 9.99731E-05 0.319989 9.99731E-05
0.145035 0.234063 9.9991E-05 0.618199 0.0026029
9.99731E-05 0.669687 9.99731E-05 0.330013 9.99731E-05
0.0109964 0.606273 0.0100512 0.365394 0.0072854
9.9982E-05 0.56438 9.9982E-05 0.419728 0.015692
9.99731E-05 0.0467491 9.99731E-05 0.952951 9.99731E-05
9.9973E-05 0.0980439 9.9973E-05 0.901656 9.9973E-05
0.0382147 9.9973E-05 9.9973E-05 0.961485 9.9973E-05
9.997E-05 9.997E-05 9.997E-05 0.9996 9.997E-05
9.9973E-05 0.0552543 9.9973E-05 0.944446 9.9973E-05
0.0736789 0.0922423 0.01706 0.816919 9.9991E-05
0.0593683 0.076368 9.9982E-05 0.864064 9.9982E-05
0.0510189 9.9973E-05 9.9973E-05 0.948681 9.9973E-05
9.9973E-05 0.0745845 9.9973E-05 0.925116 9.9973E-05
0.00474428 0.0333954 9.9982E-05 0.96166 9.9982E-05
9.997E-05 9.997E-05 9.997E-05 0.9996 9.997E-05
9.9973E-05 9.9973E-05 9.9973E-05 0.960886 0.0388141
9.99731E-05 9.99731E-05 9.99731E-05 0.99808 0.00161988
