9.9982E-05 0.0421881 0.0825782 0.14774 9.9982E-05 0.727294
9.99641E-05 9.99641E-05 0.0106177 9.99641E-05 9.99641E-05 0.988982
9.996E-05 9.996E-05 9.996E-05 9.996E-05 9.996E-05 0.9995
0.0108813 9.9991E-05 0.107902 0.0993405 0.135225 0.646552
9.9982E-05 0.0477896 0.07147 0.230149 9.9982E-05 0.650392
0.0576637 9.9973E-05 0.10729 9.9973E-05 9.9973E-05 0.834747
9.996E-05 9.996E-05 9.996E-05 9.996E-05 9.996E-05 0.9995
9.996E-05 9.996E-05 9.996E-05 9.996E-05 9.996E-05 0.9995
9.996E-05 9.996E-05 9.996E-05 9.996E-05 9.996E-05 0.9995
0.0781152 0.0345327 0.0303957 0.051389 9.9991E-05 0.805467
0.0149051 0.374923 9.9982E-05 0.0660285 9.9982E-05 0.543944
0.0178363 0.399627 9.9982E-05 0.102422 9.9982E-05 0.479915
0.147367 0.429897 9.9982E-05 0.00750409 9.9982E-05 0.415032
0.215485 0.608077 0.00466845 9.9991E-05 0.0434492 0.128221
0.0985033 0.465455 0.0454449 0.240934 9.9991E-05 0.149563
0.169882 0.334586 0.0395627 0.295029 0.00798533 0.152954
0.258717 0.460063 9.9982E-05 0.109447 9.9982E-05 0.171572
0.324482 0.529034 9.9982E-05 9.9982E-05 0.0182165 0.128068
0.269881 0.540599 9.9973E-05 9.9973E-05 9.9973E-05 0.18922
9.996E-05 0.9995 9.996E-05 9.996E-05 9.996E-05 9.996E-05
9.996E-05 0.9995 9.996E-05 9.996E-05 9.996E-05 9.996E-05
9.996E-05 0.9995 9.996E-05 9.996E-05 9.996E-05 9.996E-05
0.198467 0.571898 9.9982E-05 0.148388 9.9982E-05 0.0810468
0.553967 0.0268336 9.9973E-05 0.4189 9.9973E-05 9.9973E-05
0.743232 9.9982E-05 0.0377916 0.190189 9.9982E-05 0.0285873
0.820151 0.0123175 9.9982E-05 9.9982E-05 0.150316 0.017016
0.743078 0.0332369 9.9991E-05 0.130171 0.0443025 0.0491111
0.795146 0.0543134 9.9973E-05 9.9973E-05 0.15024 9.9973E-05
0.9995 9.996E-05 9.996E-05 9.996E-05 9.996E-05 9.996E-05
0.9995 9.996E-05 9.996E-05 9.996E-05 9.996E-05 9.996E-05
0.960001 9.9973E-05 0.00591254 0.0337861 9.9973E-05 9.9973E-05
0.969798 9.99641E-05 9.99641E-05 9.99641E-05 0.029802 9.99641E-05
0.993741 9.99641E-05 0.00585885 9.99641E-05 9.99641E-05 9.99641E-05
0.924917 0.00183041 9.9982E-05 0.0373899 0.035663 9.9982E-05
0.632852 0.0669631 0.0699307 0.0483615 0.138122 0.043771
0.323169 0.0540481 0.0732826 0.314955 0.147518 0.0870277
0.741343 0.00177424 0.0296544 9.9991E-05 0.143692 0.0834361
9.99731E-05 0.00207404 0.00922571 0.9884 9.99731E-05 9.99731E-05
0.139982 0.027871 0.0868045 0.745143 9.9982E-05 9.9982E-05
9.996E-05 9.996E-05 9.996E-05 0.9995 9.996E-05 9.996E-05
0.0410411 0.00579227 9.9982E-05 0.803518 0.149449 9.9982E-05
0.0362819 0.000913877 0.0274672 0.665062 0.267579 0.00269663
9.996E-05 9.996E-05 9.996E-05 0.9995 9.996E-05 9.996E-05
9.996E-05 9.996E-05 9.996E-05 0.9995 9.996E-05 9.996E-05
0.0380132 9.9973E-05 0.00651362 0.955173 9.9973E-05 9.9973E-05
9.996E-05 9.996E-05 9.996E-05 0.9995 9.996E-05 9.996E-05
0.254632 9.9982E-05 9.9982E-05 0.426143 0.228651 0.0903738
0.093695 0.0145132 9.9982E-05 0.70604 0.185552 9.9982E-05
0.11553 0.0141254 9.99731E-05 9.99731E-05 0.870045 9.99731E-05
0.119142 9.99641E-05 9.99641E-05 9.99641E-05 0.880458 9.99641E-05
0.156041 0.0365979 0.0783411 0.274673 0.379144 0.0752024
0.0305875 0.00169354 9.9991E-05 0.303907 0.634294 0.0294173
0.0689913 0.0121116 9.9982E-05 0.371651 0.547046 9.9982E-05
0.0202308 0.0157672 0.110191 0.322257 0.460989 0.0705652
9.9991E-05 0.0093154 0.0454354 0.244567 0.682515 0.0180669
9.9991E-05 0.0176428 0.0186029 0.0521732 0.864183 0.047298
9.9982E-05 9.9982E-05 0.0561394 0.78135 0.160109 0.00220201
0.054039 9.99731E-05 9.99731E-05 0.229024 0.716637 9.99731E-05
0.0101621 0.014127 0.0869447 0.638562 0.250105 9.9991E-05
0.0459943 0.0517088 0.0334695 0.059988 0.750288 0.0585512
0.0167517 9.99641E-05 9.99641E-05 9.99641E-05 0.982848 9.99641E-05
0.118952 9.9982E-05 9.9982E-05 0.149058 0.715264 0.0165254
0.00810795 0.00990434 9.9982E-05 0.10818 0.873607 9.9982E-05
0.0671694 0.0279626 0.0925182 0.311317 0.459018 0.0420146
0.0561047 0.0326675 9.9982E-05 0.153718 0.75731 9.9982E-05
0.0572637 9.99641E-05 9.99641E-05 9.99641E-05 0.942336 9.99641E-05
0.00253611 9.99731E-05 9.99731E-05 9.99731E-05 0.973289 0.0238747
9.996E-05 9.996E-05 9.996E-05 9.996E-05 0.9995 9.996E-05
0.0502486 9.9982E-05 0.0297544 9.9982E-05 0.893865 0.0259316
9.9973E-05 0.0363548 0.0139849 9.9973E-05 0.94936 9.9973E-05
9.99731E-05 9.99731E-05 0.119598 0.0349802 0.845122 9.99731E-05
9.99641E-05 9.99641E-05 0.000883369 9.99641E-05 0.998717 9.99641E-05
9.99641E-05 9.99641E-05 9.99641E-05 0.0137507 0.985849 9.99641E-05
9.9973E-05 9.9973E-05 0.0456873 0.135961 0.818052 9.9973E-05
9.9991E-05 0.0117714 0.0488592 0.231359 0.698877 0.00903289
9.99702E-05 9.99702E-05 0.27906 9.99702E-05 0.720541 9.99702E-05
9.99641E-05 9.99641E-05 0.297026 9.99641E-05 0.702574 9.99641E-05
9.99731E-05 0.00413115 0.233978 9.99731E-05 0.761591 9.99731E-05
0.134599 9.9982E-05 0.531088 9.9982E-05 0.322139 0.0119748
9.99641E-05 9.99641E-05 0.17845 9.99641E-05 0.82115 9.99641E-05
0.0237983 0.000764683 0.285686 9.9982E-05 0.689551 9.9982E-05
9.99731E-05 9.99731E-05 0.320042 9.99731E-05 0.671956 0.00770183
0.0125412 9.99641E-05 0.987059 9.99641E-05 9.99641E-05 9.99641E-05
9.9973E-05 9.9973E-05 0.895735 0.037107 0.0668581 9.9973E-05
9.99641E-05 9.99641E-05 0.936793 0.0628073 9.99641E-05 9.99641E-05
9.99641E-05 9.99641E-05 0.957138 0.0424623 9.99641E-05 9.99641E-05
9.9973E-05 9.9973E-05 0.945164 0.0492876 0.00524882 9.9973E-05
0.0549114 0.0106339 0.756291 0.0135365 0.164527 9.9991E-05
0.0249114 9.9973E-05 0.819608 9.9973E-05 0.15518 9.9973E-05
0.0508764 9.99641E-05 0.948724 9.99641E-05 9.99641E-05 9.99641E-05
9.99641E-05 9.99641E-05 0.883681 9.99641E-05 0.11592 9.99641E-05
9.9964E-05 9.9964E-05 0.919037 9.9964E-05 0.0805634 9.9964E-05
9.996E-05 9.996E-05 0.9995 9.996E-05 9.996E-05 9.996E-05
9.9964E-05 9.9964E-05 0.984952 9.9964E-05 9.9964E-05 0.0146485
9.99641E-05 9.99641E-05 0.999396 9.99641E-05 9.99641E-05 0.000204245
