0.189455 0.801135 0.00940985
0.0752452 0.924655 9.9991E-05
9.999E-05 0.9998 9.999E-05
0.225575 0.63729 0.137135
0.203047 0.720907 0.0760468
0.148492 0.851409 9.9991E-05
9.999E-05 0.9998 9.999E-05
9.999E-05 0.9998 9.999E-05
9.999E-05 0.9998 9.999E-05
0.091766 0.833518 0.0747164
9.9991E-05 0.871181 0.128719
9.9991E-05 0.842588 0.157312
9.9991E-05 0.790125 0.209775
9.9991E-05 0.571269 0.428631
0.0613279 0.538008 0.400664
0.0668685 0.42675 0.506381
9.9991E-05 0.555263 0.444637
9.9991E-05 0.552271 0.447629
9.9991E-05 0.602653 0.397247
9.9991E-05 0.678885 0.321015
9.9991E-05 0.661844 0.338056
9.9991E-05 0.677044 0.322856
9.9991E-05 0.535283 0.464617
0.0240033 0.0651417 0.910855
0.0586488 0.0971531 0.844198
0.0133705 0.0603518 0.926278
9.9991E-05 0.125237 0.874663
9.9991E-05 0.0848433 0.915057
9.9991E-05 0.0340306 0.965869
9.9991E-05 0.0329495 0.966951
9.9991E-05 0.0138297 0.98607
9.999E-05 9.999E-05 0.9998
9.9991E-05 0.071858 0.928042
9.9991E-05 0.0554231 0.944477
0.117812 0.127096 0.755092
0.11358 0.11386 0.77256
0.0282281 0.127608 0.844164
0.24428 0.0113575 0.744362
0.219729 9.9991E-05 0.780171
0.194196 9.9991E-05 0.805704
0.145849 9.9991E-05 0.854051
0.218814 0.0260453 0.755141
0.182407 9.9991E-05 0.817493
0.155921 0.0295376 0.814541
0.161006 0.00516727 0.833827
0.177976 9.9991E-05 0.821924
0.148327 0.104372 0.747301
0.122567 9.9991E-05 0.877333
0.101682 9.9991E-05 0.898218
0.237686 9.9991E-05 0.762214
0.286034 0.152086 0.56188
0.143708 9.9991E-05 0.856192
0.262064 0.00548387 0.732452
0.317912 0.0703509 0.611737
0.340957 0.00631206 0.652731
0.281032 0.0121809 0.706787
0.269316 0.0269363 0.703748
0.205323 9.9991E-05 0.794577
0.295174 9.9991E-05 0.704726
0.295166 0.0645211 0.640313
0.259936 9.9991E-05 0.739964
0.218416 9.9991E-05 0.781485
0.255928 9.9991E-05 0.743972
0.282247 0.0109564 0.706796
0.180858 9.9991E-05 0.819042
0.258729 9.9991E-05 0.741171
0.268817 9.9991E-05 0.731083
0.288697 9.9991E-05 0.711203
0.317332 9.9991E-05 0.682568
0.311669 9.9991E-05 0.688231
0.466709 9.9991E-05 0.533191
0.360712 9.9991E-05 0.639188
0.373003 9.9991E-05 0.626897
0.331965 9.9991E-05 0.667935
0.306617 0.0198279 0.673555
0.549136 9.9991E-05 0.450764
0.608302 9.9991E-05 0.391598
0.467467 9.9991E-05 0.532433
0.700427 0.0226558 0.276918
0.530568 9.9991E-05 0.469332
0.503742 0.0213211 0.474937
0.597572 9.9991E-05 0.402328
0.994369 9.9991E-05 0.00553054
0.994823 9.9991E-05 0.00507737
0.9998 9.999E-05 9.999E-05
0.9998 9.999E-05 9.999E-05
0.9998 9.999E-05 9.999E-05
0.877346 9.9991E-05 0.122554
0.955106 9.9991E-05 0.0447944
0.9998 9.999E-05 9.999E-05
0.9998 9.999E-05 9.999E-05
0.969044 9.9991E-05 0.0308564
0.999028 0.000871627 9.9991E-05
0.931226 0.0686739 9.9991E-05
0.998161 0.00173906 9.9991E-05
