9.9991E-05 0.169473 0.830427
9.999E-05 0.0364839 0.963416
9.999E-05 9.999E-05 0.9998
0.18495 0.173746 0.641304
0.102359 0.218548 0.679093
9.9991E-05 0.17302 0.82688
9.999E-05 9.999E-05 0.9998
9.999E-05 9.999E-05 0.9998
9.999E-05 9.999E-05 0.9998
0.0154307 0.134069 0.8505
0.106122 9.9991E-05 0.893778
0.164093 9.9991E-05 0.835807
0.161825 9.9991E-05 0.838075
0.402913 9.9991E-05 0.596987
0.387673 0.0373367 0.57499
0.594494 9.9991E-05 0.405406
0.411216 9.9991E-05 0.588684
0.453952 9.9991E-05 0.545948
0.384841 9.9991E-05 0.615059
0.282057 9.9991E-05 0.717843
0.311901 9.9991E-05 0.687999
0.282176 9.9991E-05 0.717724
0.454747 9.9991E-05 0.545153
0.901527 0.0398812 0.0585922
0.925297 9.9991E-05 0.0746031
0.912848 9.9991E-05 0.0870521
0.909652 9.9991E-05 0.0902478
0.906974 9.9991E-05 0.0929256
0.962278 9.9991E-05 0.0376225
0.95606 9.9991E-05 0.0438399
0.952383 9.9991E-05 0.0475165
0.99744 9.9991E-05 0.00245992
0.922438 9.9991E-05 0.0774616
0.937461 9.9991E-05 0.0624388
0.722846 0.144849 0.132305
0.724813 0.132259 0.142927
0.842712 0.00528359 0.152005
0.77022 0.218741 0.0110397
0.793088 0.199474 0.00743829
0.816714 0.183186 9.9991E-05
0.857204 0.142696 9.9991E-05
0.801033 0.196897 0.00206996
0.861331 0.138569 9.9991E-05
0.880281 0.109476 0.010243
0.802982 0.196918 9.9991E-05
0.872075 0.127825 9.9991E-05
0.793417 0.11666 0.089923
0.896851 0.103049 9.9991E-05
0.849555 0.150345 9.9991E-05
0.781437 0.218463 9.9991E-05
0.709193 0.220357 0.07045
0.799134 0.192494 0.00837266
0.740999 0.258901 9.9991E-05
0.663019 0.291935 0.0450454
0.687132 0.312768 9.9991E-05
0.661186 0.302914 0.0358999
0.775479 0.214131 0.0103901
0.768227 0.231673 9.9991E-05
0.73489 0.26501 9.9991E-05
0.689938 0.265778 0.0442845
0.775819 0.224081 9.9991E-05
0.7993 0.2006 9.9991E-05
0.786655 0.213245 9.9991E-05
0.679356 0.275806 0.0448388
0.805274 0.194626 9.9991E-05
0.725979 0.273921 9.9991E-05
0.777784 0.222116 9.9991E-05
0.745407 0.254493 9.9991E-05
0.720369 0.279531 9.9991E-05
0.643357 0.356543 9.9991E-05
0.585244 0.414656 9.9991E-05
0.66776 0.33214 9.9991E-05
0.650546 0.349354 9.9991E-05
0.639746 0.360154 9.9991E-05
0.645529 0.342131 0.0123398
0.427153 0.572747 9.9991E-05
0.39162 0.60828 9.9991E-05
0.53034 0.46956 9.9991E-05
0.379382 0.620519 9.9991E-05
0.4154 0.5845 9.9991E-05
0.509616 0.490284 9.9991E-05
0.408941 0.590959 9.9991E-05
9.999E-05 0.9998 9.999E-05
0.015294 0.984606 9.9991E-05
9.999E-05 0.9998 9.999E-05
9.999E-05 0.9998 9.999E-05
9.9991E-05 0.997963 0.00193659
0.10793 0.87566 0.0164096
0.0330129 0.966887 9.9991E-05
0.00529796 0.994602 9.9991E-05
0.0144389 0.985461 9.9991E-05
0.00974232 0.990158 9.9991E-05
9.9991E-05 0.988155 0.0117445
9.9991E-05 0.948191 0.0517088
9.9991E-05 0.986143 0.0137566
