0.0202334 9.9982E-05 9.9982E-05 0.0142062 0.0804438 0.0914348 0.793482
9.99641E-05 9.99641E-05 0.00427995 9.99641E-05 0.0167998 9.99641E-05 0.97852
9.995E-05 9.995E-05 9.995E-05 9.995E-05 9.995E-05 9.995E-05 0.9994
0.00809368 0.0632471 9.9991E-05 0.109126 0.0505019 0.151977 0.616954
0.0117973 0.0747829 0.0288951 0.00522506 0.0223027 0.21814 0.638857
9.999E-05 0.0718365 0.00533893 0.0705201 0.0122963 0.0124174 0.827491
9.995E-05 9.995E-05 9.995E-05 9.995E-05 9.995E-05 9.995E-05 0.9994
9.99551E-05 9.99551E-05 0.0246075 9.99551E-05 9.99551E-05 9.99551E-05 0.974893
9.995E-05 9.995E-05 9.995E-05 9.995E-05 9.995E-05 9.995E-05 0.9994
0.00896344 0.0534393 0.0586025 0.0327049 9.9991E-05 0.0649839 0.781206
9.99551E-05 9.99551E-05 0.833235 9.99551E-05 9.99551E-05 9.99551E-05 0.166265
9.99551E-05 9.99551E-05 0.895908 9.99551E-05 9.99551E-05 9.99551E-05 0.103592
9.99551E-05 9.99551E-05 0.945119 9.99551E-05 9.99551E-05 9.99551E-05 0.0543808
0.0948173 0.0132911 0.891492 9.99641E-05 9.99641E-05 9.99641E-05 9.99641E-05
0.0489272 0.0192379 0.815646 9.9982E-05 0.0862837 0.0297053 9.9982E-05
0.0134247 0.00947053 0.644451 0.137315 0.0468511 0.135342 0.0131458
9.9964E-05 9.9964E-05 0.925005 0.0698099 9.9964E-05 0.00478497 9.9964E-05
0.0709786 9.9964E-05 0.76289 0.165731 9.9964E-05 9.9964E-05 9.9964E-05
0.0474347 9.9964E-05 0.943734 0.00843162 9.9964E-05 9.9964E-05 9.9964E-05
0.9994 9.995E-05 9.995E-05 9.995E-05 9.995E-05 9.995E-05 9.995E-05
0.9994 9.995E-05 9.995E-05 9.995E-05 9.995E-05 9.995E-05 9.995E-05
0.996795 9.99551E-05 9.99551E-05 9.99551E-05 0.00270549 9.99551E-05 9.99551E-05
0.135447 0.019005 0.766446 0.078802 9.9973E-05 9.9973E-05 9.9973E-05
9.9982E-05 0.000721387 0.023215 0.796526 0.0702437 0.109094 9.9982E-05
0.0106854 0.0521539 9.99731E-05 0.903621 9.99731E-05 9.99731E-05 0.0332402
9.9982E-05 9.9982E-05 0.0130738 0.869022 0.0867701 0.029077 0.00185674
9.9982E-05 0.0101223 0.0823358 0.749966 9.9982E-05 0.140174 0.0172018
0.0186948 0.0217794 0.0787271 0.762334 9.9982E-05 0.118265 9.9982E-05
9.995E-05 9.995E-05 9.995E-05 0.9994 9.995E-05 9.995E-05 9.995E-05
9.995E-05 9.995E-05 9.995E-05 0.9994 9.995E-05 9.995E-05 9.995E-05
9.99551E-05 0.000388969 9.99551E-05 0.999111 9.99551E-05 9.99551E-05 9.99551E-05
9.99551E-05 9.99551E-05 9.99551E-05 0.979666 0.0198344 9.99551E-05 9.99551E-05
9.99551E-05 0.00668828 9.99551E-05 0.992812 9.99551E-05 9.99551E-05 9.99551E-05
0.0130104 9.99551E-05 9.99551E-05 0.98649 9.99551E-05 9.99551E-05 9.99551E-05
9.999E-05 0.0404702 0.124657 0.455868 0.103634 0.227677 0.0475941
0.00607583 0.0944081 0.12512 0.42421 0.0113292 0.305767 0.0330901
0.0050963 0.043238 9.9982E-05 0.673381 9.9982E-05 0.159818 0.118266
0.0160289 9.9982E-05 0.0845076 0.0916771 0.0932373 0.714349 9.9982E-05
0.0350204 9.9982E-05 0.0434324 0.18099 0.119654 0.620703 9.9982E-05
0.025108 0.00437093 0.000971138 0.0960838 9.9991E-05 0.864012 0.00935411
9.99641E-05 9.99641E-05 0.0784638 0.106606 9.99641E-05 0.81453 9.99641E-05
9.99731E-05 0.0192457 0.0577511 0.139285 9.99731E-05 0.783418 9.99731E-05
9.99641E-05 9.99641E-05 9.99641E-05 0.00238907 9.99641E-05 0.976692 0.0205192
0.0292699 9.9973E-05 0.0799419 0.195412 9.9973E-05 0.695076 9.9973E-05
0.0200797 0.00969435 0.00727739 0.232872 0.0205908 0.709385 9.9991E-05
0.0068388 9.99731E-05 0.0478538 0.0166189 9.99731E-05 0.928389 9.99731E-05
9.99731E-05 9.99731E-05 0.0472029 0.224491 9.99731E-05 0.680287 0.0477191
0.0323004 0.0107428 0.0266289 0.129642 9.9982E-05 0.800486 9.9982E-05
9.99641E-05 9.99641E-05 0.0579018 0.0869941 9.99641E-05 0.854704 9.99641E-05
0.00850851 0.0213373 9.9991E-05 0.0686318 0.0112193 0.865847 0.0243563
0.0381309 0.0414358 0.0211598 0.103153 0.0995801 0.614465 0.0820756
9.99641E-05 9.99641E-05 9.99641E-05 0.0610624 9.99641E-05 0.902838 0.0356998
0.0084402 9.9982E-05 0.041104 0.0743966 0.101115 0.774744 9.9982E-05
9.9991E-05 0.0844747 0.124289 0.0610166 0.0353491 0.677271 0.0174996
9.9982E-05 0.0393476 0.0419715 0.0340358 0.0176712 0.866774 9.9982E-05
9.9982E-05 0.0305662 0.0771891 9.9982E-05 0.0299001 0.842196 0.0199483
0.0105282 0.0128936 9.9991E-05 0.065484 0.018685 0.869929 0.0223797
0.0214978 0.0198477 9.99731E-05 0.0769057 9.99731E-05 0.881449 9.99731E-05
0.0467865 0.0272195 9.9982E-05 0.10803 0.100658 0.717106 9.9982E-05
0.0394148 9.9991E-05 0.000123121 0.00164301 0.119638 0.782278 0.0568027
0.00376092 9.99641E-05 9.99641E-05 9.99641E-05 9.99641E-05 0.994779 0.00106042
0.00503055 9.9982E-05 9.9982E-05 0.0978047 0.0319439 0.860704 0.00431721
9.99641E-05 9.99641E-05 0.0358211 9.99641E-05 0.000804289 0.962975 9.99641E-05
0.0166416 0.0112905 0.0503404 0.0344838 0.165502 0.714177 0.00756553
0.0385352 9.9973E-05 9.9973E-05 0.0844207 0.0238153 0.852929 9.9973E-05
9.99731E-05 0.0578219 0.0131381 0.0467662 9.99731E-05 0.881974 9.99731E-05
9.99641E-05 9.99641E-05 9.99641E-05 0.0241716 9.99641E-05 0.948404 0.0270249
9.99551E-05 0.0403075 9.99551E-05 9.99551E-05 9.99551E-05 0.959193 9.99551E-05
9.9982E-05 0.019413 9.9982E-05 0.00352026 0.0973837 0.861219 0.0182644
0.0353404 0.0379752 9.9964E-05 9.9964E-05 9.9964E-05 0.926285 9.9964E-05
9.99641E-05 9.99641E-05 9.99641E-05 9.99641E-05 0.10599 0.890795 0.0028151
9.99551E-05 9.99551E-05 9.99551E-05 9.99551E-05 0.16385 0.83565 9.99551E-05
9.99641E-05 0.0454153 9.99641E-05 9.99641E-05 0.000200383 0.953984 9.99641E-05
9.99551E-05 9.99551E-05 9.99551E-05 9.99551E-05 0.12683 0.872671 9.99551E-05
0.0265426 0.0275565 0.0452889 9.9991E-05 0.0393514 0.845178 0.0159824
9.99641E-05 9.99641E-05 9.99641E-05 9.99641E-05 0.462534 0.520774 0.016292
0.0194351 9.99641E-05 9.99641E-05 9.99641E-05 0.447904 0.532261 9.99641E-05
0.0323931 9.99641E-05 9.99641E-05 9.99641E-05 0.349787 0.61742 9.99641E-05
0.0102757 9.9982E-05 0.0711952 0.066474 0.679309 0.172546 9.9982E-05
9.99641E-05 0.0751397 9.99641E-05 9.99641E-05 0.24092 0.683541 9.99641E-05
0.0125867 9.99731E-05 9.99731E-05 9.99731E-05 0.408759 0.542221 0.0361331
9.99731E-05 9.99731E-05 9.99731E-05 0.00280666 0.555579 0.428513 0.0128015
9.995E-05 9.995E-05 9.995E-05 9.995E-05 0.9994 9.995E-05 9.995E-05
9.99641E-05 0.0226671 0.0199207 9.99641E-05 0.957012 9.99641E-05 9.99641E-05
9.995E-05 9.995E-05 9.995E-05 9.995E-05 0.9994 9.995E-05 9.995E-05
9.99551E-05 0.0134978 9.99551E-05 9.99551E-05 0.986002 9.99551E-05 9.99551E-05
9.995E-05 9.995E-05 9.995E-05 9.995E-05 0.9994 9.995E-05 9.995E-05
9.9973E-05 0.0346685 0.026964 0.0496885 0.888379 9.9973E-05 9.9973E-05
9.9973E-05 0.022589 9.9973E-05 0.00535438 0.971405 9.9973E-05 0.000352089
9.99551E-05 0.0171717 9.99551E-05 9.99551E-05 0.982329 9.99551E-05 9.99551E-05
9.995E-05 9.995E-05 9.995E-05 9.995E-05 0.9994 9.995E-05 9.995E-05
9.99551E-05 0.0593658 9.99551E-05 9.99551E-05 0.940134 9.99551E-05 9.99551E-05
9.995E-05 0.9994 9.995E-05 9.995E-05 9.995E-05 9.995E-05 9.995E-05
9.9964E-05 0.983131 9.9964E-05 0.00930553 9.9964E-05 0.00716322 9.9964E-05
9.995E-05 0.9994 9.995E-05 9.995E-05 9.995E-05 9.995E-05 9.995E-05
