0.776403 0.14886 0.0471283 0.0276093
0.9997 9.998E-05 9.998E-05 9.998E-05
0.9997 9.998E-05 9.998E-05 9.998E-05
0.635351 0.231837 0.10324 0.0295717
0.623537 0.209573 0.147011 0.0198795
0.850238 0.021112 0.123235 0.00541469
0.9997 9.998E-05 9.998E-05 9.998E-05
0.9997 9.998E-05 9.998E-05 9.998E-05
0.9997 9.998E-05 9.998E-05 9.998E-05
0.772483 0.158561 0.0289893 0.0399665
0.54281 0.0609501 9.9991E-05 0.39614
0.477827 0.0994797 9.9991E-05 0.422594
0.411356 0.0967483 9.9991E-05 0.491796
0.148977 0.168144 0.0067329 0.676146
0.200187 0.216298 0.102626 0.48089
0.157314 0.376878 0.0626164 0.403191
0.204665 0.323627 9.9991E-05 0.471608
0.120715 0.256669 9.9991E-05 0.622516
0.200021 0.220204 9.9991E-05 0.579674
9.998E-05 9.998E-05 9.998E-05 0.9997
9.998E-05 9.998E-05 9.998E-05 0.9997
9.998E-05 9.998E-05 9.998E-05 0.9997
0.088358 0.254625 9.9991E-05 0.656917
0.0201162 0.883865 9.9991E-05 0.0959185
0.091079 0.852541 9.9991E-05 0.0562796
0.00194748 0.879293 9.9991E-05 0.11866
0.0429066 0.845033 9.9991E-05 0.111961
0.0401592 0.816175 9.9991E-05 0.143566
0.013614 0.889654 9.9991E-05 0.0966321
0.0175452 0.892175 9.9991E-05 0.0901794
0.0157874 0.935534 9.9991E-05 0.0485788
0.00952458 0.956131 9.9991E-05 0.0342445
0.0609252 0.856659 9.9991E-05 0.0823159
0.0286416 0.871087 9.9991E-05 0.100172
0.0865041 0.761135 0.075624 0.0767371
0.104619 0.741941 0.0615218 0.0919184
0.141142 0.797346 0.00527025 0.0562417
9.9991E-05 0.825352 0.132164 0.0423845
9.9991E-05 0.725896 0.195299 0.0787045
0.00949316 0.841669 0.118816 0.0300216
9.9991E-05 0.870066 0.0787221 0.0511119
0.00506135 0.849777 0.107888 0.0372736
9.9982E-05 0.985474 0.014326 9.9982E-05
9.9991E-05 0.871848 0.0603567 0.0676949
0.00467822 0.8814 0.113822 9.9991E-05
0.00954744 0.903084 0.0826191 0.00474932
0.0816145 0.849672 0.0475533 0.0211605
9.9991E-05 0.92392 0.0291069 0.0468735
9.99821E-05 0.931184 0.0686163 9.99821E-05
9.9982E-05 0.833681 0.166119 9.9982E-05
0.0390078 0.645707 0.248527 0.0667581
0.00140083 0.910668 0.0731311 0.0147999
9.9991E-05 0.856049 0.13836 0.00549081
0.0747422 0.699789 0.210614 0.0148543
0.0234871 0.756318 0.220095 9.9991E-05
0.0338919 0.718407 0.218383 0.0293187
0.0307584 0.837591 0.13155 9.9991E-05
9.9982E-05 0.86925 0.13055 9.9982E-05
9.9991E-05 0.774914 0.183784 0.0412014
0.0535977 0.724142 0.187845 0.034415
9.9982E-05 0.845845 0.153955 9.9982E-05
9.9982E-05 0.907905 0.0918946 9.9982E-05
9.9982E-05 0.886118 0.113682 9.9982E-05
0.0116679 0.726043 0.223567 0.0387221
9.9991E-05 0.86065 0.121494 0.0177555
9.9982E-05 0.815585 0.184215 9.9982E-05
9.9982E-05 0.891854 0.107946 9.9982E-05
9.9982E-05 0.826704 0.173096 9.9982E-05
0.00398893 0.805369 0.190542 9.9991E-05
9.9991E-05 0.803311 0.17511 0.0214785
9.9982E-05 0.712275 0.287526 9.9982E-05
9.9982E-05 0.756362 0.243438 9.9982E-05
9.9982E-05 0.756146 0.243654 9.9982E-05
9.9982E-05 0.785255 0.214545 9.9982E-05
0.0465494 0.752963 0.19277 0.00771855
9.9982E-05 0.492833 0.506967 9.9982E-05
9.9991E-05 0.448759 0.544698 0.0064436
9.9982E-05 0.566901 0.432899 9.9982E-05
9.9991E-05 0.341562 0.629261 0.0290773
9.9982E-05 0.577092 0.422708 9.9982E-05
9.9991E-05 0.529451 0.45756 0.0128896
9.9982E-05 0.466502 0.533298 9.9982E-05
9.998E-05 9.998E-05 0.9997 9.998E-05
9.9982E-05 0.0339193 0.965881 9.9982E-05
9.9982E-05 0.0177404 0.98206 9.9982E-05
9.998E-05 9.998E-05 0.9997 9.998E-05
9.998E-05 9.998E-05 0.9997 9.998E-05
9.9982E-05 0.167785 0.832015 9.9982E-05
9.9982E-05 0.0797946 0.920005 9.9982E-05
9.9982E-05 0.0148117 0.984988 9.9982E-05
9.9982E-05 0.047531 0.952269 9.9982E-05
9.9982E-05 0.00325656 0.996543 9.9982E-05
9.998E-05 9.998E-05 0.9997 9.998E-05
0.0174191 9.9991E-05 0.974563 0.00791775
0.0127274 9.9982E-05 0.987073 9.9982E-05
