0.119759 0.794638 0.0166166 0.0689866
9.9982E-05 0.981638 9.9982E-05 0.018162
9.998E-05 0.9997 9.998E-05 9.998E-05
0.229957 0.651691 0.0133435 0.105008
0.249011 0.694836 9.9991E-05 0.056053
0.0561228 0.858704 0.00386664 0.0813069
9.998E-05 0.9997 9.998E-05 9.998E-05
9.998E-05 0.9997 9.998E-05 9.998E-05
9.998E-05 0.9997 9.998E-05 9.998E-05
0.10856 0.793723 0.0570866 0.0406301
0.0330072 0.489323 0.47757 9.9991E-05
0.0745625 0.427021 0.498317 9.9991E-05
0.0956204 0.378586 0.525694 9.9991E-05
0.145866 0.0764554 0.752482 0.0251968
0.181358 0.123773 0.587028 0.107841
0.348167 0.124689 0.463162 0.0639809
0.273238 0.162159 0.564503 9.9991E-05
0.257036 0.108528 0.634335 9.9991E-05
0.178184 0.143493 0.678223 9.9991E-05
9.998E-05 9.998E-05 0.9997 9.998E-05
9.998E-05 9.998E-05 0.9997 9.998E-05
9.998E-05 9.998E-05 0.9997 9.998E-05
0.234383 0.0603379 0.703944 0.00133502
0.894918 0.0112314 0.0937503 9.9991E-05
0.87061 0.0906443 0.038646 9.9991E-05
0.862299 0.0534064 0.0841949 9.9991E-05
0.866662 0.0457916 0.0874467 9.9991E-05
0.851881 0.0321022 0.115917 9.9991E-05
0.92378 9.9982E-05 0.0760195 9.9982E-05
0.902564 0.0227746 0.0745617 9.9991E-05
0.946556 0.03341 0.0199344 9.9991E-05
0.969367 9.99821E-05 0.0304331 9.99821E-05
0.868779 0.0387599 0.0923608 9.9991E-05
0.898623 0.0212051 0.080072 9.9991E-05
0.724156 0.0942371 0.0781628 0.103444
0.767397 0.101948 0.0322976 0.0983571
0.812715 0.146911 0.0402741 9.9991E-05
0.806767 9.9991E-05 0.0765498 0.116584
0.767323 9.9991E-05 0.0583891 0.174188
0.841239 0.00312981 0.0266372 0.128994
0.854234 9.9991E-05 0.0601105 0.0855556
0.861666 9.9991E-05 0.027289 0.110945
0.89162 9.9982E-05 9.9982E-05 0.10818
0.846199 0.00137169 0.0536193 0.0988104
0.858576 0.016288 0.00131301 0.123823
0.881353 9.9991E-05 0.000760357 0.117786
0.82571 0.0979227 9.9991E-05 0.0762677
0.900686 9.9991E-05 0.0321086 0.0671054
0.943755 9.99821E-05 9.99821E-05 0.0560449
0.844061 9.9991E-05 0.000242692 0.155596
0.571362 0.0711834 0.0795075 0.277947
0.856986 0.0242794 9.9991E-05 0.118635
0.780368 9.9991E-05 0.0311414 0.188391
0.709074 0.0458581 0.0342603 0.210807
0.702335 0.029198 9.9991E-05 0.268367
0.729969 0.0254104 0.00544702 0.239174
0.732674 0.0160288 0.0284253 0.222872
0.842347 9.9982E-05 9.9982E-05 0.157453
0.746356 9.9991E-05 0.0461265 0.207417
0.719168 0.0417917 0.0316376 0.207402
0.840904 9.9982E-05 9.9982E-05 0.158896
0.852853 9.9982E-05 9.9982E-05 0.146947
0.861786 9.9991E-05 0.000512851 0.137601
0.776293 0.0252478 0.0165357 0.181924
0.891223 9.9991E-05 0.000425643 0.108251
0.824878 9.9982E-05 9.9982E-05 0.174922
0.855363 9.9982E-05 9.9982E-05 0.144437
0.808213 9.9982E-05 9.9982E-05 0.191587
0.722842 0.00865041 9.9991E-05 0.268408
0.826458 9.9991E-05 0.00694107 0.166501
0.639868 9.9982E-05 9.9982E-05 0.359932
0.672447 9.9982E-05 9.9982E-05 0.327353
0.704123 9.9982E-05 9.9982E-05 0.295677
0.720413 9.9982E-05 9.9982E-05 0.279387
0.713315 0.0164246 0.0121064 0.258154
0.475001 0.00136483 9.9991E-05 0.523534
0.425047 9.9991E-05 0.0105247 0.564328
0.51524 9.9982E-05 9.9982E-05 0.48456
0.320396 0.0144122 9.9991E-05 0.665092
0.498892 9.9982E-05 9.9982E-05 0.500908
0.469086 9.9991E-05 0.000226644 0.530588
0.439149 9.9982E-05 9.9982E-05 0.560651
9.998E-05 9.998E-05 9.998E-05 0.9997
0.0409398 9.9982E-05 9.9982E-05 0.95886
0.024296 9.9982E-05 9.9982E-05 0.975504
9.998E-05 9.998E-05 9.998E-05 0.9997
9.998E-05 9.998E-05 9.998E-05 0.9997
0.162101 9.9982E-05 9.9982E-05 0.837699
0.103082 9.9982E-05 9.9982E-05 0.896718
9.9982E-05 9.9982E-05 0.00231104 0.997489
0.0532892 9.9982E-05 9.9982E-05 0.946511
0.0150002 9.9982E-05 9.9982E-05 0.9848
9.998E-05 9.998E-05 9.998E-05 0.9997
9.9982E-05 0.0361915 9.9982E-05 0.963608
9.9982E-05 0.0323216 9.9982E-05 0.967478
