0.720556 0.169103 0.0731019 0.021343 0.0157958 9.9991E-05
0.0471785 0.0704487 0.635027 0.0211356 0.0122661 0.213945
0.0479406 0.0868848 0.672807 0.0144652 0.0441484 0.133754
0.0216237 0.123239 0.545211 0.0621624 0.0335252 0.214239
0.0135908 0.0872327 0.641022 0.00328924 0.0533179 0.201548
0.0328848 9.99821E-05 0.37402 0.127657 0.465238 9.99821E-05
0.0688481 9.9973E-05 9.9973E-05 0.87505 0.055802 9.9973E-05
0.0380461 9.9982E-05 0.0414896 0.846956 0.0733086 9.9982E-05
0.0496825 9.9982E-05 0.0184639 0.825957 0.105697 9.9982E-05
0.0243385 9.99731E-05 0.330095 9.99731E-05 0.645266 9.99731E-05
9.996E-05 9.996E-05 9.996E-05 9.996E-05 0.9995 9.996E-05
9.996E-05 9.996E-05 9.996E-05 9.996E-05 0.9995 9.996E-05
9.99731E-05 9.99731E-05 0.547311 0.0293591 0.42303 9.99731E-05
9.996E-05 9.996E-05 9.996E-05 9.996E-05 0.9995 9.996E-05
9.99731E-05 9.99731E-05 0.0538992 0.038006 0.907795 9.99731E-05
0.014726 9.9982E-05 0.576842 0.0334689 0.374763 9.9982E-05
0.12313 9.9982E-05 0.517781 0.0918192 0.26707 9.9982E-05
0.121119 0.154526 0.116701 0.383251 0.208266 0.0161366
0.149937 9.9982E-05 0.5471 0.0338839 0.268879 9.9982E-05
0.0983149 9.9982E-05 0.566052 0.0817758 0.253658 9.9982E-05
0.199814 0.125871 0.362824 0.0756929 0.172133 0.0636642
0.0176507 9.9982E-05 0.670542 0.0576767 0.253931 9.9982E-05
0.142971 9.9982E-05 0.532833 0.100018 0.223977 9.9982E-05
0.0760395 9.9982E-05 0.562943 0.0749226 0.285895 9.9982E-05
9.9973E-05 9.9973E-05 0.037447 9.9973E-05 0.955765 0.00648853
0.137379 0.0397201 0.507623 0.102961 0.207551 0.00476667
0.0378582 0.0495836 0.00671471 9.9982E-05 0.905644 9.9982E-05
0.0343785 0.0268592 0.0530419 0.00552365 0.880097 9.9991E-05
9.996E-05 9.996E-05 9.996E-05 9.996E-05 0.9995 9.996E-05
0.153144 9.9982E-05 0.493935 0.0724682 0.280253 9.9982E-05
0.195279 9.9982E-05 0.491069 0.0658984 0.247553 9.9982E-05
9.99641E-05 9.99641E-05 9.99641E-05 9.99641E-05 0.950026 0.0495743
0.142742 9.9982E-05 0.559214 0.0402481 0.257596 9.9982E-05
9.99641E-05 9.99641E-05 0.0255522 9.99641E-05 0.974048 9.99641E-05
0.0530669 0.119571 0.0666838 0.0152549 0.595493 0.14993
0.111644 0.118728 0.0552332 0.042278 0.535798 0.136318
0.0694035 0.0927447 9.9991E-05 0.0886023 0.677297 0.0718523
0.0467781 0.0184307 0.0173456 0.0114293 0.835871 0.0701456
0.0668047 0.0699146 9.9991E-05 0.00619618 0.757279 0.0997053
0.0109149 0.0451469 9.9991E-05 0.00151581 0.893975 0.0483473
0.0209688 0.012776 9.99731E-05 9.99731E-05 0.965955 9.99731E-05
0.0722031 0.0925698 0.0665869 0.0637973 0.704743 9.9991E-05
0.0991709 0.155787 0.0976685 0.0550973 0.574253 0.0180231
9.99641E-05 9.99641E-05 9.99641E-05 9.99641E-05 0.991699 0.00790161
0.0701128 0.126579 0.0287002 0.0292948 0.649596 0.0957172
0.005671 9.99641E-05 9.99641E-05 9.99641E-05 0.993929 9.99641E-05
0.0119086 0.0272628 9.9982E-05 9.9982E-05 0.89771 0.0629187
9.996E-05 9.996E-05 9.996E-05 0.9995 9.996E-05 9.996E-05
0.197712 9.9982E-05 0.542266 0.0844458 0.175376 9.9982E-05
0.0319303 9.99641E-05 9.99641E-05 9.99641E-05 0.96767 9.99641E-05
0.13668 9.9982E-05 0.605603 0.0717576 0.185759 9.9982E-05
0.00709635 0.00725977 0.0566631 0.827085 0.0375856 0.0643102
0.0667177 0.147159 0.0905435 0.599189 0.043086 0.0533049
9.99731E-05 9.99731E-05 9.99731E-05 0.950968 0.0317331 0.0169992
9.9982E-05 0.00309438 9.9982E-05 0.987174 0.00805053 0.00148141
0.012716 0.110933 0.0670407 0.0190299 0.729415 0.0608652
0.688838 0.0460696 0.160716 0.0123523 0.0341877 0.057836
0.760648 9.9991E-05 0.140729 0.0347387 0.0125509 0.0512339
0.802076 0.0296389 0.139875 0.0135081 0.0101836 0.00471863
0.900915 9.99641E-05 0.098685 9.99641E-05 9.99641E-05 9.99641E-05
0.932773 9.99641E-05 0.0668276 9.99641E-05 9.99641E-05 9.99641E-05
0.402409 0.153802 0.171834 0.0456776 0.0651451 0.161134
0.733963 0.0243436 0.129922 0.0456011 0.0470212 0.0191493
0.919563 9.9982E-05 0.0462014 0.0189456 0.0150898 9.9982E-05
0.856219 9.99731E-05 0.096976 0.0465054 9.99731E-05 9.99731E-05
0.83622 9.9991E-05 0.0897228 0.0561438 0.01597 0.0018431
0.805376 9.9991E-05 0.115524 0.041381 0.0339163 0.0037031
0.146936 0.0518047 0.673527 0.00558819 0.122044 9.9991E-05
0.011475 0.0781933 0.812376 0.00219422 0.0956615 9.9991E-05
9.99731E-05 9.99731E-05 0.919382 0.0212014 0.0591171 9.99731E-05
9.9991E-05 0.0121246 0.771529 0.0523339 0.121013 0.0428994
0.0512588 0.209306 0.596464 0.0354149 0.0713116 0.0362447
0.0207481 0.114559 0.755297 0.0289014 0.0803944 9.9991E-05
0.163809 0.00252545 0.545496 0.0219882 0.0661289 0.200052
0.0948055 0.245054 0.494165 0.0559813 0.109894 9.9991E-05
9.99731E-05 9.99731E-05 0.874336 0.0287296 0.0966346 9.99731E-05
0.00415745 0.0427454 0.859396 0.00813429 0.0854665 9.9991E-05
9.99731E-05 9.99731E-05 0.875522 0.0435381 0.0806398 9.99731E-05
0.159779 9.9982E-05 0.621712 0.0705108 0.147798 9.9982E-05
0.149249 9.9982E-05 0.672753 0.019396 0.158402 9.9982E-05
0.9995 9.996E-05 9.996E-05 9.996E-05 9.996E-05 9.996E-05
0.997475 9.99641E-05 0.00212488 9.99641E-05 9.99641E-05 9.99641E-05
0.997599 9.99641E-05 9.99641E-05 0.00200073 9.99641E-05 9.99641E-05
0.946714 0.0135359 0.00216187 9.9982E-05 9.9982E-05 0.0373887
0.951906 0.0117121 0.0129841 0.0231984 9.9982E-05 9.9982E-05
0.955769 0.0104077 0.0196957 9.9982E-05 9.9982E-05 0.0139277
0.9995 9.996E-05 9.996E-05 9.996E-05 9.996E-05 9.996E-05
0.9995 9.996E-05 9.996E-05 9.996E-05 9.996E-05 9.996E-05
0.990337 9.99641E-05 9.99641E-05 9.99641E-05 0.00926274 9.99641E-05
0.9995 9.996E-05 9.996E-05 9.996E-05 9.996E-05 9.996E-05
0.9995 9.996E-05 9.996E-05 9.996E-05 9.996E-05 9.996E-05
0.9995 9.996E-05 9.996E-05 9.996E-05 9.996E-05 9.996E-05
0.9995 9.996E-05 9.996E-05 9.996E-05 9.996E-05 9.996E-05
0.9995 9.996E-05 9.996E-05 9.996E-05 9.996E-05 9.996E-05
9.996E-05 9.996E-05 9.996E-05 0.9995 9.996E-05 9.996E-05
9.996E-05 9.996E-05 9.996E-05 0.9995 9.996E-05 9.996E-05
9.996E-05 9.996E-05 9.996E-05 0.9995 9.996E-05 9.996E-05
9.996E-05 9.996E-05 9.996E-05 0.9995 9.996E-05 9.996E-05
9.996E-05 9.996E-05 9.996E-05 0.9995 9.996E-05 9.996E-05
0.0166673 0.06729 0.609375 9.9991E-05 0.0322513 0.274316
0.0193446 9.9982E-05 0.796522 0.00529982 9.9982E-05 0.178633
9.99731E-05 0.0226772 0.824727 9.99731E-05 9.99731E-05 0.152296
9.99731E-05 9.99731E-05 0.823756 0.0110053 9.99731E-05 0.164939
0.0172586 0.00426774 0.802051 9.9982E-05 9.9982E-05 0.176223
0.00241145 9.99731E-05 0.788596 9.99731E-05 9.99731E-05 0.208693
0.0295413 0.0284512 0.843198 9.9982E-05 9.9982E-05 0.098609
9.99641E-05 9.99641E-05 0.823923 9.99641E-05 9.99641E-05 0.175677
9.99641E-05 0.30735 9.99641E-05 0.69225 9.99641E-05 9.99641E-05
9.99641E-05 0.345508 9.99641E-05 0.654092 9.99641E-05 9.99641E-05
0.620718 0.251633 9.9982E-05 9.9982E-05 0.0774228 0.0500269
0.482747 0.240669 0.0029363 9.9991E-05 0.0732741 0.200274
0.585927 0.217051 9.9982E-05 9.9982E-05 0.0226972 0.174125
9.99731E-05 0.00698962 0.779521 9.99731E-05 9.99731E-05 0.213189
0.0354549 9.9973E-05 0.757191 9.9973E-05 9.9973E-05 0.207054
0.0295297 0.00368047 0.687192 0.0106964 0.00200795 0.266894
9.9973E-05 0.0333901 0.736181 9.9973E-05 9.9973E-05 0.230129
9.99641E-05 9.99641E-05 0.743015 9.99641E-05 9.99641E-05 0.256585
9.9982E-05 9.9982E-05 0.631953 0.00669915 0.014604 0.346544
9.9982E-05 0.0501264 0.717431 0.0131913 9.9982E-05 0.219052
9.99641E-05 9.99641E-05 0.776835 9.99641E-05 9.99641E-05 0.222765
9.99731E-05 0.0162601 0.727287 9.99731E-05 9.99731E-05 0.256153
0.0286211 0.0351094 0.631359 9.9982E-05 9.9982E-05 0.30471
9.9973E-05 0.0772438 0.706952 9.9973E-05 9.9973E-05 0.215505
9.99731E-05 0.0162922 0.7135 9.99731E-05 9.99731E-05 0.269908
0.0117721 0.188397 0.623233 0.0139638 0.0329076 0.129726
0.0652452 0.0882291 0.576587 0.0443713 9.9991E-05 0.225468
0.049499 0.141387 0.622288 0.0390583 0.00573902 0.142029
0.0398568 0.115152 0.586269 0.0331787 9.9991E-05 0.225443
9.9982E-05 0.102693 0.654035 0.0179315 9.9982E-05 0.225141
9.9982E-05 0.0795778 0.624371 0.0201764 9.9982E-05 0.275675
9.9982E-05 0.0783688 0.574415 0.0435817 9.9982E-05 0.303435
9.9973E-05 0.0426246 0.772894 9.9973E-05 9.9973E-05 0.184181
9.9973E-05 0.0410688 0.868005 9.9973E-05 9.9973E-05 0.0906262
9.9982E-05 0.026754 0.8166 0.0143005 9.9982E-05 0.142145
0.00471714 0.0372234 0.744579 9.9982E-05 9.9982E-05 0.213281
9.9973E-05 0.0845041 0.71805 9.9973E-05 9.9973E-05 0.197146
9.99731E-05 0.0249759 0.853543 9.99731E-05 9.99731E-05 0.121181
9.99731E-05 0.0468018 0.614562 9.99731E-05 9.99731E-05 0.338336
0.0385518 0.143557 0.640057 9.9982E-05 9.9982E-05 0.177634
0.0667465 0.140783 0.697677 0.0150042 9.9991E-05 0.0796884
0.037648 0.151793 0.591588 0.0171596 0.0215818 0.18023
0.03433 0.139919 0.565481 0.0342379 0.0110813 0.214951
0.0549216 0.168404 0.581109 0.00139945 0.0172426 0.176924
9.99641E-05 9.99641E-05 0.688368 9.99641E-05 9.99641E-05 0.311232
9.9973E-05 0.0415899 0.686346 9.9973E-05 9.9973E-05 0.271764
9.99731E-05 9.99731E-05 0.179391 0.0357299 9.99731E-05 0.784579
0.0310953 0.064231 0.147517 9.9991E-05 0.00543047 0.751626
9.99641E-05 9.99641E-05 0.269642 9.99641E-05 9.99641E-05 0.729958
0.0534448 0.134466 0.250859 0.0177659 0.00621226 0.537251
0.0272167 9.9982E-05 0.0856944 0.00728538 9.9982E-05 0.879604
0.049565 0.152172 0.274969 0.0401837 0.0703627 0.412748
0.00559536 9.9982E-05 0.213725 9.9982E-05 0.0202508 0.760229
0.0586327 0.0429978 0.0998051 9.9991E-05 0.00160505 0.796859
0.0770216 0.16166 0.223073 0.0868257 0.0490346 0.402385
0.0695248 0.175893 0.231082 0.0450305 0.0459705 0.432499
9.99731E-05 0.0207672 0.147867 9.99731E-05 9.99731E-05 0.831066
9.99731E-05 0.00230618 0.80122 9.99731E-05 9.99731E-05 0.196174
9.99731E-05 9.99731E-05 0.322597 0.202148 9.99731E-05 0.474955
9.9973E-05 0.105245 0.550964 9.9973E-05 9.9973E-05 0.343491
9.9982E-05 0.201452 0.446501 9.9982E-05 0.00678945 0.345057
0.0161389 0.0297406 0.444268 0.0484412 9.9991E-05 0.461311
9.99731E-05 0.0834616 0.393329 9.99731E-05 9.99731E-05 0.52291
9.99731E-05 0.142627 0.1697 9.99731E-05 9.99731E-05 0.687373
9.99641E-05 9.99641E-05 0.557983 9.99641E-05 9.99641E-05 0.441617
0.0353798 0.0426887 0.299865 0.017349 9.9991E-05 0.604618
0.0124131 0.0447919 0.0376441 9.9991E-05 0.0252328 0.879818
0.00491063 0.142949 9.99731E-05 9.99731E-05 9.99731E-05 0.851841
0.00496805 9.99731E-05 9.99731E-05 0.0175869 9.99731E-05 0.977145
0.0398178 0.0188835 9.9982E-05 0.0143429 9.9982E-05 0.926756
9.9991E-05 0.0498985 0.0389424 0.00836629 0.0313383 0.871355
0.013724 9.9982E-05 0.0517579 9.9982E-05 0.0120634 0.922255
0.00507549 0.0668469 0.10834 0.00818586 0.00512661 0.806425
9.9982E-05 0.00830982 0.00351767 9.9982E-05 0.0120558 0.975917
9.996E-05 9.996E-05 9.996E-05 9.996E-05 9.996E-05 0.9995
0.00449921 0.0051514 9.9982E-05 0.0571857 9.9982E-05 0.932964
9.99731E-05 9.99731E-05 0.0145101 0.00158508 9.99731E-05 0.983605
9.99731E-05 0.0564289 9.99731E-05 0.011909 9.99731E-05 0.931362
0.00657363 0.00708361 0.0463393 9.9982E-05 9.9982E-05 0.939804
9.99641E-05 9.99641E-05 9.99641E-05 0.00327119 9.99641E-05 0.996329
9.9982E-05 0.0132684 0.142941 0.00990242 9.9982E-05 0.833688
9.99641E-05 9.99641E-05 0.0696474 9.99641E-05 9.99641E-05 0.929953
9.99731E-05 0.00816097 9.99731E-05 0.00959148 9.99731E-05 0.981948
0.0434493 0.0167842 0.0528364 9.9982E-05 9.9982E-05 0.88673
0.0254644 0.00969539 9.9982E-05 0.0165621 9.9982E-05 0.948078
9.99641E-05 0.0380226 9.99641E-05 9.99641E-05 9.99641E-05 0.961578
9.99731E-05 0.0760888 0.0805472 9.99731E-05 9.99731E-05 0.843064
0.0090452 9.99731E-05 0.0346595 9.99731E-05 9.99731E-05 0.955995
0.0530102 9.99641E-05 9.99641E-05 9.99641E-05 9.99641E-05 0.94659
0.0196178 0.07392 9.9982E-05 0.0139736 9.9982E-05 0.892289
0.06241 0.252948 9.9991E-05 0.0137234 0.010192 0.660627
9.9982E-05 0.0640232 9.9982E-05 0.0402779 0.0445513 0.850948
9.9982E-05 0.0659837 9.9982E-05 0.0197442 0.00913931 0.904933
0.0441146 0.0895419 0.0379922 9.9991E-05 0.0454921 0.782759
0.0689335 0.0912301 9.9982E-05 9.9982E-05 0.0116514 0.827985
9.9991E-05 0.127235 0.00148188 0.0623402 0.0260463 0.782796
9.9982E-05 0.0893189 9.9982E-05 0.0402817 0.0220215 0.848178
0.0218948 0.0506484 9.9982E-05 0.00715454 9.9982E-05 0.920102
9.9982E-05 0.143597 9.9982E-05 0.00448873 0.0350378 0.816677
0.0385943 0.0900752 0.0606464 9.9982E-05 9.9982E-05 0.810484
0.0844537 0.123324 0.240567 0.0995759 0.025285 0.426794
0.0729101 0.606362 0.214016 0.0325991 0.0292571 0.0448563
0.0561594 0.693584 0.121442 0.0469371 0.031999 0.0498785
0.125667 0.70115 0.0464159 0.0232096 0.0542695 0.0492883
0.0994819 0.678562 0.0479009 0.0271232 0.0523038 0.0946284
0.0439611 0.947967 9.99731E-05 9.99731E-05 0.0077724 9.99731E-05
0.0109603 0.912217 9.9982E-05 0.0431232 0.0334996 9.9982E-05
0.0892382 0.783673 0.0879001 0.0273259 0.0117628 9.9991E-05
0.0354991 0.826313 0.00152713 0.00606355 9.9991E-05 0.130498
0.0296271 0.874246 0.00719866 0.00767015 9.9991E-05 0.0811585
0.0561631 0.915565 9.9982E-05 9.9982E-05 0.010914 0.0171584
0.0328638 0.891358 0.0134879 9.9991E-05 0.0112954 0.0508949
9.99641E-05 0.901679 9.99641E-05 9.99641E-05 9.99641E-05 0.0979208
0.00922623 0.912544 9.99821E-05 9.99821E-05 0.0206549 0.0573751
9.9982E-05 0.939512 0.00734721 9.9982E-05 0.0104191 0.0425222
0.0455101 0.822268 0.105752 0.000521442 0.00621855 0.0197295
0.00629208 0.99171 9.99731E-05 9.99731E-05 0.00169802 9.99731E-05
9.99731E-05 0.963871 0.0109045 9.99731E-05 9.99731E-05 0.0249249
9.99641E-05 0.945886 9.99641E-05 9.99641E-05 9.99641E-05 0.0537138
0.0158272 0.913046 0.0658365 0.00509038 9.9982E-05 9.9982E-05
0.0456219 0.892347 0.0196762 0.0421547 9.9982E-05 9.9982E-05
0.0101072 0.958909 9.99731E-05 0.0306838 9.99731E-05 9.99731E-05
9.996E-05 0.9995 9.996E-05 9.996E-05 9.996E-05 9.996E-05
9.99641E-05 0.975413 0.024187 9.99641E-05 9.99641E-05 9.99641E-05
0.0285825 0.934106 0.0213377 0.00919235 0.00668116 9.9991E-05
9.99641E-05 0.978048 9.99641E-05 0.0215518 9.99641E-05 9.99641E-05
9.996E-05 0.9995 9.996E-05 9.996E-05 9.996E-05 9.996E-05
0.0832807 0.705918 0.0565656 0.0315767 0.00373354 0.118926
9.99641E-05 0.95374 9.99641E-05 9.99641E-05 9.99641E-05 0.0458605
0.000980977 0.918745 0.0119879 0.0177997 9.9991E-05 0.0503869
9.996E-05 0.9995 9.996E-05 9.996E-05 9.996E-05 9.996E-05
9.99641E-05 0.922372 9.99641E-05 9.99641E-05 9.99641E-05 0.0772285
0.00342908 0.996171 9.99641E-05 9.99641E-05 9.99641E-05 9.99641E-05
9.996E-05 0.9995 9.996E-05 9.996E-05 9.996E-05 9.996E-05
0.0214636 0.967011 9.99731E-05 9.99731E-05 9.99731E-05 0.0112255
9.996E-05 0.9995 9.996E-05 9.996E-05 9.996E-05 9.996E-05
9.996E-05 0.9995 9.996E-05 9.996E-05 9.996E-05 9.996E-05
0.00309342 0.976381 9.99731E-05 9.99731E-05 9.99731E-05 0.0202254
9.99731E-05 0.871706 9.99731E-05 0.0250971 9.99731E-05 0.102897
0.0844123 0.912637 9.99731E-05 0.00265042 9.99731E-05 9.99731E-05
9.9973E-05 0.803129 9.9973E-05 0.068273 9.9973E-05 0.128298
9.996E-05 0.9995 9.996E-05 9.996E-05 9.996E-05 9.996E-05
9.996E-05 0.9995 9.996E-05 9.996E-05 9.996E-05 9.996E-05
9.996E-05 0.9995 9.996E-05 9.996E-05 9.996E-05 9.996E-05
9.996E-05 0.9995 9.996E-05 9.996E-05 9.996E-05 9.996E-05
9.996E-05 0.9995 9.996E-05 9.996E-05 9.996E-05 9.996E-05
9.996E-05 0.9995 9.996E-05 9.996E-05 9.996E-05 9.996E-05
0.0316348 0.952805 0.00968219 9.9982E-05 9.9982E-05 0.00567788
0.0149587 0.936126 0.0384553 0.0102603 9.9982E-05 9.9982E-05
0.0663063 0.926747 0.00623952 0.000507057 9.9982E-05 9.9982E-05
0.0680856 0.688313 0.179809 0.0328066 0.0308864 9.9991E-05
9.9982E-05 0.852679 0.0478993 0.0188286 9.9982E-05 0.0803936
0.0736064 0.802276 9.9991E-05 0.0375834 0.0342062 0.0522283
0.0672896 0.793785 0.101941 0.0367849 9.9982E-05 9.9982E-05
0.0280579 0.699875 0.060053 0.0166009 0.0532549 0.142159
0.0256975 0.866914 0.0559587 0.0405201 0.0108096 9.9991E-05
0.0444697 0.803915 0.0331117 0.0419167 0.0764872 9.9991E-05
0.0796836 0.676525 0.116978 0.0244586 0.0591008 0.0432541
0.0181586 0.834899 0.0689981 0.0061638 0.015638 0.0561423
0.0125093 0.767554 0.110202 0.0362803 0.0733549 9.9991E-05
0.0362182 0.875284 0.00650067 0.0305867 0.0319765 0.0194337
0.082291 0.808843 9.9982E-05 0.0554359 9.9982E-05 0.0532305
0.0471725 0.776241 0.0961809 0.0124628 0.0250249 0.0429182
9.9982E-05 0.940071 0.0382723 9.9982E-05 0.00538238 0.0160747
0.0517811 0.813929 0.0313498 9.9991E-05 0.0581395 0.0447005
0.0349853 0.894154 0.0295892 0.017242 9.9991E-05 0.0239293
0.0113392 0.923336 0.0557249 9.9982E-05 0.00939976 9.9982E-05
9.99731E-05 0.845419 0.0516774 0.102603 9.99731E-05 9.99731E-05
0.0468537 0.832453 0.0207488 0.0997446 9.9982E-05 9.9982E-05
9.99731E-05 0.852379 0.0466639 0.100657 9.99731E-05 9.99731E-05
0.0604585 0.596618 0.235959 0.0754055 0.0314588 9.9991E-05
0.0948694 0.659766 0.115309 0.10527 0.0246849 9.9991E-05
