0.595912 0.0648216 0.0421574 0.0755669 0.221542
0.846841 0.0661734 0.036851 0.0500352 9.9991E-05
0.876067 0.0979453 0.0130656 0.0101452 0.00277659
0.913888 0.0858124 9.9973E-05 9.9973E-05 9.9973E-05
0.85854 0.0640066 0.0131423 0.0397561 0.0245545
0.999062 9.9973E-05 0.000637888 9.9973E-05 9.9973E-05
0.997592 9.9973E-05 0.00210816 9.9973E-05 9.9973E-05
0.9996 9.997E-05 9.997E-05 9.997E-05 9.997E-05
0.883949 0.108291 0.00755939 9.9982E-05 9.9982E-05
0.9996 9.997E-05 9.997E-05 9.997E-05 9.997E-05
0.875263 0.0545025 9.9991E-05 0.00254197 0.0675923
0.882307 0.0840438 0.0334493 9.9982E-05 9.9982E-05
0.84683 0.0959624 0.0100341 0.0470735 9.9991E-05
0.699371 0.132709 9.9982E-05 9.9982E-05 0.167721
0.776386 0.129435 0.0292206 0.0648586 9.9991E-05
0.719051 0.140715 0.00299934 0.106986 0.0302481
0.922801 0.0310151 0.0292751 9.9991E-05 0.0168085
0.961397 0.0383028 9.9973E-05 9.9973E-05 9.9973E-05
0.693533 0.118727 0.030573 0.0469055 0.110261
0.955202 0.0437613 9.9982E-05 0.000836909 9.9982E-05
0.853088 0.0728416 0.00588743 0.0680832 9.9991E-05
0.869686 0.081171 9.9982E-05 0.048943 9.9982E-05
0.788145 0.100807 0.000680162 0.031058 0.0793101
0.834308 0.133953 0.0315388 9.9982E-05 9.9982E-05
0.863443 0.135432 0.000925038 9.9982E-05 9.9982E-05
0.895318 0.0274491 0.0179915 9.9991E-05 0.0591417
0.987335 0.0040017 9.9982E-05 9.9982E-05 0.00846288
0.774338 0.168661 0.0490835 9.9991E-05 0.00781765
0.82937 0.117143 0.00235959 0.0419873 0.00913984
0.245189 0.0106047 0.0340267 0.710079 9.9991E-05
9.997E-05 9.997E-05 0.9996 9.997E-05 9.997E-05
0.261384 0.0246229 0.0631426 0.538073 0.112778
0.426999 0.570172 0.00262968 9.9982E-05 9.9982E-05
0.338552 0.611454 9.9982E-05 0.0497946 9.9982E-05
0.286435 0.663532 0.0411402 9.9991E-05 0.00879314
0.35024 0.621875 9.9982E-05 0.0276854 9.9982E-05
0.314584 0.598726 0.0152616 0.040541 0.0308876
0.380168 0.587376 0.0131851 9.9991E-05 0.0191708
0.372929 0.551242 9.9982E-05 0.0756293 9.9982E-05
0.322896 0.669654 0.00725017 9.9982E-05 9.9982E-05
0.237686 0.668754 0.0109571 0.0825024 9.9991E-05
0.355848 0.62543 9.9982E-05 9.9982E-05 0.0185218
0.353643 0.564377 0.00612685 0.0469998 0.0288535
0.377237 0.554643 0.0291511 0.0197853 0.0191836
0.38686 0.585098 9.9982E-05 0.027842 9.9982E-05
0.345649 0.590341 9.9982E-05 9.9982E-05 0.06381
9.9991E-05 0.0500826 0.0423461 0.8771 0.0303713
9.9982E-05 9.9982E-05 0.00677365 0.948827 0.044199
0.150473 0.0748154 0.0365358 0.457572 0.280604
0.069835 9.9982E-05 9.9982E-05 0.753913 0.176052
0.00244394 9.9991E-05 0.00450211 0.808894 0.18406
9.9982E-05 9.9982E-05 0.0176264 0.711308 0.270865
0.301245 0.633917 0.0180278 9.9991E-05 0.0467095
0.344572 0.617805 9.9982E-05 0.0374231 9.9982E-05
0.353166 0.567892 0.022451 0.0246291 0.0318611
0.359613 0.600057 0.030123 0.0101069 9.9991E-05
0.261774 0.735387 0.00263918 9.9982E-05 9.9982E-05
0.288773 0.71044 0.000587224 9.9982E-05 9.9982E-05
0.351711 0.634836 0.00570756 9.9991E-05 0.00764577
0.312584 0.586711 0.0128639 0.0877412 9.9991E-05
0.305821 0.583494 9.9982E-05 0.110485 9.9982E-05
0.388614 0.58954 0.0216452 9.9982E-05 9.9982E-05
0.347028 0.533778 0.0307909 9.9991E-05 0.0883032
0.298381 0.641545 0.0288008 9.9991E-05 0.0311728
0.359145 0.514985 0.00361655 0.0117517 0.110502
0.318716 0.680984 9.99731E-05 9.99731E-05 9.99731E-05
0.356264 0.520558 0.0117563 0.0137872 0.0976344
0.394834 0.584161 0.0208048 9.9982E-05 9.9982E-05
0.22524 0.708975 0.0230425 0.0426426 9.9991E-05
0.243833 0.716698 0.0124655 9.9991E-05 0.0269039
0.398308 0.600855 0.000636735 9.9982E-05 9.9982E-05
0.323331 0.642898 0.00726657 9.9991E-05 0.0264048
0.168424 0.708733 0.0147001 0.0592474 0.0488953
0.21109 0.738315 0.00811708 0.033398 0.00907974
0.154245 0.824345 0.0212098 9.9982E-05 9.9982E-05
0.250871 0.603741 0.00594205 0.139346 9.9991E-05
0.0469641 0.0405303 0.017031 0.809276 0.0861981
9.9973E-05 9.9973E-05 0.0124673 0.987233 9.9973E-05
0.0387232 0.0393681 0.0258751 0.895934 9.9991E-05
0.0146157 0.0020437 0.000109136 0.833369 0.149862
9.9991E-05 0.042412 0.0283786 0.863755 0.0653542
0.131726 0.155429 9.9991E-05 0.426758 0.285988
9.997E-05 9.997E-05 9.997E-05 0.9996 9.997E-05
9.997E-05 9.997E-05 9.997E-05 0.9996 9.997E-05
9.9973E-05 9.9973E-05 0.000192341 0.999508 9.9973E-05
9.9973E-05 9.9973E-05 9.9973E-05 0.964461 0.0352394
9.9982E-05 9.9982E-05 0.0146753 0.939504 0.0456205
9.9973E-05 9.9973E-05 0.0022138 0.997486 9.9973E-05
9.997E-05 9.997E-05 9.997E-05 0.9996 9.997E-05
0.00932166 0.987623 0.00285582 9.9982E-05 9.9982E-05
0.122598 0.755937 9.9982E-05 9.9982E-05 0.121265
0.116614 0.71714 0.00907727 0.0317043 0.125464
0.0976633 0.752689 0.00365125 0.0395402 0.106456
0.134928 0.77692 0.00372943 9.9991E-05 0.0843231
0.140722 0.585238 9.9991E-05 0.170821 0.103119
9.997E-05 0.9996 9.997E-05 9.997E-05 9.997E-05
9.9982E-05 0.992798 0.00529481 9.9982E-05 0.00170685
0.0355238 0.953383 9.9984E-05 9.9984E-05 0.0108934
9.9973E-05 0.93766 9.9973E-05 0.0620404 9.9973E-05
0.149301 0.110259 0.0191854 0.721154 9.9991E-05
0.244534 0.158706 9.9982E-05 0.59656 9.9982E-05
0.148727 0.151042 0.0135786 0.614504 0.0721483
0.17431 0.146064 9.9982E-05 0.679425 9.9982E-05
0.204406 0.104821 9.9982E-05 0.690573 9.9982E-05
9.9982E-05 9.9982E-05 0.01739 0.317626 0.664784
0.202472 0.160919 0.0137329 0.620908 0.00196763
0.176935 0.219417 0.028302 0.267841 0.307505
0.0578877 0.205291 0.00799865 0.225925 0.502898
0.250632 0.162154 0.00021639 0.486541 0.100456
9.9973E-05 0.996517 0.00318281 9.9973E-05 9.9973E-05
9.9973E-05 0.992795 0.00690532 9.9973E-05 9.9973E-05
9.9982E-05 0.949383 0.00097596 9.9982E-05 0.0494408
9.9973E-05 0.985091 9.9973E-05 9.9973E-05 0.0146087
0.00589364 0.985071 9.9982E-05 0.00883574 9.9982E-05
9.9973E-05 0.986152 9.9973E-05 9.9973E-05 0.0135481
9.9973E-05 0.97888 0.02082 9.9973E-05 9.9973E-05
9.9973E-05 0.994765 9.9973E-05 0.00493483 9.9973E-05
0.105715 0.608261 9.9991E-05 0.097222 0.188702
0.0172643 0.952257 0.0213562 9.9991E-05 0.00902232
9.9973E-05 0.984559 0.0151407 9.9973E-05 9.9973E-05
9.9973E-05 0.991099 9.9973E-05 9.9973E-05 0.00860147
0.0228794 0.816707 0.00812253 0.0195197 0.132772
9.9973E-05 0.950052 9.9973E-05 9.9973E-05 0.0496485
9.9982E-05 0.939461 0.0100107 0.0503281 9.9982E-05
9.99731E-05 0.997895 0.0018046 9.99731E-05 9.99731E-05
9.997E-05 0.9996 9.997E-05 9.997E-05 9.997E-05
0.0719988 0.0276103 0.0106388 0.0640774 0.825675
0.0116636 9.9991E-05 0.0405676 0.260291 0.687378
0.156624 0.165892 0.0245333 0.201656 0.451295
0.116065 0.164167 0.0103593 0.13769 0.571719
0.030222 0.00572244 0.00720835 0.128754 0.828094
0.211306 0.157438 0.0165837 0.220583 0.39409
9.9982E-05 9.9982E-05 0.0509767 0.00375792 0.945065
0.0603292 0.0628368 0.0164732 0.0954748 0.764886
0.154193 0.0668098 9.9991E-05 0.187449 0.591448
0.014142 9.9991E-05 0.0183778 0.011776 0.955604
0.222565 0.073888 0.0353557 0.114651 0.55354
0.03646 0.0756852 0.00854728 0.0210753 0.858232
9.9991E-05 0.0157388 0.00105036 0.0626986 0.920412
0.141096 9.9982E-05 9.9982E-05 0.207357 0.651347
0.075123 0.00537894 0.026392 0.0598857 0.83322
0.163057 0.0894299 0.0253871 0.0438006 0.678325
0.0421213 0.0151241 0.0237661 0.0687902 0.850198
0.00505799 0.0294268 9.9991E-05 0.153672 0.811743
9.9982E-05 9.9982E-05 0.0187357 0.181383 0.799682
0.0748553 0.0594735 0.0165525 0.0520132 0.797106
9.9991E-05 0.0371439 0.0198781 0.0893333 0.853545
0.0017622 9.9991E-05 0.00514267 0.0582567 0.934738
9.99731E-05 9.99731E-05 9.99731E-05 0.073748 0.925952
0.0164445 0.000940984 0.00639632 0.117923 0.858295
0.0525937 0.0243641 9.9991E-05 0.103105 0.819838
0.196431 0.123764 0.00780191 0.154967 0.517036
0.0196893 0.0124713 0.00148093 0.0535011 0.912857
0.00219569 0.0357313 0.00628377 9.9991E-05 0.955689
9.9982E-05 9.9982E-05 0.0193009 0.14718 0.833319
9.9991E-05 0.00583934 0.0286589 0.12599 0.839412
0.0510585 0.0363837 0.0143892 0.139512 0.758657
0.0474435 9.9982E-05 9.9982E-05 0.150621 0.801736
9.997E-05 9.997E-05 0.9996 9.997E-05 9.997E-05
9.9982E-05 9.9982E-05 0.0152031 0.046898 0.937699
9.9982E-05 0.00685683 9.9982E-05 0.0131515 0.979792
9.9982E-05 9.9982E-05 0.00283017 0.0478309 0.949139
0.0298647 9.9982E-05 9.9982E-05 0.149135 0.8208
0.00410906 9.9982E-05 0.036922 9.9982E-05 0.958769
0.0140143 9.9991E-05 0.025049 0.0510291 0.909808
9.99731E-05 9.99731E-05 0.0467195 9.99731E-05 0.952981
0.0959051 9.9991E-05 0.0266051 0.00079962 0.87659
0.0222343 0.0852094 0.00528501 0.146247 0.741024
0.124551 0.150649 0.00398694 0.0866652 0.634148
0.0934808 0.201551 0.00587638 0.128158 0.570934
0.129754 0.143757 0.0368249 0.0853751 0.604289
0.0548427 0.0420875 9.9991E-05 0.12375 0.77922
0.0521998 0.0615512 0.0228803 0.172056 0.691313
0.019003 0.0391481 0.012449 0.171925 0.757475
0.179259 0.0910904 0.0114702 0.0505257 0.667654
0.128629 0.0800285 9.9991E-05 0.0627569 0.728486
0.0718626 0.134842 0.0134998 0.0516635 0.728132
0.0780761 0.0683722 0.0154892 9.9991E-05 0.837962
0.0535508 0.0926525 0.00385335 0.112381 0.737562
9.9982E-05 9.9982E-05 0.0141609 0.014732 0.970907
0.131698 0.0882103 9.9991E-05 0.127362 0.652629
9.9991E-05 0.0224711 0.0083531 0.00603173 0.963044
0.134208 0.0809483 0.0247302 0.0161514 0.743963
0.0136739 0.0264974 0.0102591 0.0899828 0.859587
0.0467774 0.0867053 0.0166387 0.0376535 0.812225
9.99731E-05 9.99731E-05 0.0486863 9.99731E-05 0.951014
9.9991E-05 0.0440379 0.0310946 0.0344036 0.890364
9.99731E-05 9.99731E-05 0.0131121 9.99731E-05 0.986588
9.9982E-05 9.9982E-05 0.00195868 0.0405135 0.957328
9.997E-05 9.997E-05 9.997E-05 9.997E-05 0.9996
0.00559314 0.000885421 9.9991E-05 0.092575 0.900846
9.9973E-05 9.9973E-05 0.0299384 9.9973E-05 0.969762
9.99731E-05 9.99731E-05 9.99731E-05 0.0291292 0.970571
0.152219 0.128314 0.0168176 0.200634 0.502016
9.9991E-05 0.00633613 0.0221131 0.0650771 0.906374
9.9982E-05 0.0264255 0.0143147 9.9982E-05 0.95906
9.9973E-05 9.9973E-05 9.9973E-05 0.0578641 0.941836
0.00378922 0.0117555 0.0167732 9.9991E-05 0.967582
0.0235881 9.9982E-05 0.0509243 9.9982E-05 0.925288
0.0413244 0.00967867 9.9991E-05 0.0812018 0.867695
9.9982E-05 0.0589231 9.9982E-05 0.0384435 0.902433
9.997E-05 9.997E-05 9.997E-05 9.997E-05 0.9996
0.0296357 9.9982E-05 0.00809609 9.9982E-05 0.962068
9.997E-05 9.997E-05 9.997E-05 9.997E-05 0.9996
9.9991E-05 0.0450438 0.00313406 0.033594 0.918128
0.105377 9.9973E-05 9.9973E-05 9.9973E-05 0.894323
9.99731E-05 9.99731E-05 0.0384456 9.99731E-05 0.961254
9.997E-05 9.997E-05 9.997E-05 9.997E-05 0.9996
0.100837 0.101903 9.9991E-05 0.0428651 0.754295
0.00195141 9.99731E-05 9.99731E-05 9.99731E-05 0.997749
