0.180411 0.691416 0.0272794 0.0582603 0.018337 0.0242966
0.0704808 0.00848821 0.0271722 0.627058 0.0291095 0.237691
0.095147 0.0384294 0.0263484 0.724761 0.00244076 0.112874
0.169799 0.00102573 9.9991E-05 0.577388 0.0883325 0.163355
0.0741308 0.0204873 0.0123721 0.681834 0.0222982 0.188877
9.9982E-05 0.0393244 0.476478 0.363264 0.120733 9.9982E-05
9.9973E-05 0.0757112 0.0405178 9.9973E-05 0.883471 9.9973E-05
9.9982E-05 0.0301694 0.0631144 0.0152899 0.891226 9.9982E-05
0.0090032 0.0469361 0.0971086 9.9982E-05 0.846752 9.9982E-05
9.99731E-05 0.0145613 0.634313 0.350825 9.99731E-05 9.99731E-05
9.996E-05 9.996E-05 0.9995 9.996E-05 9.996E-05 9.996E-05
9.996E-05 9.996E-05 0.9995 9.996E-05 9.996E-05 9.996E-05
9.99821E-05 0.0185775 0.441526 0.517769 0.0219268 9.99821E-05
9.996E-05 9.996E-05 0.9995 9.996E-05 9.996E-05 9.996E-05
9.99731E-05 9.99731E-05 0.912435 0.042701 0.0445639 9.99731E-05
9.99731E-05 9.99731E-05 0.372803 0.585744 0.0411533 9.99731E-05
9.9982E-05 0.132736 0.248943 0.54341 0.0747114 9.9982E-05
0.0834127 0.0677515 0.19107 0.17435 0.397515 0.0859002
9.9982E-05 0.119749 0.255622 0.582238 0.042191 9.9982E-05
9.9982E-05 0.112707 0.248044 0.549999 0.0890496 9.9982E-05
0.121528 0.157171 0.175358 0.441084 0.0820791 0.0227799
9.9982E-05 0.0184452 0.261362 0.668622 0.0513706 9.9982E-05
9.9982E-05 0.118919 0.243123 0.545684 0.0920744 9.9982E-05
9.9982E-05 0.0487885 0.287085 0.601264 0.0626622 9.9982E-05
9.99641E-05 9.99641E-05 0.960614 0.0389863 9.99641E-05 9.99641E-05
0.00699927 0.170571 0.172706 0.420316 0.0933847 0.136023
0.0391934 0.0248144 0.935692 9.9973E-05 9.9973E-05 9.9973E-05
0.0114825 0.0285931 0.890107 0.061638 0.00807964 9.9991E-05
9.996E-05 9.996E-05 0.9995 9.996E-05 9.996E-05 9.996E-05
9.9982E-05 0.120319 0.26327 0.544939 0.0712721 9.9982E-05
9.9982E-05 0.141779 0.255166 0.549232 0.0536223 9.9982E-05
0.0161201 9.9973E-05 0.955854 9.9973E-05 9.9973E-05 0.0277264
9.9982E-05 0.161012 0.260096 0.528714 0.0499772 9.9982E-05
9.99641E-05 9.99641E-05 0.977644 0.0219562 9.99641E-05 9.99641E-05
0.0750796 0.103021 0.596692 0.0426365 0.0322608 0.150309
0.148809 0.097192 0.503411 0.088836 0.0474382 0.114314
0.112164 0.0783382 0.654695 0.0451553 0.0615456 0.0481018
0.0102465 0.0664982 0.824474 9.9991E-05 0.00177093 0.0969105
0.0804276 0.0778592 0.755625 9.9991E-05 0.00615104 0.0798372
0.0267677 0.0261442 0.90604 9.9982E-05 9.9982E-05 0.0408476
0.00213113 0.036453 0.957723 0.00349299 9.9982E-05 9.9982E-05
0.0892595 0.0671912 0.718314 0.0312034 0.0434284 0.0506038
0.21617 0.111783 0.589371 0.0600098 0.0225653 9.9991E-05
0.00928364 9.99641E-05 0.990317 9.99641E-05 9.99641E-05 9.99641E-05
0.0950283 0.10307 0.635243 0.0310709 0.0478966 0.0876912
9.99641E-05 0.00488398 0.994716 9.99641E-05 9.99641E-05 9.99641E-05
0.0244606 9.9982E-05 0.895552 9.9982E-05 0.00539822 0.0743895
9.996E-05 9.996E-05 9.996E-05 9.996E-05 0.9995 9.996E-05
9.9982E-05 0.17822 0.181307 0.540395 0.0998785 9.9982E-05
9.99641E-05 0.033735 0.965865 9.99641E-05 9.99641E-05 9.99641E-05
9.9982E-05 0.164497 0.182425 0.573199 0.0796794 9.9982E-05
0.0124919 0.00119172 0.00889539 0.109849 0.814659 0.0529129
0.118921 0.0233642 0.0666332 0.122067 0.628214 0.0408001
9.99641E-05 9.99641E-05 0.0324664 9.99641E-05 0.967134 9.99641E-05
9.9973E-05 9.9973E-05 0.00619802 9.9973E-05 0.986741 0.00676104
0.103242 0.0276088 0.724653 0.0625573 0.0173772 0.0645624
0.0398654 0.692051 0.0381514 0.147429 0.0268046 0.055699
0.0394351 0.772411 0.00646899 0.149652 0.0319327 9.9991E-05
0.0200395 0.802958 0.0209975 0.102053 0.0163822 0.0375699
9.99641E-05 0.926929 9.99641E-05 0.0726711 9.99641E-05 9.99641E-05
9.99641E-05 0.951425 9.99641E-05 0.0481754 9.99641E-05 9.99641E-05
0.189787 0.418239 0.0504446 0.188596 0.0599236 0.0930094
9.9991E-05 0.743296 0.0593927 0.106772 0.0179571 0.0724819
9.9982E-05 0.932371 0.000123251 0.060022 0.00728397 9.9982E-05
9.9991E-05 0.855499 0.0194076 0.0613779 0.0312437 0.0323722
0.00145837 0.844216 0.0174173 0.0767815 0.0600265 9.9991E-05
0.00737383 0.782177 0.0653981 0.0584697 0.0504098 0.0361718
0.0560721 0.149257 0.136701 0.644649 0.0132205 9.9991E-05
0.0768291 0.000882011 0.110341 0.760795 0.0127788 0.0383738
9.99731E-05 9.99731E-05 0.0629805 0.929005 0.00771482 9.99731E-05
9.9973E-05 9.9973E-05 0.115858 0.829784 0.0540574 9.9973E-05
0.16503 0.0551428 0.100403 0.587469 0.034692 0.057263
0.0690422 0.0186793 0.0637801 0.804468 0.0284141 0.0156159
0.0420804 0.169292 0.0599344 0.577422 0.0234725 0.127798
0.244468 0.0826026 0.132188 0.482068 0.058573 9.9991E-05
9.99731E-05 9.99731E-05 0.101713 0.872944 0.0250435 9.99731E-05
9.9982E-05 0.021585 0.103991 0.872055 0.00216888 9.9982E-05
9.99731E-05 9.99731E-05 0.0714027 0.892446 0.0358515 9.99731E-05
9.9982E-05 0.163092 0.155141 0.610351 0.0712165 9.9982E-05
9.9982E-05 0.116004 0.163592 0.688496 0.0317078 9.9982E-05
9.996E-05 0.9995 9.996E-05 9.996E-05 9.996E-05 9.996E-05
9.99641E-05 0.977867 9.99641E-05 0.0217333 9.99641E-05 9.99641E-05
9.996E-05 0.9995 9.996E-05 9.996E-05 9.996E-05 9.996E-05
0.00124165 0.966758 9.99731E-05 9.99731E-05 9.99731E-05 0.0317
0.0132856 0.942235 9.9982E-05 0.0128895 0.0313896 9.9982E-05
0.00887487 0.96372 9.9982E-05 0.0235886 0.0036169 9.9982E-05
9.996E-05 0.9995 9.996E-05 9.996E-05 9.996E-05 9.996E-05
9.996E-05 0.9995 9.996E-05 9.996E-05 9.996E-05 9.996E-05
9.99641E-05 0.994944 0.00465636 9.99641E-05 9.99641E-05 9.99641E-05
9.996E-05 0.9995 9.996E-05 9.996E-05 9.996E-05 9.996E-05
9.996E-05 0.9995 9.996E-05 9.996E-05 9.996E-05 9.996E-05
9.996E-05 0.9995 9.996E-05 9.996E-05 9.996E-05 9.996E-05
9.996E-05 0.9995 9.996E-05 9.996E-05 9.996E-05 9.996E-05
9.996E-05 0.9995 9.996E-05 9.996E-05 9.996E-05 9.996E-05
9.996E-05 9.996E-05 9.996E-05 9.996E-05 0.9995 9.996E-05
9.996E-05 9.996E-05 9.996E-05 9.996E-05 0.9995 9.996E-05
9.996E-05 9.996E-05 9.996E-05 9.996E-05 0.9995 9.996E-05
9.996E-05 9.996E-05 9.996E-05 9.996E-05 0.9995 9.996E-05
9.996E-05 9.996E-05 9.996E-05 9.996E-05 0.9995 9.996E-05
0.0721772 0.0155602 0.000502001 0.692112 9.9991E-05 0.219549
0.00165263 0.0131079 9.9991E-05 0.810749 0.00307592 0.171314
0.0113314 9.99731E-05 9.99731E-05 0.80548 9.99731E-05 0.182888
9.99731E-05 9.99731E-05 9.99731E-05 0.81136 0.0114706 0.17687
0.0292901 9.99731E-05 9.99731E-05 0.811545 9.99731E-05 0.158865
9.99731E-05 0.0078269 9.99731E-05 0.829509 9.99731E-05 0.162364
0.0287427 0.0436915 0.0145248 0.817155 9.9991E-05 0.0957863
9.99641E-05 9.99641E-05 9.99641E-05 0.842745 9.99641E-05 0.156856
0.316358 9.99641E-05 9.99641E-05 9.99641E-05 0.683242 9.99641E-05
0.363869 9.99641E-05 9.99641E-05 9.99641E-05 0.635731 9.99641E-05
0.224884 0.61324 0.0664923 9.9982E-05 9.9982E-05 0.0951837
0.246088 0.428237 0.0985645 0.0141045 9.9991E-05 0.212906
0.22568 0.562255 0.0444926 9.9982E-05 9.9982E-05 0.167372
0.0261383 9.99731E-05 9.99731E-05 0.795389 9.99731E-05 0.178173
9.99731E-05 0.0124387 9.99731E-05 0.799929 9.99731E-05 0.187333
0.0275211 0.0246962 9.99821E-05 0.720809 9.99821E-05 0.226773
0.0178041 9.9973E-05 9.9973E-05 0.751727 9.9973E-05 0.230169
0.00216045 9.99731E-05 9.99731E-05 0.771143 9.99731E-05 0.226396
0.017098 9.9982E-05 0.000376843 0.715359 9.9982E-05 0.266966
0.0794228 9.99731E-05 9.99731E-05 0.729394 9.99731E-05 0.190884
0.033059 9.99731E-05 9.99731E-05 0.796012 9.99731E-05 0.170629
0.0188014 9.99731E-05 9.99731E-05 0.750107 9.99731E-05 0.230791
0.0631084 9.99731E-05 9.99731E-05 0.68645 9.99731E-05 0.250142
0.062952 9.9973E-05 9.9973E-05 0.735907 9.9973E-05 0.200841
0.0372242 9.9973E-05 9.9973E-05 0.740425 9.9973E-05 0.222051
0.211456 0.0479665 0.0420329 0.571195 9.9991E-05 0.12725
0.0854933 0.0653378 9.9991E-05 0.551271 0.0528868 0.244911
0.0934625 0.082818 0.0301736 0.60431 0.0346383 0.154598
0.117467 0.0468623 9.9991E-05 0.614785 0.0104028 0.210383
0.197552 9.9982E-05 9.9982E-05 0.667827 0.0018379 0.132583
0.146679 9.99731E-05 9.99731E-05 0.652529 9.99731E-05 0.200492
0.176669 9.9982E-05 9.9982E-05 0.605115 0.00911927 0.208896
0.0697579 9.9973E-05 9.9973E-05 0.794716 9.9973E-05 0.135227
9.99641E-05 9.99641E-05 9.99641E-05 0.900991 9.99641E-05 0.0986094
9.99731E-05 9.99731E-05 9.99731E-05 0.830884 0.0228037 0.146012
0.0543188 0.0105411 9.9982E-05 0.768139 9.9982E-05 0.166801
0.0854624 9.9982E-05 0.00613605 0.760012 9.9982E-05 0.14819
0.023362 9.9973E-05 9.9973E-05 0.872461 9.9973E-05 0.103877
0.0528071 9.99731E-05 9.99731E-05 0.65851 9.99731E-05 0.288383
0.209832 0.0511404 0.0215836 0.599068 9.9991E-05 0.118276
0.144909 0.0541401 9.9991E-05 0.726132 0.0196096 0.0551101
0.142588 0.0352811 0.0435306 0.581169 0.0381441 0.159287
0.147062 0.0366907 9.9991E-05 0.596523 0.0288215 0.190803
0.171023 0.0478756 0.0319105 0.610898 0.00773 0.130563
0.00164677 9.99731E-05 9.99731E-05 0.706515 9.99731E-05 0.291538
0.0481279 9.9973E-05 9.9973E-05 0.69309 9.9973E-05 0.258482
9.99731E-05 9.99731E-05 9.99731E-05 0.170013 0.0435918 0.786095
0.0810427 0.0213419 9.9991E-05 0.170347 0.00984648 0.717322
9.99641E-05 9.99641E-05 9.99641E-05 0.277459 9.99641E-05 0.722141
0.0852525 0.0590524 0.011762 0.252762 9.9991E-05 0.591071
9.9982E-05 0.0094159 9.9982E-05 0.0777962 0.0132558 0.899332
0.219107 0.00848832 0.0494305 0.353629 0.038818 0.330527
9.9973E-05 9.9973E-05 0.0181579 0.242636 9.9973E-05 0.738906
0.0257923 0.0684637 9.9991E-05 0.0798405 0.00573251 0.820071
0.156814 0.0850019 0.0309809 0.240559 0.0605966 0.426048
0.121658 0.0826055 0.00773762 0.238532 0.0774025 0.472064
0.013361 9.99731E-05 9.99731E-05 0.153921 9.99731E-05 0.832418
0.00462736 9.99731E-05 9.99731E-05 0.813457 9.99731E-05 0.181616
9.99731E-05 9.99731E-05 9.99731E-05 0.33046 0.195677 0.473564
0.11559 9.9973E-05 9.9973E-05 0.550612 9.9973E-05 0.333498
0.186583 9.9982E-05 0.0252061 0.47445 9.9982E-05 0.31356
0.0331485 9.9982E-05 9.9982E-05 0.528384 0.0297687 0.408499
0.0907719 9.99731E-05 9.99731E-05 0.437438 9.99731E-05 0.471491
0.135807 9.9982E-05 9.9982E-05 0.13026 0.00372418 0.730009
9.99641E-05 9.99641E-05 9.99641E-05 0.586709 9.99641E-05 0.412891
0.057039 0.0347117 9.9991E-05 0.3146 0.018693 0.574857
0.048733 0.00859062 0.0398577 0.0542114 9.9991E-05 0.848507
0.141363 0.0087095 9.9982E-05 0.0214628 9.9982E-05 0.828265
9.99731E-05 0.00252654 9.99731E-05 9.99731E-05 0.0198116 0.977362
9.99731E-05 0.0245176 9.99731E-05 9.99731E-05 0.00458091 0.970602
0.0301058 9.9991E-05 0.0215077 0.0321176 0.0310191 0.88515
9.99731E-05 9.99731E-05 0.00720912 0.0339646 9.99731E-05 0.958526
0.107492 0.0146873 0.00519728 0.0582544 0.0140443 0.800325
9.9973E-05 9.9973E-05 0.0382729 0.0189172 9.9973E-05 0.94251
9.9978E-05 9.9978E-05 9.9978E-05 0.0307739 0.00223905 0.966687
9.99731E-05 9.99731E-05 0.0212408 9.99731E-05 0.0343871 0.944072
9.996E-05 9.996E-05 9.996E-05 9.996E-05 9.996E-05 0.9995
0.0133046 9.99731E-05 9.99731E-05 9.99731E-05 0.0293496 0.957046
9.9973E-05 0.00609294 9.9973E-05 0.0834353 9.9973E-05 0.910172
9.99731E-05 9.99731E-05 9.99731E-05 0.0201857 0.00807044 0.971444
0.0171513 9.9982E-05 0.0103617 0.142593 9.9982E-05 0.829694
9.99731E-05 0.00204 9.99731E-05 0.0649055 9.99731E-05 0.932755
0.00863178 0.00439201 9.9982E-05 9.9982E-05 0.00450249 0.982274
0.00784497 0.0222892 9.9982E-05 0.0413213 9.9982E-05 0.928345
0.00534228 0.0119592 9.9982E-05 9.9982E-05 0.00763973 0.974859
0.00698235 9.99731E-05 9.99731E-05 9.99731E-05 0.0266301 0.966088
0.0717108 9.99731E-05 9.99731E-05 0.0614538 9.99731E-05 0.866536
9.99731E-05 0.0170145 9.99731E-05 0.0230445 9.99731E-05 0.959641
9.99641E-05 0.0115472 9.99641E-05 9.99641E-05 9.99641E-05 0.988053
0.0624915 9.99641E-05 9.99641E-05 9.99641E-05 9.99641E-05 0.937109
0.233728 0.0860132 0.00798537 0.0144468 9.9991E-05 0.657727
0.0884927 9.9982E-05 0.0391237 9.9982E-05 0.0115833 0.8606
0.0506831 9.9982E-05 0.00984751 9.9982E-05 0.0135253 0.925744
0.0556595 0.0416695 0.0585953 9.9982E-05 9.9982E-05 0.843876
0.129354 0.034967 0.0225071 9.9982E-05 9.9982E-05 0.812972
0.0876972 0.0241319 0.0561615 0.0148875 0.0322272 0.784895
0.0490426 9.99731E-05 9.99731E-05 9.99731E-05 0.0307206 0.919937
0.0530451 0.0144518 9.9982E-05 9.9982E-05 0.0225243 0.909779
0.0897301 0.0240745 0.023277 9.9991E-05 0.00969064 0.853128
0.108975 9.9991E-05 0.0220498 0.145423 0.00177978 0.721673
0.103147 0.047308 9.9991E-05 0.305631 0.0863792 0.457435
0.577103 0.087661 0.0238258 0.162693 0.0260101 0.122707
0.683487 0.0786077 0.0233642 0.134638 0.0347044 0.0451984
0.725563 0.0968831 0.0574852 0.0208641 0.0511392 0.048065
0.653061 0.0929806 0.0552904 0.0678942 0.0193006 0.111473
0.962357 0.00491055 0.00507364 0.0106187 0.0169398 9.9991E-05
0.90893 0.00184539 0.0126078 9.9982E-05 0.076417 9.9982E-05
0.817564 0.0618214 0.0432978 0.0649011 0.0123157 9.9991E-05
0.855719 0.014091 9.99731E-05 9.99731E-05 9.99731E-05 0.12989
0.879102 0.0193946 9.9991E-05 0.0117062 0.00789377 0.0818032
0.932263 0.0673368 9.99641E-05 9.99641E-05 9.99641E-05 9.99641E-05
0.893017 9.9982E-05 0.023013 0.00886972 9.9982E-05 0.0749008
0.940215 9.99641E-05 9.99641E-05 9.99641E-05 9.99641E-05 0.059385
0.953091 0.0215343 0.018713 9.99821E-05 9.99821E-05 0.00646153
0.921118 9.9982E-05 0.0132772 0.0169883 9.9982E-05 0.048416
0.794816 0.0446049 0.00414562 0.0667331 0.0158566 0.0738434
0.9995 9.996E-05 9.996E-05 9.996E-05 9.996E-05 9.996E-05
0.953334 9.99641E-05 9.99641E-05 9.99641E-05 9.99641E-05 0.0462662
0.950322 9.99641E-05 9.99641E-05 9.99641E-05 9.99641E-05 0.0492777
0.908445 0.00125592 9.9991E-05 0.0677886 0.0159518 0.00645852
0.8973 0.0218566 0.00781719 0.0195697 0.0206811 0.0327754
0.95097 0.00501441 0.000412801 9.9982E-05 0.0434025 9.9982E-05
0.9995 9.996E-05 9.996E-05 9.996E-05 9.996E-05 9.996E-05
0.966526 9.99731E-05 9.99731E-05 9.99731E-05 0.00668611 0.0264875
0.942867 0.03605 9.9982E-05 0.00245121 0.0184321 9.9982E-05
0.984146 9.99641E-05 9.99641E-05 9.99641E-05 0.0154545 9.99641E-05
0.9995 9.996E-05 9.996E-05 9.996E-05 9.996E-05 9.996E-05
0.69619 0.0479708 9.9991E-05 0.0452336 0.0728339 0.137672
0.957402 9.99641E-05 9.99641E-05 9.99641E-05 9.99641E-05 0.0421983
0.934722 9.9982E-05 9.9982E-05 0.0169246 0.00537699 0.0427763
0.9995 9.996E-05 9.996E-05 9.996E-05 9.996E-05 9.996E-05
0.930247 9.99641E-05 9.99641E-05 9.99641E-05 9.99641E-05 0.0693533
0.996884 0.00271639 9.99641E-05 9.99641E-05 9.99641E-05 9.99641E-05
0.998513 9.99641E-05 9.99641E-05 9.99641E-05 0.00108687 9.99641E-05
0.9995 9.996E-05 9.996E-05 9.996E-05 9.996E-05 9.996E-05
0.9995 9.996E-05 9.996E-05 9.996E-05 9.996E-05 9.996E-05
0.9995 9.996E-05 9.996E-05 9.996E-05 9.996E-05 9.996E-05
0.953693 9.99641E-05 9.99641E-05 9.99641E-05 9.99641E-05 0.0459075
0.869683 9.99731E-05 9.99731E-05 9.99731E-05 0.0352297 0.0947877
0.927285 0.0713614 9.99731E-05 0.00105368 9.99731E-05 9.99731E-05
0.831231 9.9982E-05 0.00273164 9.9982E-05 0.0817052 0.0841324
0.9995 9.996E-05 9.996E-05 9.996E-05 9.996E-05 9.996E-05
0.9995 9.996E-05 9.996E-05 9.996E-05 9.996E-05 9.996E-05
0.9995 9.996E-05 9.996E-05 9.996E-05 9.996E-05 9.996E-05
0.9995 9.996E-05 9.996E-05 9.996E-05 9.996E-05 9.996E-05
0.9995 9.996E-05 9.996E-05 9.996E-05 9.996E-05 9.996E-05
0.9995 9.996E-05 9.996E-05 9.996E-05 9.996E-05 9.996E-05
0.951315 0.0175801 0.00492941 0.0259759 9.9982E-05 9.9982E-05
0.943564 0.0242353 9.9982E-05 0.0311087 0.000892227 9.9982E-05
0.955591 0.0294004 9.99731E-05 0.0147085 9.99731E-05 9.99731E-05
0.689782 0.0906391 0.0152059 0.167065 0.0372072 9.9991E-05
0.868512 0.00615227 9.9991E-05 0.014625 0.0193083 0.0913021
0.790194 0.0285573 0.0309368 9.9991E-05 0.0235375 0.126674
0.799729 0.0989187 0.00690045 0.0779902 0.0163614 9.9991E-05
0.792268 0.00556692 0.0858817 0.0724092 0.00358126 0.0402932
0.863501 0.0409397 0.0117 0.0556339 0.0281252 9.9991E-05
0.804952 0.0907728 0.0448434 0.0215169 0.0378148 9.9991E-05
0.697714 0.0697273 0.0490175 0.147071 0.0363699 9.9991E-05
0.862827 9.9982E-05 9.9982E-05 0.0870188 0.00838328 0.0415707
0.764424 0.0556318 0.0523065 0.0950878 0.0324497 9.9991E-05
0.896456 0.0120975 0.0458901 0.0453568 9.9982E-05 9.9982E-05
0.794928 0.07221 0.00736633 0.0038878 0.0275462 0.0940622
0.766862 0.0280581 0.0211775 0.101543 0.0131957 0.069164
0.91716 9.9982E-05 9.9982E-05 0.0704095 0.00340786 0.00882312
0.804712 0.0580737 0.0492251 0.0357142 0.00582409 0.0464506
0.847479 9.9982E-05 9.9982E-05 0.0486704 0.0383195 0.0653316
0.893025 0.0109394 0.00361367 0.0775144 0.0148079 9.9991E-05
0.837598 9.99731E-05 9.99731E-05 0.0444699 0.117633 9.99731E-05
0.824906 0.0459552 9.9982E-05 9.9982E-05 0.121586 0.00735316
0.849064 0.0237544 9.9982E-05 9.9982E-05 0.0980163 0.0289655
0.548876 0.0869521 0.0229714 0.236903 0.104197 9.9991E-05
0.63129 0.0905108 0.050174 0.15067 0.0772549 9.9991E-05
