0.760443 0.142455 0.0457204 0.0513815
0.978014 9.9982E-05 0.0217859 9.9982E-05
0.9997 9.998E-05 9.998E-05 9.998E-05
0.615522 0.167743 0.170792 0.0459435
0.645977 0.177682 0.104435 0.0719066
0.857429 0.0703491 0.0643357 0.00788574
0.9997 9.998E-05 9.998E-05 9.998E-05
0.9997 9.998E-05 9.998E-05 9.998E-05
0.9997 9.998E-05 9.998E-05 9.998E-05
0.799843 0.160761 0.00490255 0.0344931
0.466335 0.0532026 9.9991E-05 0.480363
0.380578 0.0819919 9.9991E-05 0.53733
0.340882 0.0801564 9.9991E-05 0.578861
0.0777802 0.146095 0.0327834 0.743341
0.106252 0.157645 0.110741 0.625362
0.111453 0.315593 0.119557 0.453397
0.137346 0.281521 9.9991E-05 0.581034
0.100492 0.253866 9.9991E-05 0.645542
0.137011 0.191931 9.9991E-05 0.670959
9.998E-05 9.998E-05 9.998E-05 0.9997
9.998E-05 9.998E-05 9.998E-05 0.9997
9.998E-05 9.998E-05 9.998E-05 0.9997
0.0641088 0.208163 9.9991E-05 0.727628
0.0230428 0.892148 9.9991E-05 0.0847087
0.0709101 0.906102 9.9991E-05 0.0228881
0.0379188 0.871379 9.9991E-05 0.0906023
0.0631203 0.833904 9.9991E-05 0.102876
0.0133945 0.852943 9.9991E-05 0.133563
0.0147173 0.916728 9.9991E-05 0.0684551
0.0162626 0.922671 9.9991E-05 0.0609668
0.0250189 0.939697 9.9991E-05 0.0351841
9.9982E-05 0.95912 9.9982E-05 0.0406798
0.0586662 0.903372 9.9991E-05 0.0378622
0.0265387 0.91105 9.9991E-05 0.0623115
0.0854421 0.76885 0.0563319 0.0893764
0.0620056 0.721303 0.1465 0.0701914
0.0952283 0.85593 9.9991E-05 0.0487416
9.9991E-05 0.76786 0.179337 0.0527021
9.9991E-05 0.725416 0.196715 0.0777689
9.9991E-05 0.821608 0.141778 0.0365139
9.9991E-05 0.84902 0.0944865 0.0563933
9.9991E-05 0.816412 0.142539 0.0409493
0.0231764 0.907328 0.0693954 9.9991E-05
9.9991E-05 0.828703 0.105814 0.0653829
9.9991E-05 0.908028 0.0836319 0.00824006
0.00640333 0.895477 0.0980195 9.9991E-05
0.0777974 0.80588 0.07648 0.0398428
9.9991E-05 0.91055 0.0521969 0.0371528
9.99821E-05 0.93278 0.06702 9.99821E-05
9.9982E-05 0.886925 0.112875 9.9982E-05
0.0700144 0.565665 0.289012 0.0753088
0.0238715 0.885368 0.09066 9.9991E-05
9.9991E-05 0.795519 0.187344 0.0170371
0.0163796 0.687463 0.263134 0.0330236
0.00290109 0.721749 0.257142 0.0182077
0.0105167 0.736264 0.2363 0.0169194
0.0366644 0.793203 0.170033 9.9991E-05
9.9982E-05 0.849551 0.150249 9.9982E-05
9.9991E-05 0.759905 0.210569 0.0294264
0.0419932 0.694407 0.257546 0.00605416
9.9982E-05 0.833312 0.166488 9.9982E-05
9.9982E-05 0.865881 0.133919 9.9982E-05
9.9982E-05 0.854071 0.145729 9.9982E-05
0.0107444 0.718894 0.220327 0.0500346
9.9991E-05 0.838159 0.147354 0.0143871
9.9982E-05 0.78362 0.21618 9.9982E-05
0.00982917 0.804977 0.185094 9.9991E-05
9.9982E-05 0.802955 0.196845 9.9982E-05
9.9982E-05 0.771988 0.227812 9.9982E-05
9.9991E-05 0.748213 0.225684 0.0260022
9.9982E-05 0.638495 0.361305 9.9982E-05
9.9982E-05 0.719146 0.280654 9.9982E-05
9.9982E-05 0.705196 0.294604 9.9982E-05
9.9982E-05 0.726037 0.273763 9.9982E-05
9.9991E-05 0.693333 0.282016 0.0245515
0.0335922 0.462428 0.50388 9.9991E-05
9.9991E-05 0.40611 0.572186 0.0216036
9.9982E-05 0.526786 0.473014 9.9982E-05
9.9991E-05 0.352657 0.63495 0.0122929
9.9982E-05 0.508837 0.490963 9.9982E-05
9.9991E-05 0.493036 0.505457 0.00140674
9.9982E-05 0.467182 0.532618 9.9982E-05
9.9982E-05 0.0176067 0.982193 9.9982E-05
9.9982E-05 0.0425936 0.957206 9.9982E-05
9.9982E-05 0.00833486 0.991465 9.9982E-05
9.998E-05 9.998E-05 0.9997 9.998E-05
9.998E-05 9.998E-05 0.9997 9.998E-05
0.00176991 0.163021 0.827504 0.0077052
9.9982E-05 0.0640768 0.935723 9.9982E-05
9.998E-05 9.998E-05 0.9997 9.998E-05
9.9982E-05 0.0365041 0.963296 9.9982E-05
9.9982E-05 0.0314253 0.968375 9.9982E-05
9.998E-05 9.998E-05 0.9997 9.998E-05
0.0428316 9.9991E-05 0.951936 0.00513261
9.998E-05 9.998E-05 0.9997 9.998E-05
