0.0723081 9.9982E-05 0.098039 0.01181 9.9982E-05 0.725991 0.0916516
9.99551E-05 0.00496943 9.99551E-05 9.99551E-05 9.99551E-05 0.994531 9.99551E-05
9.99551E-05 9.99551E-05 9.99551E-05 0.000899359 9.99551E-05 0.998601 9.99551E-05
0.167666 9.9991E-05 0.144646 0.0222902 0.0147834 0.608131 0.0423838
0.225801 9.9973E-05 9.9973E-05 9.9973E-05 0.0551678 0.626357 0.0923747
0.0527459 0.0484294 0.0775636 9.9973E-05 9.9973E-05 0.820961 9.9973E-05
9.995E-05 9.995E-05 9.995E-05 9.995E-05 9.995E-05 0.9994 9.995E-05
9.99551E-05 9.99551E-05 9.99551E-05 9.99551E-05 9.99551E-05 0.974328 0.0251719
9.995E-05 9.995E-05 9.995E-05 9.995E-05 9.995E-05 0.9994 9.995E-05
0.111636 9.9982E-05 9.9982E-05 0.0223153 0.0503918 0.737522 0.0779351
9.9955E-05 9.9955E-05 9.9955E-05 9.9955E-05 9.9955E-05 0.204471 0.79503
9.99551E-05 9.99551E-05 9.99551E-05 9.99551E-05 9.99551E-05 0.100824 0.898677
9.99551E-05 9.99551E-05 9.99551E-05 9.99551E-05 9.99551E-05 0.0709457 0.928555
9.99641E-05 0.000947401 9.99641E-05 0.0714062 9.99641E-05 9.99641E-05 0.927247
0.00295399 9.9982E-05 0.109917 0.0234159 0.00113969 9.9982E-05 0.862373
0.160589 0.0244285 0.082721 0.0090937 9.9982E-05 9.9982E-05 0.722968
0.0239257 0.0574135 9.9964E-05 9.9964E-05 9.9964E-05 9.9964E-05 0.918261
9.9964E-05 0.138429 9.9964E-05 0.0869729 9.9964E-05 9.9964E-05 0.774198
9.9964E-05 0.0526248 9.9964E-05 0.0848082 9.9964E-05 9.9964E-05 0.862167
9.995E-05 9.995E-05 9.995E-05 0.9994 9.995E-05 9.995E-05 9.995E-05
9.995E-05 9.995E-05 9.995E-05 0.9994 9.995E-05 9.995E-05 9.995E-05
9.99551E-05 9.99551E-05 9.99551E-05 0.989492 9.99551E-05 0.0100082 9.99551E-05
9.9973E-05 0.0876827 9.9973E-05 0.102784 0.00153468 9.9973E-05 0.807698
0.187807 0.695493 0.0603113 0.019446 9.9982E-05 9.9982E-05 0.0367433
9.9982E-05 0.855393 0.069718 0.0184716 0.0208203 0.0353974 9.9982E-05
0.11837 0.845317 0.00888633 9.9973E-05 9.9973E-05 9.9973E-05 0.0271268
0.158943 0.73748 9.9973E-05 9.9973E-05 9.9973E-05 0.0173381 0.0859391
0.153105 0.760468 9.9973E-05 0.0325409 9.9973E-05 9.9973E-05 0.0535859
9.995E-05 0.9994 9.995E-05 9.995E-05 9.995E-05 9.995E-05 9.995E-05
9.995E-05 0.9994 9.995E-05 9.995E-05 9.995E-05 9.995E-05 9.995E-05
9.995E-05 0.9994 9.995E-05 9.995E-05 9.995E-05 9.995E-05 9.995E-05
9.995E-05 0.9994 9.995E-05 9.995E-05 9.995E-05 9.995E-05 9.995E-05
9.99551E-05 0.980554 9.99551E-05 9.99551E-05 0.0189459 9.99551E-05 9.99551E-05
0.0498717 0.917222 9.99641E-05 0.0325067 9.99641E-05 9.99641E-05 9.99641E-05
0.250546 0.537832 0.057606 9.9991E-05 0.0244488 0.0522075 0.0772594
0.504467 0.30766 9.9991E-05 0.0128108 0.0582641 0.0442001 0.0724974
0.145873 0.719163 9.9991E-05 0.0138495 0.0107602 0.10054 0.00971344
0.84118 0.0176069 0.0566188 0.0265686 9.9991E-05 0.000533047 0.0573926
0.599418 0.165092 0.154031 0.024973 9.9982E-05 9.9982E-05 0.0562857
0.857891 0.101272 0.0216893 0.00128745 9.9982E-05 9.9982E-05 0.0176603
0.804661 0.13753 9.9973E-05 0.0178244 9.9973E-05 9.9973E-05 0.0396845
0.828855 0.0932084 9.9991E-05 0.0241196 0.0155601 0.018772 0.0193843
0.956413 9.99641E-05 9.99641E-05 9.99641E-05 9.99641E-05 0.00954954 0.0336373
0.72567 0.136922 0.0296265 0.0183316 9.9982E-05 9.9982E-05 0.0892496
0.71114 0.15638 0.0552983 9.9991E-05 0.0193025 0.0145634 0.0432163
0.990765 9.99551E-05 9.99551E-05 0.00873533 9.99551E-05 9.99551E-05 9.99551E-05
0.716596 0.170152 9.99731E-05 0.0239948 9.99731E-05 0.0889567 9.99731E-05
0.809725 0.125498 9.9982E-05 0.00327537 0.0023592 9.9982E-05 0.058943
0.847182 0.115208 9.99641E-05 9.99641E-05 9.99641E-05 9.99641E-05 0.03721
0.922672 0.042044 0.0220646 0.00496903 0.00805009 9.9982E-05 9.9982E-05
0.472031 0.242912 0.108808 0.0300093 0.0413366 0.0656523 0.0392516
0.887912 0.06558 9.9973E-05 0.003253 9.9973E-05 0.0429554 9.9973E-05
0.809374 0.0268503 0.0966732 0.034911 9.9991E-05 0.023255 0.00883629
0.694313 0.0613306 0.101217 0.0037524 0.0342068 0.0725911 0.0325896
0.847254 9.99731E-05 0.106162 0.00557846 9.99731E-05 9.99731E-05 0.0407055
0.820988 9.9982E-05 0.0627208 9.9982E-05 0.0249389 0.00954747 0.0816051
0.907769 0.0475135 9.9991E-05 0.00519534 0.00204884 0.00790879 0.0294648
0.879659 0.0662791 0.00133987 0.037371 0.0151514 9.9982E-05 9.9982E-05
0.709921 0.14114 0.0234856 0.0409781 0.06862 9.9991E-05 0.0157545
0.668131 0.0871192 0.161507 0.0495548 9.9982E-05 0.0334878 9.9982E-05
0.913427 0.0584366 0.00138664 9.99731E-05 0.0264497 9.99731E-05 9.99731E-05
0.902273 0.091976 9.99641E-05 9.99641E-05 9.99641E-05 0.00535066 9.99641E-05
0.919748 9.99641E-05 0.045048 9.99641E-05 9.99641E-05 9.99641E-05 0.0348039
0.80875 0.0783815 0.0353553 0.0210404 0.0347608 0.0216118 9.9991E-05
0.877302 0.0954695 9.99641E-05 0.0268291 9.99641E-05 9.99641E-05 9.99641E-05
0.819626 0.0906389 9.99641E-05 9.99641E-05 0.0893352 9.99641E-05 9.99641E-05
0.92179 9.99641E-05 0.0561075 9.99641E-05 9.99641E-05 0.0217024 9.99641E-05
0.951034 9.99551E-05 9.99551E-05 9.99551E-05 0.0484666 9.99551E-05 9.99551E-05
0.895083 0.029629 0.0234604 9.9982E-05 0.0361247 0.015503 9.9982E-05
0.831855 0.0344485 9.9973E-05 0.017841 0.115556 9.9973E-05 9.9973E-05
0.859556 9.99551E-05 0.139944 9.99551E-05 9.99551E-05 9.99551E-05 9.99551E-05
0.798445 0.0143726 0.186783 9.99641E-05 9.99641E-05 9.99641E-05 9.99641E-05
0.945613 9.99551E-05 9.99551E-05 9.99551E-05 0.0538871 9.99551E-05 9.99551E-05
0.839429 9.9973E-05 0.137632 9.9973E-05 0.0128817 9.9973E-05 0.00975712
0.862073 9.9991E-05 0.0772571 0.0209399 0.00886732 0.00505212 0.0257107
0.5609 9.99551E-05 0.4386 9.99551E-05 9.99551E-05 9.99551E-05 9.99551E-05
0.588167 9.99731E-05 0.383429 0.0154244 0.0126795 9.99731E-05 9.99731E-05
0.601203 9.99731E-05 0.359202 0.0207146 0.0185809 9.99731E-05 9.99731E-05
0.205103 0.0923431 0.640777 0.00181592 9.9991E-05 0.010611 0.0492501
0.577732 9.99641E-05 0.41539 9.99641E-05 9.99641E-05 9.99641E-05 0.00647871
0.49389 0.0712229 0.374862 0.0100132 0.0391521 0.010759 9.9991E-05
0.470005 9.99641E-05 0.526472 9.99641E-05 9.99641E-05 0.00312268 9.99641E-05
9.995E-05 9.995E-05 0.9994 9.995E-05 9.995E-05 9.995E-05 9.995E-05
0.0320106 9.99641E-05 0.933351 9.99641E-05 0.0342389 9.99641E-05 9.99641E-05
9.995E-05 9.995E-05 0.9994 9.995E-05 9.995E-05 9.995E-05 9.995E-05
9.99551E-05 9.99551E-05 0.976413 9.99551E-05 0.0230875 9.99551E-05 9.99551E-05
9.9964E-05 9.9964E-05 0.951889 9.9964E-05 0.0472963 0.000415312 9.9964E-05
0.0542255 0.0732801 0.788266 9.9982E-05 0.0713549 9.9982E-05 0.0126737
9.9964E-05 0.0282549 0.94417 9.9964E-05 0.0271752 9.9964E-05 9.9964E-05
9.9973E-05 0.00338245 0.956338 9.9973E-05 0.0398506 9.9973E-05 0.000128682
9.995E-05 9.995E-05 0.9994 9.995E-05 9.995E-05 9.995E-05 9.995E-05
9.99551E-05 9.99551E-05 0.941226 9.99551E-05 0.0582738 9.99551E-05 9.99551E-05
9.995E-05 9.995E-05 9.995E-05 9.995E-05 0.9994 9.995E-05 9.995E-05
0.013572 9.9955E-05 9.9955E-05 9.9955E-05 0.985928 9.9955E-05 9.9955E-05
9.995E-05 9.995E-05 9.995E-05 9.995E-05 0.9994 9.995E-05 9.995E-05
