0.169455 0.760322 0.0702232
0.0139142 0.985986 9.9991E-05
9.999E-05 0.9998 9.999E-05
0.278679 0.623283 0.0980386
0.237531 0.634691 0.127778
0.143492 0.856408 9.9991E-05
9.999E-05 0.9998 9.999E-05
9.999E-05 0.9998 9.999E-05
9.999E-05 0.9998 9.999E-05
0.116713 0.803578 0.0797084
9.9991E-05 0.519429 0.480471
9.9991E-05 0.456892 0.543008
9.9991E-05 0.376553 0.623347
0.0313734 0.126872 0.841754
0.125613 0.224327 0.65006
0.215153 0.165002 0.619846
0.0743703 0.188157 0.737473
0.00793321 0.139606 0.852461
0.018297 0.178775 0.802928
9.999E-05 9.999E-05 0.9998
9.999E-05 9.999E-05 0.9998
9.999E-05 9.999E-05 0.9998
0.0499586 0.0916413 0.8584
0.554145 9.9991E-05 0.445755
0.522677 0.0245072 0.452815
0.498534 9.9991E-05 0.501366
0.50024 9.9991E-05 0.49966
0.481834 9.9991E-05 0.518066
0.442058 9.9991E-05 0.557842
0.475473 9.9991E-05 0.524427
0.483663 9.9991E-05 0.516237
0.507915 9.9991E-05 0.491985
0.488528 9.9991E-05 0.511372
0.482802 9.9991E-05 0.517098
0.563319 0.105521 0.33116
0.612154 0.0650397 0.322806
0.550903 0.0576981 0.391399
0.689543 9.9991E-05 0.310357
0.674257 9.9991E-05 0.325643
0.732674 9.9991E-05 0.267227
0.673589 9.9991E-05 0.326311
0.7017 9.9991E-05 0.2982
0.766973 9.9991E-05 0.232927
0.654855 9.9991E-05 0.345045
0.729001 9.9991E-05 0.270899
0.744582 9.9991E-05 0.255318
0.649129 0.0627102 0.288161
0.687775 9.9991E-05 0.312125
0.735787 9.9991E-05 0.264113
0.787837 9.9991E-05 0.212063
0.681815 0.0783854 0.239799
0.737221 9.9991E-05 0.262679
0.745055 9.9991E-05 0.254845
0.701598 0.0475523 0.25085
0.781633 0.00794129 0.210425
0.793013 0.0485343 0.158453
0.75623 0.0293408 0.21443
0.763799 9.9991E-05 0.236101
0.763397 9.9991E-05 0.236503
0.74373 0.0519217 0.204349
0.817582 9.9991E-05 0.182318
0.779812 9.9991E-05 0.220088
0.776201 9.9991E-05 0.223699
0.735474 9.9991E-05 0.264426
0.761038 9.9991E-05 0.238862
0.769467 9.9991E-05 0.230433
0.830704 0.011121 0.158175
0.813922 9.9991E-05 0.185978
0.826943 0.0102967 0.16276
0.787615 9.9991E-05 0.212285
0.898841 9.9991E-05 0.101059
0.901143 9.9991E-05 0.0987567
0.906563 9.9991E-05 0.0933366
0.846792 9.9991E-05 0.153108
0.780933 0.014775 0.204292
0.933964 0.0656159 0.000420615
0.954549 9.9991E-05 0.0453509
0.901861 9.9991E-05 0.0980393
0.916545 0.0383912 0.0450638
0.940321 0.0127951 0.0468835
0.882812 0.0206045 0.0965834
0.969458 0.0304417 9.9991E-05
0.9998 9.999E-05 9.999E-05
0.9998 9.999E-05 9.999E-05
0.9998 9.999E-05 9.999E-05
0.9998 9.999E-05 9.999E-05
0.9998 9.999E-05 9.999E-05
0.977433 0.0224674 9.9991E-05
0.9998 9.999E-05 9.999E-05
0.9998 9.999E-05 9.999E-05
0.9998 9.999E-05 9.999E-05
0.9998 9.999E-05 9.999E-05
0.966158 0.0337421 9.9991E-05
0.932111 0.0677891 9.9991E-05
0.932724 0.0671756 9.9991E-05
