0.0154903 0.952571 9.9973E-05 9.9973E-05 0.019453 0.00907988 9.9973E-05 0.00310643
9.99461E-05 0.968678 9.99461E-05 9.99461E-05 9.99461E-05 9.99461E-05 0.0307221 9.99461E-05
9.99551E-05 0.772708 0.00597561 9.99551E-05 9.99551E-05 9.99551E-05 0.220817 9.99551E-05
9.998E-05 0.796431 0.0148013 0.0906891 0.0104899 0.0190472 9.998E-05 0.0683419
9.9946E-05 0.898003 9.9946E-05 9.9946E-05 9.9946E-05 9.9946E-05 9.9946E-05 0.101397
9.994E-05 0.9993 9.994E-05 9.994E-05 9.994E-05 9.994E-05 9.994E-05 9.994E-05
9.994E-05 9.994E-05 9.994E-05 9.994E-05 9.994E-05 9.994E-05 0.9993 9.994E-05
0.0446261 0.109256 0.0430725 9.99641E-05 9.99641E-05 9.99641E-05 0.802645 9.99641E-05
9.994E-05 9.994E-05 9.994E-05 9.994E-05 9.994E-05 9.994E-05 0.9993 9.994E-05
0.147203 0.281901 9.997E-05 0.0360882 9.997E-05 9.997E-05 0.454351 0.0801562
9.99461E-05 9.99461E-05 0.976293 9.99461E-05 9.99461E-05 9.99461E-05 0.0231076 9.99461E-05
9.994E-05 9.994E-05 0.9993 9.994E-05 9.994E-05 9.994E-05 9.994E-05 9.994E-05
9.99461E-05 9.99461E-05 0.993512 9.99461E-05 9.99461E-05 0.00588826 9.99461E-05 9.99461E-05
0.953396 9.99461E-05 9.99461E-05 9.99461E-05 0.0460041 9.99461E-05 9.99461E-05 9.99461E-05
0.910615 9.99551E-05 0.0340253 0.0548604 9.99551E-05 9.99551E-05 9.99551E-05 9.99551E-05
0.747869 0.0350849 9.9973E-05 0.0260738 9.9973E-05 0.0414108 9.9973E-05 0.149261
0.9993 9.994E-05 9.994E-05 9.994E-05 9.994E-05 9.994E-05 9.994E-05 9.994E-05
0.987896 9.99461E-05 9.99461E-05 9.99461E-05 9.99461E-05 0.0115039 9.99461E-05 9.99461E-05
0.950791 9.996E-05 0.00266745 9.996E-05 0.0320976 9.996E-05 0.0140439 9.996E-05
9.994E-05 9.994E-05 9.994E-05 9.994E-05 0.9993 9.994E-05 9.994E-05 9.994E-05
9.994E-05 9.994E-05 9.994E-05 9.994E-05 0.9993 9.994E-05 9.994E-05 9.994E-05
9.99461E-05 9.99461E-05 9.99461E-05 9.99461E-05 0.992665 9.99461E-05 0.00673552 9.99461E-05
0.955075 9.99461E-05 9.99461E-05 9.99461E-05 0.0443254 9.99461E-05 9.99461E-05 9.99461E-05
0.0754438 0.00650719 9.99641E-05 9.99641E-05 9.99641E-05 0.646145 9.99641E-05 0.271504
9.998E-05 0.00541717 9.998E-05 0.0419272 0.00335023 0.847543 0.0289283 0.0726343
0.0502506 9.9982E-05 0.0141545 0.0171723 0.00730628 0.867039 9.9982E-05 0.0438776
9.9964E-05 0.0374338 0.0536178 9.9964E-05 9.9964E-05 0.784225 9.9964E-05 0.124323
0.00412634 0.000962248 0.0543598 9.9982E-05 0.0233303 0.779598 9.9982E-05 0.137424
9.994E-05 9.994E-05 9.994E-05 9.994E-05 9.994E-05 0.9993 9.994E-05 9.994E-05
9.994E-05 9.994E-05 9.994E-05 9.994E-05 9.994E-05 0.9993 9.994E-05 9.994E-05
0.0122486 9.99461E-05 9.99461E-05 9.99461E-05 9.99461E-05 0.987152 9.99461E-05 9.99461E-05
9.994E-05 9.994E-05 9.994E-05 9.994E-05 9.994E-05 0.9993 9.994E-05 9.994E-05
9.99461E-05 0.0188529 9.99461E-05 9.99461E-05 9.99461E-05 0.980547 9.99461E-05 9.99461E-05
9.997E-05 9.997E-05 0.00717292 9.997E-05 0.0112549 0.948865 0.00636057 0.0260468
0.0425882 0.0752163 9.9982E-05 0.156535 0.00654037 0.604388 9.9982E-05 0.114533
0.0229111 0.133195 9.999E-05 0.0762335 0.0388641 0.314285 0.00101368 0.413398
9.9982E-05 0.113284 0.020783 0.0326391 0.0101555 0.641605 9.9982E-05 0.181333
0.146664 9.99641E-05 0.00770826 0.0461776 9.99641E-05 9.99641E-05 9.99641E-05 0.79905
0.0307395 0.00129074 0.00812899 0.0329936 0.0428601 0.241381 9.9991E-05 0.642507
9.998E-05 0.0370667 0.0140126 0.0057827 0.0173855 0.1407 9.998E-05 0.784853
0.0606846 9.99731E-05 9.99731E-05 0.0170498 0.0258328 0.105725 9.99731E-05 0.790408
0.0384349 9.9982E-05 9.9982E-05 0.00617232 0.0035883 0.196101 0.0276958 0.727808
0.0416875 0.029433 9.99641E-05 9.99641E-05 9.99641E-05 0.00938248 9.99641E-05 0.919097
0.002476 0.0109915 0.019107 9.9982E-05 0.0551727 0.158293 9.9982E-05 0.75376
9.9973E-05 0.0338939 0.0335262 0.0169446 9.9973E-05 0.219428 9.9973E-05 0.695908
0.056483 0.0284028 9.99551E-05 9.99551E-05 9.99551E-05 9.99551E-05 9.99551E-05 0.914614
0.0309548 0.0907459 0.00918457 9.9982E-05 9.9982E-05 0.193868 0.00490378 0.670143
0.0553707 9.99731E-05 0.00232105 9.99731E-05 0.018776 0.153342 9.99731E-05 0.76989
9.99641E-05 9.99641E-05 0.0360739 9.99641E-05 9.99641E-05 0.1095 0.0130683 0.840958
0.00748279 9.9973E-05 9.9973E-05 0.0194644 0.0254028 0.0680346 9.9973E-05 0.879316
0.118611 0.0788383 0.0272505 0.12792 0.00403445 0.0634142 9.9991E-05 0.579832
9.9973E-05 0.0218339 9.9973E-05 9.9973E-05 0.0362562 0.0839465 0.00325189 0.854412
9.9982E-05 9.9982E-05 0.0115224 0.0267021 0.0268935 0.0565742 0.0183575 0.85975
0.0624575 0.00660659 0.0352579 0.168219 9.9991E-05 0.0649213 0.0308985 0.631539
9.99731E-05 9.99731E-05 0.0641543 0.0554425 0.00697156 9.99731E-05 0.00292506 0.870207
0.012638 0.0418617 0.0211752 0.0829305 9.9982E-05 9.9982E-05 0.0193285 0.821866
9.99641E-05 0.0830167 9.99641E-05 0.0175888 9.99641E-05 0.0311585 9.99641E-05 0.867836
9.997E-05 9.997E-05 9.997E-05 0.0152896 0.0329493 0.0799942 0.0167504 0.854717
9.997E-05 9.997E-05 9.997E-05 0.14006 0.0428977 0.097817 0.01407 0.704855
0.0429465 0.0930113 9.9982E-05 0.0559471 0.019124 0.0261379 9.9982E-05 0.762633
9.996E-05 0.00339482 0.0138585 9.996E-05 9.996E-05 0.0664007 9.996E-05 0.915946
0.0148334 0.00990278 9.9973E-05 9.9973E-05 9.9973E-05 0.0707029 0.0147457 0.889515
0.0371385 9.99461E-05 9.99461E-05 9.99461E-05 9.99461E-05 9.99461E-05 9.99461E-05 0.962262
0.149514 0.011749 9.9982E-05 0.0549561 9.9982E-05 0.00237949 0.00652828 0.774673
9.99551E-05 9.99551E-05 9.99551E-05 9.99551E-05 0.0410016 0.0866663 9.99551E-05 0.871832
0.0519971 9.99731E-05 9.99731E-05 0.0440626 9.99731E-05 0.0467559 0.00864052 0.848244
9.99641E-05 0.0106313 9.99641E-05 9.99641E-05 9.99641E-05 0.0238001 0.0233952 0.941774
0.0160337 9.99465E-05 9.99465E-05 9.99465E-05 9.99465E-05 9.99465E-05 9.99465E-05 0.983367
9.99731E-05 9.99731E-05 0.0130908 0.0760559 9.99731E-05 0.0554651 0.0278933 0.827195
0.0561212 9.996E-05 9.996E-05 0.0877899 0.0104899 9.996E-05 9.996E-05 0.845199
9.99461E-05 9.99461E-05 9.99461E-05 0.0923243 9.99461E-05 9.99461E-05 9.99461E-05 0.907076
9.99462E-05 9.99462E-05 9.99462E-05 0.0854224 9.99462E-05 9.99462E-05 9.99462E-05 0.913978
9.994E-05 9.994E-05 9.994E-05 0.0478904 9.994E-05 9.994E-05 9.994E-05 0.95151
9.99551E-05 9.99551E-05 0.0337654 0.0658398 9.99551E-05 9.99551E-05 9.99551E-05 0.899895
0.049176 0.0178157 0.0278839 0.0857081 0.0047454 9.998E-05 9.998E-05 0.814471
9.99641E-05 9.99641E-05 0.0159654 0.356548 9.99641E-05 9.99641E-05 0.0194134 0.607673
9.99551E-05 9.99551E-05 9.99551E-05 0.360794 0.0131103 9.99551E-05 9.99551E-05 0.625596
9.99551E-05 9.99551E-05 9.99551E-05 0.303693 0.0285731 9.99551E-05 9.99551E-05 0.667235
0.0462316 0.0167513 9.9973E-05 0.56094 9.9973E-05 0.0381722 9.9973E-05 0.337605
9.99551E-05 9.99551E-05 0.00539037 0.324461 9.99551E-05 9.99551E-05 9.99551E-05 0.669649
0.00480904 9.998E-05 9.998E-05 0.363582 0.0138152 0.0463684 0.0157443 0.555481
9.99551E-05 0.00550366 9.99551E-05 0.413826 9.99551E-05 9.99551E-05 9.99551E-05 0.580171
9.99641E-05 9.99641E-05 0.00762126 0.978931 9.99641E-05 0.0084028 9.99641E-05 0.00464533
9.99461E-05 9.99461E-05 9.99461E-05 0.895239 9.99461E-05 9.99461E-05 9.99461E-05 0.104161
9.99461E-05 9.99461E-05 9.99461E-05 0.971826 9.99461E-05 9.99461E-05 9.99461E-05 0.0275743
0.00330376 9.997E-05 9.997E-05 0.965611 9.997E-05 0.00834395 0.00483031 0.0176115
9.99551E-05 9.99551E-05 9.99551E-05 0.928613 9.99551E-05 0.0478863 9.99551E-05 0.0230013
0.00599723 9.9973E-05 9.9973E-05 0.812577 9.9973E-05 0.115334 0.0140548 0.0517371
9.99551E-05 9.99551E-05 9.99551E-05 0.881457 9.99551E-05 0.00769992 9.99551E-05 0.110344
9.99461E-05 9.99461E-05 9.99461E-05 0.939388 9.99461E-05 0.0600121 9.99461E-05 9.99461E-05
9.99551E-05 9.99551E-05 9.99551E-05 0.919462 9.99551E-05 0.00525737 9.99551E-05 0.0747813
9.9964E-05 9.9964E-05 9.9964E-05 0.933817 0.00714036 0.0113315 9.9964E-05 0.0473112
9.994E-05 9.994E-05 9.994E-05 0.9993 9.994E-05 9.994E-05 9.994E-05 9.994E-05
0.00829436 0.00608389 0.028855 0.944715 9.9973E-05 9.9973E-05 0.0117519 9.9973E-05
9.994E-05 9.994E-05 9.994E-05 0.9993 9.994E-05 9.994E-05 9.994E-05 9.994E-05
