9.9991E-05 0.0276885 0.095575 0.0390382 0.774324 0.0632745
9.996E-05 9.996E-05 9.996E-05 9.996E-05 0.9995 9.996E-05
9.996E-05 9.996E-05 9.996E-05 9.996E-05 0.9995 9.996E-05
0.0863536 0.142831 0.0599618 9.9991E-05 0.612446 0.0983074
0.0276947 9.9991E-05 0.211746 0.0391214 0.641519 0.0798193
9.999E-05 0.0435781 0.0450389 0.00315948 0.825859 0.0822641
9.996E-05 9.996E-05 9.996E-05 9.996E-05 0.9995 9.996E-05
9.996E-05 9.996E-05 9.996E-05 9.996E-05 0.9995 9.996E-05
9.996E-05 9.996E-05 9.996E-05 9.996E-05 0.9995 9.996E-05
9.999E-05 0.0136115 0.164859 0.0473755 0.758421 0.0156328
9.9973E-05 9.9973E-05 0.066404 0.393901 0.539395 9.9973E-05
9.9982E-05 0.0245404 0.0783843 0.426827 0.470048 9.9982E-05
0.00384608 0.128775 0.00739496 0.430771 0.429113 9.9991E-05
0.0581976 0.224896 9.9982E-05 0.576697 0.140009 9.9982E-05
9.9991E-05 0.0554798 0.230534 0.490413 0.18164 0.041833
9.9982E-05 0.232686 0.272428 0.345603 0.149082 9.9982E-05
9.9982E-05 0.217848 0.142704 0.408239 0.231009 9.9982E-05
9.9982E-05 0.346432 0.00291504 0.496894 0.153559 9.9982E-05
9.9982E-05 0.200486 0.0659376 0.532305 0.201072 9.9982E-05
9.996E-05 9.996E-05 9.996E-05 0.9995 9.996E-05 9.996E-05
9.996E-05 9.996E-05 9.996E-05 0.9995 9.996E-05 9.996E-05
9.996E-05 9.996E-05 9.996E-05 0.9995 9.996E-05 9.996E-05
9.999E-05 0.268919 0.02266 0.592525 0.0868414 0.0289539
9.9982E-05 0.680483 0.249264 0.0418187 9.9982E-05 0.0282345
9.999E-05 0.756571 0.144917 0.0355673 0.0139651 0.0488795
0.13756 0.843387 9.9982E-05 0.0125784 0.00627476 9.9982E-05
0.125282 0.766905 0.0787944 0.0126853 0.0162333 9.9991E-05
0.0540282 0.765442 0.118926 0.0501311 0.0113723 9.9991E-05
9.996E-05 0.9995 9.996E-05 9.996E-05 9.996E-05 9.996E-05
9.996E-05 0.9995 9.996E-05 9.996E-05 9.996E-05 9.996E-05
9.99641E-05 0.93461 0.06499 9.99641E-05 9.99641E-05 9.99641E-05
0.0269839 0.972616 9.99641E-05 9.99641E-05 9.99641E-05 9.99641E-05
9.996E-05 0.9995 9.996E-05 9.996E-05 9.996E-05 9.996E-05
9.9973E-05 0.848298 0.128158 0.0232432 9.9973E-05 9.9973E-05
9.999E-05 0.477567 0.344121 0.036059 0.0623194 0.0798329
0.162421 0.322745 0.379062 0.0516907 0.0634201 0.0206613
9.99862E-05 0.666637 0.204017 9.99862E-05 0.0880419 0.0411043
9.9982E-05 0.0660675 0.862924 0.0369621 9.9982E-05 0.0338468
9.9982E-05 0.152088 0.713553 0.0546515 9.9982E-05 0.0795078
9.9991E-05 0.0602753 0.882571 0.0228295 0.00311095 0.0311129
9.9982E-05 0.0716284 0.885621 0.0269429 9.9982E-05 0.0156081
9.99731E-05 0.143176 0.843921 0.0126027 9.99731E-05 9.99731E-05
9.996E-05 9.996E-05 0.9995 9.996E-05 9.996E-05 9.996E-05
9.9982E-05 0.141463 0.787646 0.0517 9.9982E-05 0.0189911
9.9982E-05 0.139397 0.773499 9.9982E-05 0.0120947 0.0748098
9.996E-05 9.996E-05 0.9995 9.996E-05 9.996E-05 9.996E-05
9.9982E-05 0.140817 0.759012 0.00111383 0.0988575 9.9982E-05
9.99731E-05 0.0841272 0.899384 0.0161888 9.99731E-05 9.99731E-05
0.236911 0.139601 0.623187 9.99731E-05 9.99731E-05 9.99731E-05
0.0376771 0.0671268 0.894896 9.99731E-05 9.99731E-05 9.99731E-05
0.116256 0.102023 0.571967 0.0549574 0.0775845 0.077212
0.000126718 9.9973E-05 0.973833 9.9973E-05 0.0257407 9.9973E-05
0.171682 0.071229 0.715969 9.9991E-05 0.0142351 0.026785
0.292903 0.123539 0.486392 9.9991E-05 0.0494559 0.0476106
0.383052 9.9982E-05 0.594327 0.0113597 0.0110615 9.9982E-05
0.407952 9.9991E-05 0.513752 0.0220373 0.0349376 0.0212213
9.99731E-05 9.99731E-05 0.936897 9.99731E-05 0.0348904 0.0279131
0.136513 0.0728644 0.747589 0.00979387 9.9991E-05 0.0331395
0.0341329 0.061665 0.724325 0.0243287 9.9991E-05 0.155449
0.188099 0.0684624 0.606688 0.0375259 0.0506208 0.0486039
0.341852 0.0286041 0.629244 9.99731E-05 9.99731E-05 9.99731E-05
0.102396 0.076335 0.800291 9.9982E-05 0.0207779 9.9982E-05
9.996E-05 9.996E-05 0.9995 9.996E-05 9.996E-05 9.996E-05
9.9982E-05 0.0319517 0.847619 0.0232405 9.9982E-05 0.0969888
0.290441 0.095237 0.595453 0.0186691 9.9982E-05 9.9982E-05
0.17524 0.0607181 0.74892 9.9982E-05 9.9982E-05 0.0149221
0.00104261 9.99731E-05 0.980955 9.99731E-05 9.99731E-05 0.017702
0.109515 9.99641E-05 0.890085 9.99641E-05 9.99641E-05 9.99641E-05
0.52593 0.0595679 0.406985 9.9982E-05 0.00731761 9.9982E-05
0.149586 9.9982E-05 0.795204 0.0103213 9.9982E-05 0.0446882
0.0736665 9.99731E-05 0.811218 9.99731E-05 9.99731E-05 0.114816
0.968123 0.0314776 9.99641E-05 9.99641E-05 9.99641E-05 9.99641E-05
0.0970063 9.99731E-05 0.827273 9.99731E-05 9.99731E-05 0.0754205
0.421132 9.99641E-05 0.578468 9.99641E-05 9.99641E-05 9.99641E-05
0.0575471 9.9991E-05 0.820386 0.0226477 0.0251861 0.0741332
0.983661 9.9973E-05 9.9973E-05 9.9973E-05 0.0112098 0.00482893
0.9995 9.996E-05 9.996E-05 9.996E-05 9.996E-05 9.996E-05
0.9995 9.996E-05 9.996E-05 9.996E-05 9.996E-05 9.996E-05
0.256456 0.0531962 0.140621 9.9991E-05 0.0120866 0.53754
0.9995 9.996E-05 9.996E-05 9.996E-05 9.996E-05 9.996E-05
0.959921 0.0314722 9.9973E-05 9.9973E-05 0.00830658 9.9973E-05
0.9995 9.996E-05 9.996E-05 9.996E-05 9.996E-05 9.996E-05
9.99641E-05 9.99641E-05 0.0254041 9.99641E-05 9.99641E-05 0.974196
0.00764707 9.9973E-05 0.141003 9.9973E-05 9.9973E-05 0.85105
0.108818 9.99641E-05 9.99641E-05 9.99641E-05 9.99641E-05 0.890782
0.102852 9.99641E-05 9.99641E-05 9.99641E-05 9.99641E-05 0.896748
9.9973E-05 0.0198383 0.0578786 9.9973E-05 9.9973E-05 0.921983
0.017502 0.0558387 0.154122 9.9982E-05 9.9982E-05 0.772338
0.168652 0.0320727 9.9973E-05 9.9973E-05 9.9973E-05 0.798976
0.0207044 0.033685 9.9973E-05 9.9973E-05 9.9973E-05 0.945311
0.0294994 9.9973E-05 0.0981692 9.9973E-05 9.9973E-05 0.872032
0.198406 9.9964E-05 9.9964E-05 9.9964E-05 9.9964E-05 0.801194
9.996E-05 9.996E-05 9.996E-05 9.996E-05 9.996E-05 0.9995
9.9964E-05 9.9964E-05 9.9964E-05 9.9964E-05 0.0366997 0.9629
9.996E-05 9.996E-05 9.996E-05 9.996E-05 9.996E-05 0.9995
