0.0458025 9.9955E-05 0.164569 9.9955E-05 9.9955E-05 0.037038 9.9955E-05 0.00677 9.9955E-05 0.74532
9.99461E-05 9.99461E-05 0.0454301 0.00211718 9.99461E-05 0.00573777 9.99461E-05 9.99461E-05 9.99461E-05 0.946115
9.99281E-05 9.99281E-05 9.99281E-05 9.99281E-05 9.99281E-05 9.99281E-05 9.99281E-05 0.00781718 9.99281E-05 0.991383
0.0190039 9.9964E-05 0.198034 9.9964E-05 9.9964E-05 0.0803688 9.9964E-05 0.0299171 0.0687659 0.60351
0.0395555 0.07841 0.108137 9.9982E-05 9.9982E-05 0.00860021 0.0623555 0.0481094 0.0565535 0.598079
0.0294143 0.01821 9.9964E-05 9.9964E-05 0.115651 0.0287119 0.0150113 9.9964E-05 9.9964E-05 0.792602
9.99201E-05 9.99201E-05 9.99201E-05 9.99201E-05 9.99201E-05 9.99201E-05 9.99201E-05 9.99201E-05 9.99201E-05 0.999101
0.0293759 9.99282E-05 9.99282E-05 9.99282E-05 9.99282E-05 9.99282E-05 9.99282E-05 9.99282E-05 9.99282E-05 0.969825
9.99201E-05 9.99201E-05 9.99201E-05 9.99201E-05 9.99201E-05 9.99201E-05 9.99201E-05 9.99201E-05 9.99201E-05 0.999101
0.103909 0.0579581 0.0752616 0.0363991 9.9964E-05 9.9964E-05 9.9964E-05 9.9964E-05 0.000474961 0.725598
0.898226 9.99281E-05 9.99281E-05 9.99281E-05 9.99281E-05 9.99281E-05 9.99281E-05 9.99281E-05 9.99281E-05 0.100975
0.951117 9.99281E-05 9.99281E-05 9.99281E-05 9.99281E-05 9.99281E-05 9.99281E-05 9.99281E-05 9.99281E-05 0.0480834
0.999101 9.99201E-05 9.99201E-05 9.99201E-05 9.99201E-05 9.99201E-05 9.99201E-05 9.99201E-05 9.99201E-05 9.99201E-05
0.867957 9.99461E-05 9.99461E-05 0.0134362 9.99461E-05 9.99461E-05 9.99461E-05 0.0833597 0.0346475 9.99461E-05
0.710328 0.0154418 0.162083 9.9964E-05 9.9964E-05 0.0238686 9.9964E-05 0.0766216 0.0112572 9.9964E-05
0.582474 0.0102824 0.203641 0.0185915 0.0498776 0.0311365 0.0253323 0.0385723 9.9991E-05 0.0399927
0.876857 9.9955E-05 0.0773855 0.0097485 0.0171902 0.0183195 9.9955E-05 9.9955E-05 9.9955E-05 9.9955E-05
0.766016 9.99461E-05 9.99461E-05 0.0427053 0.12239 9.99461E-05 9.99461E-05 0.0682893 9.99461E-05 9.99461E-05
0.848285 0.00215484 9.9955E-05 0.021618 0.0444924 9.9955E-05 9.9955E-05 0.0829502 9.9955E-05 9.9955E-05
9.99201E-05 9.99201E-05 9.99201E-05 9.99201E-05 9.99201E-05 9.99201E-05 9.99201E-05 0.999101 9.99201E-05 9.99201E-05
9.99201E-05 9.99201E-05 9.99201E-05 9.99201E-05 9.99201E-05 9.99201E-05 9.99201E-05 0.999101 9.99201E-05 9.99201E-05
9.99282E-05 9.99282E-05 9.99282E-05 9.99282E-05 9.99282E-05 9.99282E-05 9.99282E-05 0.990111 9.99282E-05 0.00909
0.715927 9.99551E-05 0.0873904 0.0185605 0.0280544 9.99551E-05 9.99551E-05 0.149568 9.99551E-05 9.99551E-05
0.00573782 9.99371E-05 0.34259 9.99371E-05 0.650973 9.99371E-05 9.99371E-05 9.99371E-05 9.99371E-05 9.99371E-05
9.99641E-05 0.00807393 0.305159 0.0283947 0.648605 9.99641E-05 9.99641E-05 0.000552831 9.99641E-05 0.00881523
0.00104672 9.9964E-05 9.9964E-05 9.9964E-05 0.94473 0.0235604 0.0140168 0.00875039 0.00749584 9.9964E-05
0.0454327 9.99461E-05 0.0987905 9.99461E-05 0.792282 9.99461E-05 9.99461E-05 9.99461E-05 0.062895 9.99461E-05
0.0421567 9.99551E-05 9.99551E-05 0.00162057 0.81188 9.99551E-05 0.123287 0.0205554 9.99551E-05 9.99551E-05
9.99201E-05 9.99201E-05 9.99201E-05 0.999101 9.99201E-05 9.99201E-05 9.99201E-05 9.99201E-05 9.99201E-05 9.99201E-05
9.99201E-05 9.99201E-05 9.99201E-05 0.999101 9.99201E-05 9.99201E-05 9.99201E-05 9.99201E-05 9.99201E-05 9.99201E-05
9.99282E-05 9.99282E-05 9.99282E-05 0.0307642 0.968436 9.99282E-05 9.99282E-05 9.99282E-05 9.99282E-05 9.99282E-05
9.99201E-05 9.99201E-05 9.99201E-05 9.99201E-05 0.999101 9.99201E-05 9.99201E-05 9.99201E-05 9.99201E-05 9.99201E-05
9.99201E-05 9.99201E-05 9.99201E-05 9.99201E-05 0.999101 9.99201E-05 9.99201E-05 9.99201E-05 9.99201E-05 9.99201E-05
9.99201E-05 9.99201E-05 9.99201E-05 9.99201E-05 0.999101 9.99201E-05 9.99201E-05 9.99201E-05 9.99201E-05 9.99201E-05
0.0253935 0.0388286 9.9991E-05 0.00545667 0.621284 0.0591178 0.0373687 0.0217063 0.121559 0.0691849
0.0311288 0.039367 0.614964 0.0439741 0.142852 9.9982E-05 0.0519584 0.0159347 9.9982E-05 0.0596209
9.9964E-05 0.0266123 9.9964E-05 0.0421838 0.699348 9.9964E-05 9.9964E-05 0.0362079 0.11545 0.0797986
0.0428572 9.99551E-05 0.691284 9.99551E-05 0.0174367 0.0422561 0.205666 9.99551E-05 9.99551E-05 9.99551E-05
9.99461E-05 9.99461E-05 0.872731 0.0228326 9.99461E-05 0.0759867 9.99461E-05 0.0278496 9.99461E-05 9.99461E-05
9.99201E-05 9.99201E-05 0.999101 9.99201E-05 9.99201E-05 9.99201E-05 9.99201E-05 9.99201E-05 9.99201E-05 9.99201E-05
0.0295333 9.99551E-05 0.498194 0.0642723 9.99551E-05 9.99551E-05 0.40525 0.00225017 9.99551E-05 9.99551E-05
9.99551E-05 0.0217001 0.393001 9.99551E-05 0.154108 9.99551E-05 0.413199 0.0174921 9.99551E-05 9.99551E-05
9.99201E-05 9.99201E-05 0.999101 9.99201E-05 9.99201E-05 9.99201E-05 9.99201E-05 9.99201E-05 9.99201E-05 9.99201E-05
9.99201E-05 9.99201E-05 0.999101 9.99201E-05 9.99201E-05 9.99201E-05 9.99201E-05 9.99201E-05 9.99201E-05 9.99201E-05
9.99461E-05 9.99461E-05 0.932314 0.0115614 0.01328 0.0422445 9.99461E-05 9.99461E-05 9.99461E-05 9.99461E-05
9.99201E-05 9.99201E-05 0.999101 9.99201E-05 9.99201E-05 9.99201E-05 9.99201E-05 9.99201E-05 9.99201E-05 9.99201E-05
9.99711E-05 9.99711E-05 0.0557545 9.99711E-05 0.265581 0.0108935 0.570004 0.0191222 9.99711E-05 0.0782452
9.99641E-05 0.0220467 0.774518 0.0266921 0.0623905 9.99641E-05 0.112082 0.00187051 9.99641E-05 9.99641E-05
0.0129619 9.99372E-05 9.99372E-05 9.99372E-05 0.105914 9.99372E-05 0.880424 9.99372E-05 9.99372E-05 9.99372E-05
9.99551E-05 0.0159491 0.0799746 0.0450094 9.99551E-05 9.99551E-05 0.853478 0.00508872 9.99551E-05 9.99551E-05
0.0408984 9.9991E-05 0.357058 0.0197476 0.0725968 0.190082 0.21586 0.0214939 0.0477496 0.0344136
9.99281E-05 9.99281E-05 0.68451 9.99281E-05 9.99281E-05 9.99281E-05 0.31469 9.99281E-05 9.99281E-05 9.99281E-05
0.0241011 9.9991E-05 0.12078 0.0180526 0.020816 0.0707797 0.683346 0.0388768 0.0189501 0.00419759
0.0176245 0.00475766 0.353381 0.00432019 0.107866 0.160683 0.247158 0.010775 0.0208524 0.0725816
0.061311 9.99641E-05 9.99641E-05 0.018755 9.99641E-05 0.0641691 0.756526 9.99641E-05 0.0964192 0.00241971
0.0729538 0.0267012 0.112388 9.9964E-05 9.9964E-05 9.9964E-05 0.539646 9.9964E-05 0.244815 0.00309581
9.99551E-05 0.010021 0.655409 0.0303518 9.99551E-05 9.99551E-05 0.275885 9.99551E-05 9.99551E-05 0.0278334
9.99641E-05 9.99641E-05 0.114084 0.0142644 0.0434991 0.0475028 0.749921 0.0303282 9.99641E-05 9.99641E-05
9.9973E-05 0.0253992 0.768467 0.0114177 0.0335139 0.117259 9.9973E-05 0.0135363 0.0301072 9.9973E-05
9.9973E-05 9.9973E-05 0.252417 9.9973E-05 0.0541665 0.0246127 0.522034 0.0343512 0.0641189 0.0480003
9.99371E-05 9.99371E-05 9.99371E-05 0.00777067 9.99371E-05 9.99371E-05 0.949834 9.99371E-05 0.0416953 9.99371E-05
9.99641E-05 0.00573462 0.327446 9.99641E-05 0.0965407 9.99641E-05 0.533328 9.99641E-05 0.0228875 0.0136634
0.0159895 9.99371E-05 9.99371E-05 0.00367869 9.99371E-05 9.99371E-05 0.979632 9.99371E-05 9.99371E-05 9.99371E-05
0.0319762 0.00805389 0.388492 9.9973E-05 0.0740013 0.144183 0.322993 9.9973E-05 9.9973E-05 0.030001
9.99641E-05 9.99641E-05 0.311581 9.99641E-05 0.0255624 0.0391968 0.562134 0.025412 0.0357142 9.99641E-05
9.99371E-05 0.00992312 9.99371E-05 0.0493789 9.99371E-05 9.99371E-05 0.939998 9.99371E-05 9.99371E-05 9.99371E-05
9.99551E-05 9.99551E-05 0.0623546 0.00460635 0.0106882 9.99551E-05 0.915197 9.99551E-05 9.99551E-05 0.0066539
9.99371E-05 0.0356812 9.99371E-05 9.99371E-05 9.99371E-05 9.99371E-05 0.958322 9.99371E-05 0.00529709 9.99371E-05
9.99551E-05 0.00499551 9.99551E-05 9.99551E-05 0.0569376 9.99551E-05 0.851954 9.99551E-05 0.0726748 0.0129387
9.9964E-05 0.0530556 0.0224127 9.9964E-05 0.00307158 9.9964E-05 0.719065 0.0366747 0.16532 9.9964E-05
9.99551E-05 9.99551E-05 0.0421926 9.99551E-05 9.99551E-05 0.193275 0.743349 0.0145319 0.00615117 9.99551E-05
9.99371E-05 9.99371E-05 9.99371E-05 0.0307719 9.99371E-05 9.99371E-05 0.394016 9.99371E-05 0.574512 9.99371E-05
9.99371E-05 0.0142663 9.99371E-05 9.99371E-05 9.99371E-05 0.0202146 0.96482 9.99371E-05 9.99371E-05 9.99371E-05
0.0103436 9.99461E-05 0.341902 9.99461E-05 9.99461E-05 9.99461E-05 0.120607 9.99461E-05 0.526548 9.99461E-05
0.0469969 0.0721875 0.15608 9.9964E-05 9.9964E-05 9.9964E-05 0.710318 0.0100485 0.0039693 9.9964E-05
9.99201E-05 9.99201E-05 9.99201E-05 9.99201E-05 9.99201E-05 9.99201E-05 9.99201E-05 9.99201E-05 0.999101 9.99201E-05
9.99371E-05 9.99371E-05 9.99371E-05 0.00256434 9.99371E-05 9.99371E-05 9.99371E-05 0.0056862 0.99105 9.99371E-05
9.99371E-05 9.99371E-05 0.0100339 0.0350714 9.99371E-05 9.99371E-05 9.99371E-05 9.99371E-05 0.954195 9.99371E-05
0.0155721 9.9982E-05 9.9982E-05 0.0222185 0.0159545 0.590841 0.18501 0.00798663 0.133778 0.0284398
0.00416141 9.99281E-05 9.99281E-05 9.99281E-05 9.99281E-05 9.99281E-05 9.99281E-05 9.99281E-05 0.995039 9.99281E-05
9.9964E-05 9.9964E-05 9.9964E-05 0.0280408 9.9964E-05 0.132444 0.0961586 0.009068 0.6977 0.036189
9.99201E-05 9.99201E-05 9.99201E-05 9.99201E-05 9.99201E-05 9.99201E-05 9.99201E-05 9.99201E-05 0.999101 9.99201E-05
9.99282E-05 9.99282E-05 9.99282E-05 0.0219813 9.99282E-05 0.977219 9.99282E-05 9.99282E-05 9.99282E-05 9.99282E-05
9.99371E-05 0.0372468 9.99371E-05 9.99371E-05 9.99371E-05 0.905233 9.99371E-05 9.99371E-05 0.0568205 9.99371E-05
9.99201E-05 9.99201E-05 9.99201E-05 9.99201E-05 9.99201E-05 0.999101 9.99201E-05 9.99201E-05 9.99201E-05 9.99201E-05
9.99372E-05 0.0265745 9.99372E-05 0.00179704 9.99372E-05 0.970929 9.99372E-05 9.99372E-05 9.99372E-05 9.99372E-05
0.0176961 9.99281E-05 9.99281E-05 9.99281E-05 9.99281E-05 0.981504 9.99281E-05 9.99281E-05 9.99281E-05 9.99281E-05
0.00637751 0.0594428 9.9973E-05 9.9973E-05 0.0803175 0.781499 0.065393 0.00625558 9.9973E-05 0.000414447
9.99461E-05 9.99461E-05 9.99461E-05 0.0553184 9.99461E-05 0.924078 9.99461E-05 9.99461E-05 0.0167645 0.00323979
9.99371E-05 0.0329377 9.99371E-05 9.99371E-05 0.00736262 0.959 9.99371E-05 9.99371E-05 9.99371E-05 9.99371E-05
9.99282E-05 9.99282E-05 9.99282E-05 9.99282E-05 9.99282E-05 0.98011 0.0190901 9.99282E-05 9.99282E-05 9.99282E-05
9.99282E-05 0.0178671 9.99282E-05 9.99282E-05 9.99282E-05 0.981333 9.99282E-05 9.99282E-05 9.99282E-05 9.99282E-05
9.99201E-05 0.999101 9.99201E-05 9.99201E-05 9.99201E-05 9.99201E-05 9.99201E-05 9.99201E-05 9.99201E-05 9.99201E-05
9.99371E-05 0.955242 9.99371E-05 9.99371E-05 0.032671 9.99371E-05 0.0113876 9.99371E-05 9.99371E-05 9.99371E-05
9.99201E-05 0.999101 9.99201E-05 9.99201E-05 9.99201E-05 9.99201E-05 9.99201E-05 9.99201E-05 9.99201E-05 9.99201E-05
