0.0157876 0.0187778 0.0236924 0.175052 0.737414 0.0179444 0.011232 9.9991E-05
9.99461E-05 9.99461E-05 0.0144839 9.99461E-05 0.984916 9.99461E-05 9.99461E-05 9.99461E-05
9.994E-05 9.994E-05 9.994E-05 9.994E-05 0.9993 9.994E-05 9.994E-05 9.994E-05
0.0172938 0.0957213 0.148173 0.0519936 0.631893 9.9982E-05 9.9982E-05 0.054726
9.9973E-05 0.0740761 9.9973E-05 0.166984 0.667656 0.0795418 0.0114422 9.9973E-05
0.0164419 0.0312639 0.0418191 0.0348348 0.835641 0.0127771 0.00473069 0.0224917
9.994E-05 9.994E-05 9.994E-05 9.994E-05 0.9993 9.994E-05 9.994E-05 9.994E-05
9.99461E-05 9.99461E-05 9.99461E-05 9.99461E-05 0.976218 9.99461E-05 0.023182 9.99461E-05
9.994E-05 9.994E-05 9.994E-05 9.994E-05 0.9993 9.994E-05 9.994E-05 9.994E-05
0.00632138 0.00443961 9.9982E-05 0.125479 0.747864 0.0368201 0.0788758 9.9982E-05
9.99461E-05 9.99461E-05 9.99461E-05 9.99461E-05 0.171845 9.99461E-05 0.827555 9.99461E-05
9.99461E-05 9.99461E-05 9.99461E-05 9.99461E-05 0.0749216 9.99461E-05 0.924479 9.99461E-05
9.99461E-05 9.99461E-05 9.99461E-05 9.99461E-05 0.0206605 9.99461E-05 0.97874 9.99461E-05
0.0942794 9.99551E-05 9.99551E-05 9.99551E-05 9.99551E-05 9.99551E-05 0.875283 0.0299378
0.0214283 9.9973E-05 0.0447959 9.9973E-05 9.9973E-05 0.028691 0.838143 0.066642
0.0161614 0.0754722 0.104176 0.146425 0.0036878 0.00515574 0.648821 9.9991E-05
9.9964E-05 0.0492595 9.9964E-05 0.0315502 9.9964E-05 9.9964E-05 0.916539 0.00225161
0.0769462 0.183064 9.9955E-05 9.9955E-05 9.9955E-05 9.9955E-05 0.73949 9.9955E-05
0.0914065 0.0262023 9.9964E-05 9.9964E-05 9.9964E-05 0.010297 0.871694 9.9964E-05
0.9993 9.994E-05 9.994E-05 9.994E-05 9.994E-05 9.994E-05 9.994E-05 9.994E-05
0.9993 9.994E-05 9.994E-05 9.994E-05 9.994E-05 9.994E-05 9.994E-05 9.994E-05
0.990521 9.99461E-05 9.99461E-05 9.99461E-05 9.99461E-05 9.99461E-05 9.99461E-05 0.00887942
0.103069 0.107633 9.9964E-05 9.9964E-05 9.9964E-05 0.0056709 0.783227 9.9964E-05
0.012041 0.67508 0.064967 0.211751 9.9982E-05 0.00130911 0.034652 9.9982E-05
0.0200219 0.810244 0.037422 0.101757 0.0302553 9.99731E-05 9.99731E-05 9.99731E-05
0.0267588 0.791026 0.048828 0.0691914 0.0141374 9.9991E-05 0.0147924 0.0351664
9.9973E-05 0.785745 9.9973E-05 0.0473415 0.0451257 9.9973E-05 0.0415944 0.0798938
0.0127724 0.730689 9.9964E-05 0.188262 9.9964E-05 9.9964E-05 0.0678761 9.9964E-05
9.994E-05 0.9993 9.994E-05 9.994E-05 9.994E-05 9.994E-05 9.994E-05 9.994E-05
9.994E-05 0.9993 9.994E-05 9.994E-05 9.994E-05 9.994E-05 9.994E-05 9.994E-05
9.994E-05 0.9993 9.994E-05 9.994E-05 9.994E-05 9.994E-05 9.994E-05 9.994E-05
9.99461E-05 0.986069 0.0133311 9.99461E-05 9.99461E-05 9.99461E-05 9.99461E-05 9.99461E-05
9.99551E-05 0.990443 9.99551E-05 9.99551E-05 0.00296382 0.00609342 9.99551E-05 9.99551E-05
0.0259542 0.897825 9.99551E-05 0.0757206 9.99551E-05 9.99551E-05 9.99551E-05 9.99551E-05
0.0103189 0.536981 0.100432 0.105753 0.0526765 0.0254858 0.0656829 0.10267
0.0231271 0.357024 9.9991E-05 0.207605 0.0469383 0.0300871 0.108559 0.226559
0.00795141 0.714154 9.9982E-05 0.0516142 0.0919891 0.0283303 9.9982E-05 0.105762
0.0296014 9.99731E-05 0.0445994 0.899232 0.00421537 9.99731E-05 0.0220524 9.99731E-05
0.0182145 0.222291 0.119642 0.539372 9.9982E-05 9.9982E-05 0.0474886 0.052792
0.00545953 0.0704619 9.9982E-05 0.781257 0.00720639 9.9982E-05 0.00169721 0.133718
9.9973E-05 0.137788 9.9973E-05 0.821029 9.9973E-05 0.010208 0.021323 0.00935237
0.00810173 0.0802823 0.00157479 0.840597 0.00927578 0.0372826 0.0227854 9.9991E-05
9.99461E-05 9.99461E-05 9.99461E-05 0.985046 9.99461E-05 9.99461E-05 0.0143543 9.99461E-05
0.0420509 0.109675 0.0130969 0.791224 9.9982E-05 0.0145403 0.029213 9.9982E-05
9.9982E-05 0.178957 0.0724376 0.711146 9.9982E-05 0.000740638 0.0351565 0.00136258
9.99461E-05 9.99461E-05 9.99461E-05 0.991228 9.99461E-05 9.99461E-05 0.00817251 9.99461E-05
0.000652021 0.212088 9.9991E-05 0.51894 0.0715669 0.008146 0.029658 0.158849
0.00443724 0.124844 9.99731E-05 0.822857 9.99731E-05 0.0283139 0.0192484 9.99731E-05
9.99551E-05 0.0759298 9.99551E-05 0.907269 9.99551E-05 9.99551E-05 0.0163011 9.99551E-05
0.00522938 0.0324947 0.0159181 0.86155 9.9982E-05 0.0210079 9.9982E-05 0.0636001
0.0660021 0.226519 0.176111 0.447771 0.0512182 0.0148763 9.9991E-05 0.0174026
0.0245335 0.0210167 9.9973E-05 0.892932 0.0156192 9.9973E-05 9.9973E-05 0.0455986
0.0237858 0.0868061 0.146584 0.742424 9.9964E-05 9.9964E-05 9.9964E-05 9.9964E-05
9.9982E-05 0.0569522 0.135762 0.693268 0.0381226 0.0192572 0.056438 9.9982E-05
9.99731E-05 0.00442568 9.99731E-05 0.397451 0.0103054 9.99731E-05 0.0485221 0.538996
9.9982E-05 9.9982E-05 0.0274688 0.696067 0.0050308 0.0112617 0.0723011 0.187671
0.0103448 9.99641E-05 9.99641E-05 0.893405 0.024676 0.0711742 9.99641E-05 9.99641E-05
0.0192164 9.99551E-05 0.0224503 0.957833 9.99551E-05 9.99551E-05 9.99551E-05 9.99551E-05
0.0415007 0.107741 0.15446 0.585482 9.9982E-05 0.00768776 9.9982E-05 0.102929
0.0426279 0.0791386 0.147281 0.578668 0.0203487 9.9991E-05 0.00110936 0.130726
9.99551E-05 0.0340362 9.99551E-05 0.608598 9.99551E-05 9.99551E-05 9.99551E-05 0.356866
9.9982E-05 0.0760532 0.00613382 0.792262 0.00832943 0.0216132 9.9982E-05 0.0954081
9.99461E-05 9.99461E-05 0.00844159 0.990959 9.99461E-05 9.99461E-05 9.99461E-05 9.99461E-05
9.9964E-05 0.0548368 0.0917512 0.792732 9.9964E-05 9.9964E-05 0.0602799 9.9964E-05
0.0408068 0.0684714 9.9964E-05 0.710192 9.9964E-05 9.9964E-05 9.9964E-05 0.18013
9.99731E-05 0.0341631 0.00445362 0.867327 9.99731E-05 0.0565362 9.99731E-05 0.0372205
9.99461E-05 9.99461E-05 0.0190144 0.980386 9.99461E-05 9.99461E-05 9.99461E-05 9.99461E-05
9.99551E-05 9.99551E-05 9.99551E-05 0.887934 9.99551E-05 0.0384762 9.99551E-05 0.0730896
9.9982E-05 0.0501909 0.0286408 0.567774 0.00593641 0.0114287 9.9982E-05 0.335829
0.0133682 9.9964E-05 9.9964E-05 0.796043 9.9964E-05 0.0605839 9.9964E-05 0.129605
9.99641E-05 9.99641E-05 0.128263 0.747556 9.99641E-05 0.0168637 9.99641E-05 0.106918
9.99461E-05 9.99461E-05 9.99461E-05 0.169426 9.99461E-05 9.99461E-05 9.99461E-05 0.829975
9.99641E-05 9.99641E-05 0.0428611 0.869122 9.99641E-05 0.0245476 9.99641E-05 0.0630692
9.99641E-05 9.99641E-05 0.085777 0.569565 9.99641E-05 9.99641E-05 0.0135993 0.330659
0.00720475 9.9973E-05 0.0822069 0.814958 9.9973E-05 0.0470879 0.0482423 9.9973E-05
9.99461E-05 9.99461E-05 9.99461E-05 9.99461E-05 0.000276962 9.99461E-05 9.99461E-05 0.999123
0.0142356 9.9964E-05 0.0166475 9.9964E-05 9.9964E-05 0.0214663 9.9964E-05 0.947251
0.00632392 9.99461E-05 9.99461E-05 9.99461E-05 9.99461E-05 9.99461E-05 9.99461E-05 0.993076
9.9991E-05 0.136256 0.625233 0.177094 0.000963705 0.015085 0.0181412 0.0271278
9.99461E-05 9.99461E-05 9.99461E-05 9.99461E-05 9.99461E-05 9.99461E-05 0.0198681 0.979532
0.0148536 0.0702943 0.088819 0.00682965 0.0110316 9.9982E-05 9.9982E-05 0.807972
9.994E-05 9.994E-05 9.994E-05 9.994E-05 9.994E-05 9.994E-05 9.994E-05 0.9993
9.994E-05 9.994E-05 0.9993 9.994E-05 9.994E-05 9.994E-05 9.994E-05 9.994E-05
0.00821787 9.99641E-05 0.944563 0.00527351 9.99641E-05 0.0415455 9.99641E-05 9.99641E-05
9.994E-05 9.994E-05 0.9993 9.994E-05 9.994E-05 9.994E-05 9.994E-05 9.994E-05
9.99462E-05 9.99462E-05 0.971473 9.99462E-05 9.99462E-05 0.0279278 9.99462E-05 9.99462E-05
9.99641E-05 9.99641E-05 0.920502 9.99641E-05 0.00216236 0.0649826 0.0119534 9.99641E-05
0.0105737 0.066231 0.831461 0.0443154 9.9973E-05 0.0471194 9.9973E-05 9.9973E-05
9.9964E-05 9.9964E-05 0.916669 9.9964E-05 0.0133499 0.00311094 9.9964E-05 0.0664699
9.99461E-05 9.99461E-05 0.962712 9.99461E-05 9.99461E-05 0.036688 9.99461E-05 9.99461E-05
9.994E-05 9.994E-05 0.9993 9.994E-05 9.994E-05 9.994E-05 9.994E-05 9.994E-05
9.99461E-05 9.99461E-05 0.958206 9.99461E-05 9.99461E-05 0.0411944 9.99461E-05 9.99461E-05
9.994E-05 9.994E-05 9.994E-05 9.994E-05 9.994E-05 0.9993 9.994E-05 9.994E-05
9.9955E-05 9.9955E-05 9.9955E-05 0.0093702 9.9955E-05 0.963593 9.9955E-05 0.0265369
9.994E-05 9.994E-05 9.994E-05 9.994E-05 9.994E-05 0.9993 9.994E-05 9.994E-05
