0.117947 0.0411649 9.998E-05 9.998E-05 0.0719128 0.013527 0.755248
9.99551E-05 0.0286368 9.99551E-05 9.99551E-05 9.99551E-05 9.99551E-05 0.970863
9.99551E-05 9.99551E-05 9.99551E-05 0.00652685 9.99551E-05 9.99551E-05 0.992973
0.067446 0.0718705 0.0478121 0.0249452 0.156955 9.9991E-05 0.630871
9.998E-05 0.0378816 9.998E-05 0.00676155 0.280255 0.022756 0.652146
0.0681026 0.0880109 9.9982E-05 9.9982E-05 0.0316644 0.00709422 0.804928
9.995E-05 9.995E-05 9.995E-05 9.995E-05 9.995E-05 9.995E-05 0.9994
9.995E-05 9.995E-05 9.995E-05 9.995E-05 9.995E-05 9.995E-05 0.9994
9.995E-05 9.995E-05 9.995E-05 9.995E-05 9.995E-05 9.995E-05 0.9994
0.083099 0.0107636 9.9991E-05 0.0304703 0.0758367 0.0330244 0.766706
9.995E-05 9.995E-05 9.995E-05 0.848382 9.995E-05 9.995E-05 0.151118
9.99551E-05 9.99551E-05 9.99551E-05 0.892788 9.99551E-05 9.99551E-05 0.106712
9.99551E-05 9.99551E-05 9.99551E-05 0.986525 9.99551E-05 9.99551E-05 0.0129757
0.0121085 9.99731E-05 0.0349478 0.863825 9.99731E-05 0.0888183 9.99731E-05
9.99641E-05 0.107 0.0134391 0.879161 9.99641E-05 9.99641E-05 9.99641E-05
0.064976 0.0648599 9.9991E-05 0.620683 0.209551 0.022149 0.0176816
0.0144472 9.996E-05 9.996E-05 0.908238 0.0769148 9.996E-05 9.996E-05
0.132677 9.9964E-05 9.9964E-05 0.809489 9.9964E-05 0.0574344 9.9964E-05
0.0300424 9.9973E-05 9.9973E-05 0.869092 0.0201749 0.0803908 9.9973E-05
9.995E-05 9.995E-05 9.995E-05 9.995E-05 9.995E-05 0.9994 9.995E-05
9.995E-05 9.995E-05 9.995E-05 9.995E-05 9.995E-05 0.9994 9.995E-05
0.00258209 9.99641E-05 9.99641E-05 9.99641E-05 9.99641E-05 0.993968 0.00304957
0.0807804 0.0196374 9.9973E-05 0.813386 9.9973E-05 0.0858966 9.9973E-05
0.653335 0.0189813 9.9973E-05 0.0750425 0.252341 9.9973E-05 9.9973E-05
0.793868 0.00662543 9.998E-05 9.998E-05 0.163031 0.0159597 0.0203165
0.796551 9.9973E-05 0.154214 0.0477186 9.9973E-05 0.00121637 9.9973E-05
0.736672 9.9973E-05 9.9973E-05 0.0745216 0.163906 9.9973E-05 0.0245999
0.764344 9.9982E-05 0.0414035 0.0496691 0.12747 0.0169134 9.9982E-05
0.9994 9.995E-05 9.995E-05 9.995E-05 9.995E-05 9.995E-05 9.995E-05
0.9994 9.995E-05 9.995E-05 9.995E-05 9.995E-05 9.995E-05 9.995E-05
0.943037 9.99551E-05 9.99551E-05 9.99551E-05 0.0564634 9.99551E-05 9.99551E-05
0.990427 0.0052336 0.00393981 9.99641E-05 9.99641E-05 9.99641E-05 9.99641E-05
0.989004 9.99551E-05 9.99551E-05 9.99551E-05 9.99551E-05 9.99551E-05 0.0104966
0.968566 9.99641E-05 9.99641E-05 9.99641E-05 0.0043305 0.0267039 9.99641E-05
0.430314 0.0845364 9.9991E-05 0.0390592 0.357627 0.0327357 0.0556275
0.391671 0.0336116 0.397157 0.0974146 0.0403668 0.0106637 0.0291144
0.701372 0.0292182 0.0167299 0.0177252 0.137622 9.9991E-05 0.0972326
9.998E-05 0.0135539 0.0965673 0.083204 0.785234 0.0212407 9.998E-05
0.205493 0.0694741 9.9982E-05 0.00282717 0.696739 0.025266 9.9982E-05
0.065068 9.99641E-05 9.99641E-05 9.99641E-05 0.924381 0.0101513 9.99641E-05
0.0654885 9.997E-05 9.997E-05 0.0218766 0.885819 0.0265156 9.997E-05
0.156902 0.0302913 0.0560066 0.0319516 0.695693 0.00394778 0.0252083
9.995E-05 9.995E-05 9.995E-05 9.995E-05 0.9994 9.995E-05 9.995E-05
0.0818805 9.9973E-05 9.9973E-05 0.0206407 0.869047 0.0281316 9.9973E-05
0.132303 0.0435938 9.998E-05 9.998E-05 0.79248 0.00864897 0.022775
9.99551E-05 9.99551E-05 9.99551E-05 0.0170789 0.982421 9.99551E-05 9.99551E-05
0.261061 9.9982E-05 0.281643 9.9982E-05 0.364733 0.00914871 0.083214
0.129005 9.99731E-05 9.99731E-05 0.017095 0.834721 0.0188791 9.99731E-05
0.141435 9.99641E-05 0.821573 0.0365925 9.99641E-05 9.99641E-05 9.99641E-05
0.0318667 9.998E-05 0.243534 0.00715918 0.699515 0.0177248 9.998E-05
0.219791 0.0802434 0.129858 9.999E-05 0.435892 0.0920064 0.0421088
0.112498 9.998E-05 0.074267 9.998E-05 0.782662 0.00849091 0.0218817
9.9982E-05 0.00691046 0.190423 9.9982E-05 0.745124 0.0290388 0.0283043
0.102376 0.0914795 0.0911768 0.027185 0.60184 9.999E-05 0.0858418
0.0124989 9.998E-05 0.600215 0.0477565 0.337737 0.00159288 9.998E-05
9.998E-05 0.00790089 0.466582 0.0783949 0.422682 9.998E-05 0.0242401
0.0354624 0.00455862 9.9973E-05 9.9973E-05 0.928715 9.9973E-05 0.030964
0.0853476 0.067974 0.0478493 9.9982E-05 0.777422 0.0212073 9.9982E-05
0.0708715 0.113804 9.997E-05 9.997E-05 0.774146 0.040878 9.997E-05
0.0712012 0.0466547 0.130358 9.999E-05 0.695241 0.0150339 0.0414118
0.0940164 9.99551E-05 0.905484 9.99551E-05 9.99551E-05 9.99551E-05 9.99551E-05
0.160064 9.9973E-05 0.414471 9.9973E-05 0.422203 0.00296172 9.9973E-05
9.995E-05 9.995E-05 9.995E-05 9.995E-05 0.9994 9.995E-05 9.995E-05
0.0888397 0.0536246 9.9973E-05 9.9973E-05 0.85647 9.9973E-05 0.000765563
0.103348 9.9973E-05 0.51642 9.9973E-05 0.343822 0.0361098 9.9973E-05
0.00810795 9.9982E-05 0.331674 0.00174144 0.655836 0.00244061 9.9982E-05
9.995E-05 9.995E-05 9.995E-05 9.995E-05 0.9994 9.995E-05 9.995E-05
9.99551E-05 9.99551E-05 0.320448 9.99551E-05 0.679052 9.99551E-05 9.99551E-05
0.0657649 9.9973E-05 0.797453 9.9973E-05 0.127685 9.9973E-05 0.00879746
9.9982E-05 9.9982E-05 0.463418 0.00415306 0.520939 0.00555202 0.00573856
9.99641E-05 0.0393265 0.414783 9.99641E-05 0.545491 9.99641E-05 9.99641E-05
9.995E-05 9.995E-05 0.9994 9.995E-05 9.995E-05 9.995E-05 9.995E-05
9.99641E-05 0.015743 0.133546 9.99641E-05 0.850311 9.99641E-05 9.99641E-05
9.99551E-05 9.99551E-05 0.386067 9.99551E-05 0.613433 9.99551E-05 9.99551E-05
9.998E-05 0.0904164 9.998E-05 0.0143425 0.847628 0.0310496 0.0163637
9.996E-05 0.169756 0.816579 9.996E-05 9.996E-05 9.996E-05 0.0132651
9.996E-05 0.172766 0.808466 9.996E-05 9.996E-05 0.018368 9.996E-05
9.99641E-05 0.0878365 0.902799 9.99641E-05 9.99641E-05 0.00896478 9.99641E-05
0.0899134 0.532583 0.276039 9.998E-05 0.0966754 9.998E-05 0.0045897
9.9955E-05 0.0797254 0.919775 9.9955E-05 9.9955E-05 9.9955E-05 9.9955E-05
0.0291181 0.17692 0.749089 9.998E-05 9.998E-05 0.0302221 0.0144504
9.99551E-05 0.123301 0.876199 9.99551E-05 9.99551E-05 9.99551E-05 9.99551E-05
9.99551E-05 0.893422 9.99551E-05 9.99551E-05 0.106078 9.99551E-05 9.99551E-05
9.99551E-05 0.840584 9.99551E-05 9.99551E-05 0.158916 9.99551E-05 9.99551E-05
9.99551E-05 0.906874 0.0926267 9.99551E-05 9.99551E-05 9.99551E-05 9.99551E-05
9.99641E-05 0.909743 0.0325862 9.99641E-05 0.0572714 9.99641E-05 9.99641E-05
0.0096921 0.882047 9.9964E-05 9.9964E-05 0.107861 9.9964E-05 9.9964E-05
0.0959609 0.779886 9.996E-05 9.996E-05 0.123753 9.996E-05 9.996E-05
9.9955E-05 0.787538 0.211962 9.9955E-05 9.9955E-05 9.9955E-05 9.9955E-05
0.0186702 0.926691 0.0542386 9.99641E-05 9.99641E-05 9.99641E-05 9.99641E-05
9.99641E-05 0.862649 0.0389754 9.99641E-05 0.0979762 9.99641E-05 9.99641E-05
9.9973E-05 0.915042 0.0343271 9.9973E-05 0.0314521 0.0188794 9.9973E-05
9.995E-05 0.9994 9.995E-05 9.995E-05 9.995E-05 9.995E-05 9.995E-05
9.9964E-05 0.963779 9.9964E-05 0.00847754 9.9964E-05 9.9964E-05 0.0273441
9.995E-05 0.9994 9.995E-05 9.995E-05 9.995E-05 9.995E-05 9.995E-05
