0.128293 0.762803 0.0732569 0.0356475
9.9982E-05 0.996829 0.00297125 9.9982E-05
9.998E-05 0.9997 9.998E-05 9.998E-05
0.20128 0.607816 0.141804 0.0490999
0.211948 0.675599 0.0871175 0.0253353
0.0481636 0.845131 0.106356 0.000349484
9.998E-05 0.9997 9.998E-05 9.998E-05
9.998E-05 0.9997 9.998E-05 9.998E-05
9.998E-05 0.9997 9.998E-05 9.998E-05
0.117785 0.768806 0.0440806 0.069328
0.0487108 0.498176 9.9991E-05 0.453014
0.109385 0.46228 9.9991E-05 0.428235
0.12674 0.396257 9.9991E-05 0.476903
0.209473 0.105889 0.00159572 0.683043
0.264855 0.198346 0.0357966 0.501003
0.334145 0.140007 0.0816728 0.444175
0.30115 0.186494 9.9991E-05 0.512256
0.281416 0.121523 9.9991E-05 0.596961
0.216899 0.190746 9.9991E-05 0.592255
9.998E-05 9.998E-05 9.998E-05 0.9997
9.998E-05 9.998E-05 9.998E-05 0.9997
9.998E-05 9.998E-05 9.998E-05 0.9997
0.204359 0.0859716 0.0441406 0.665529
0.912182 0.00450257 9.9991E-05 0.0832151
0.86579 0.0930927 9.9991E-05 0.0410174
0.865629 0.0495949 9.9991E-05 0.0846761
0.866656 0.072446 9.9991E-05 0.060798
0.853896 0.027293 9.9991E-05 0.118711
0.913788 0.0299533 9.9991E-05 0.0561582
0.923672 0.0235924 9.9991E-05 0.0526356
0.979088 0.0111166 9.9991E-05 0.00969571
0.9757 9.9982E-05 9.9982E-05 0.0240999
0.885311 0.0427583 9.9991E-05 0.0718309
0.890208 0.0439774 9.9991E-05 0.0657142
0.779928 0.110799 0.09423 0.0150424
0.810822 0.064771 0.070543 0.0538638
0.842476 0.126431 9.9991E-05 0.0309931
0.728999 9.9991E-05 0.199197 0.0717039
0.770016 9.9991E-05 0.181679 0.0482042
0.834434 9.9991E-05 0.145376 0.0200892
0.794127 9.9991E-05 0.141093 0.0646806
0.8495 9.9991E-05 0.141158 0.00924253
0.898506 9.9982E-05 0.101294 9.9982E-05
0.850153 9.9991E-05 0.0882977 0.0614491
0.833792 0.000259308 0.149677 0.0162722
0.905952 9.9982E-05 0.0938482 9.9982E-05
0.784836 0.109699 0.0975129 0.00795222
0.9168 9.9991E-05 0.0565171 0.0265825
0.907932 9.9991E-05 0.0752565 0.0167112
0.828271 9.9982E-05 0.171529 9.9982E-05
0.741317 0.0667465 0.15053 0.0414064
0.87586 0.0156513 0.108388 9.9991E-05
0.803314 9.9982E-05 0.196486 9.9982E-05
0.66909 0.063181 0.25164 0.0160885
0.681108 0.0150537 0.284452 0.0193864
0.774181 0.0102914 0.198873 0.0166542
0.749877 0.0368894 0.213133 9.9991E-05
0.821865 9.9991E-05 0.16931 0.00872498
0.763113 9.9991E-05 0.232665 0.00412222
0.685146 0.0412595 0.240644 0.0329497
0.829437 9.9982E-05 0.170363 9.9982E-05
0.867447 9.9982E-05 0.132353 9.9982E-05
0.834445 9.9982E-05 0.165355 9.9982E-05
0.787398 0.0115673 0.200934 9.9991E-05
0.850846 9.9991E-05 0.139404 0.00964961
0.782186 9.9982E-05 0.217614 9.9982E-05
0.842627 9.9982E-05 0.157173 9.9982E-05
0.818121 9.9982E-05 0.181679 9.9982E-05
0.757597 0.00132206 0.240981 9.9991E-05
0.777983 9.9991E-05 0.200698 0.0212192
0.640762 9.9982E-05 0.359038 9.9982E-05
0.709655 9.9982E-05 0.290146 9.9982E-05
0.710188 9.9982E-05 0.289612 9.9982E-05
0.726522 9.9982E-05 0.273278 9.9982E-05
0.711443 0.019313 0.269145 9.9991E-05
0.48342 0.000864322 0.515616 9.9991E-05
0.455005 9.9982E-05 0.544795 9.9982E-05
0.517868 9.9982E-05 0.481932 9.9982E-05
0.353997 0.0207911 0.6117 0.013512
0.477449 9.9982E-05 0.522351 9.9982E-05
0.501497 9.9982E-05 0.498303 9.9982E-05
0.455537 9.9982E-05 0.544263 9.9982E-05
9.998E-05 9.998E-05 0.9997 9.998E-05
0.060321 9.9982E-05 0.939479 9.9982E-05
9.998E-05 9.998E-05 0.9997 9.998E-05
9.998E-05 9.998E-05 0.9997 9.998E-05
0.0399603 9.9982E-05 0.95984 9.9982E-05
0.124775 9.9991E-05 0.863376 0.0117492
0.0920787 0.0160921 0.891729 9.9991E-05
9.9982E-05 9.9982E-05 0.995543 0.00425674
0.0295576 9.9982E-05 0.970242 9.9982E-05
0.0044667 9.9982E-05 0.995333 9.9982E-05
9.998E-05 9.998E-05 0.9997 9.998E-05
9.9982E-05 0.0439918 0.955808 9.9982E-05
9.9982E-05 0.00859915 0.991201 9.9982E-05
