0.0055267 9.9973E-05 0.0419557 9.9973E-05 9.9973E-05 0.799859 0.152117 0.000241591
9.99461E-05 9.99461E-05 9.99461E-05 9.99461E-05 0.0267854 0.972615 9.99461E-05 9.99461E-05
9.994E-05 9.994E-05 9.994E-05 9.994E-05 9.994E-05 0.9993 9.994E-05 9.994E-05
0.0211187 0.0537629 0.0193877 0.158313 0.0343112 0.580675 0.132331 9.9991E-05
0.0108513 9.9982E-05 0.059165 0.00823811 0.000966199 0.624199 0.296381 9.9982E-05
9.9982E-05 0.0450232 0.0133037 0.0151807 0.0378819 0.837494 0.0509167 9.9982E-05
9.994E-05 9.994E-05 9.994E-05 9.994E-05 9.994E-05 0.9993 9.994E-05 9.994E-05
9.99461E-05 9.99461E-05 9.99461E-05 9.99461E-05 9.99461E-05 0.9959 9.99461E-05 0.00350003
9.994E-05 9.994E-05 9.994E-05 9.994E-05 9.994E-05 0.9993 9.994E-05 9.994E-05
0.015457 9.9982E-05 0.0687437 0.0192402 9.9982E-05 0.721668 0.0704834 0.104208
9.99461E-05 9.99461E-05 9.99461E-05 9.99461E-05 9.99461E-05 0.130143 9.99461E-05 0.869258
9.99461E-05 9.99461E-05 9.99461E-05 9.99461E-05 9.99461E-05 0.0915994 9.99461E-05 0.907801
9.99461E-05 9.99461E-05 9.99461E-05 9.99461E-05 9.99461E-05 0.0165249 9.99461E-05 0.982875
0.0836903 0.015488 9.99641E-05 0.029838 9.99641E-05 9.99641E-05 9.99641E-05 0.870584
0.0253159 9.9973E-05 0.0155758 9.9973E-05 0.0803133 9.9973E-05 0.0998695 0.778625
0.0524013 9.9973E-05 9.9973E-05 0.133882 0.0318103 9.9973E-05 0.172866 0.60874
9.9955E-05 9.9955E-05 9.9955E-05 0.0772447 9.9955E-05 9.9955E-05 0.0812035 0.841052
0.0810505 9.9955E-05 9.9955E-05 0.13765 9.9955E-05 9.9955E-05 9.9955E-05 0.7808
0.0637462 0.0195551 9.9964E-05 0.0744003 9.9964E-05 9.9964E-05 9.9964E-05 0.841899
0.9993 9.994E-05 9.994E-05 9.994E-05 9.994E-05 9.994E-05 9.994E-05 9.994E-05
0.9993 9.994E-05 9.994E-05 9.994E-05 9.994E-05 9.994E-05 9.994E-05 9.994E-05
0.983084 9.99551E-05 9.99551E-05 9.99551E-05 0.000559257 0.0158569 9.99551E-05 9.99551E-05
0.136182 9.9973E-05 0.0166796 0.0582336 9.9973E-05 9.9973E-05 0.049452 0.739153
0.00476359 9.9973E-05 9.9973E-05 0.627289 0.0169214 9.9973E-05 0.300908 0.0498183
0.00328201 9.9982E-05 0.00458032 0.84051 0.0421319 0.0534648 0.0558313 9.9982E-05
0.00586932 0.161973 9.9973E-05 0.80341 9.9973E-05 0.000601276 9.9973E-05 0.0278462
9.9973E-05 9.9973E-05 0.0044756 0.81124 0.00462563 9.9973E-05 0.105528 0.0738308
0.0242763 0.17295 9.9964E-05 0.741103 9.9964E-05 9.9964E-05 9.9964E-05 0.0612713
9.994E-05 9.994E-05 9.994E-05 0.9993 9.994E-05 9.994E-05 9.994E-05 9.994E-05
9.994E-05 9.994E-05 9.994E-05 0.9993 9.994E-05 9.994E-05 9.994E-05 9.994E-05
9.99461E-05 9.99461E-05 0.00239908 0.997001 9.99461E-05 9.99461E-05 9.99461E-05 9.99461E-05
9.994E-05 9.994E-05 9.994E-05 0.9993 9.994E-05 9.994E-05 9.994E-05 9.994E-05
9.99461E-05 9.99461E-05 0.0129775 0.986423 9.99461E-05 9.99461E-05 9.99461E-05 9.99461E-05
0.0157576 0.00677478 9.99551E-05 0.976968 9.99551E-05 9.99551E-05 9.99551E-05 9.99551E-05
0.0119866 0.173329 0.0101796 0.490122 0.114225 0.0652959 0.0693885 0.0654736
9.999E-05 0.347771 0.0164254 0.328179 0.00183699 0.0423427 0.182574 0.080772
0.00936203 0.118091 0.0548693 0.728796 9.9973E-05 0.0885815 9.9973E-05 9.9973E-05
9.99641E-05 9.99641E-05 9.99641E-05 0.0575405 0.0431213 9.99641E-05 0.890035 0.00890335
0.0174352 9.9973E-05 9.9973E-05 0.107283 0.113538 9.9973E-05 0.729403 0.0320411
9.99462E-05 9.99462E-05 9.99462E-05 9.99462E-05 9.99462E-05 0.0092509 0.990149 9.99462E-05
0.00781071 9.99641E-05 9.99641E-05 0.041049 9.99641E-05 9.99641E-05 0.931261 0.0194798
0.00648842 9.9991E-05 0.0103537 0.0117596 0.00375871 0.0120954 0.929958 0.0254859
9.99461E-05 9.99461E-05 9.99461E-05 9.99461E-05 9.99461E-05 9.99461E-05 0.995555 0.0038452
0.0346222 9.99461E-05 9.99461E-05 9.99461E-05 9.99461E-05 9.99461E-05 0.964778 9.99461E-05
0.000579474 0.0120699 9.9982E-05 0.120328 0.011322 0.0202545 0.835246 9.9982E-05
9.99461E-05 9.99461E-05 0.0135545 9.99461E-05 9.99461E-05 9.99461E-05 0.985846 9.99461E-05
9.99731E-05 0.194264 9.99731E-05 0.201835 9.99731E-05 0.0915692 0.510094 0.00193799
0.0027475 0.0476153 9.99731E-05 0.131859 9.99731E-05 9.99731E-05 0.79335 0.0241287
9.99551E-05 0.89259 9.99551E-05 0.077975 9.99551E-05 9.99551E-05 9.99551E-05 0.0289352
0.0285188 0.538987 9.9973E-05 0.00796975 9.9973E-05 9.9973E-05 0.423814 0.000411176
0.0639826 0.220616 0.0796368 0.0870844 0.100551 0.0762774 0.353041 0.018811
0.00125995 0.0379754 9.9973E-05 0.0131851 9.9973E-05 0.00472499 0.942555 9.9973E-05
0.00283254 0.189371 9.9982E-05 0.0400938 0.0862776 0.00511724 0.676107 9.9982E-05
9.999E-05 0.118209 0.0221348 0.0768955 0.118603 0.0796465 0.569206 0.0152055
9.9982E-05 0.285221 9.9982E-05 0.0004014 0.0977828 0.0126919 0.575121 0.0285812
9.9973E-05 0.389578 0.0299239 9.9973E-05 0.00100783 9.9973E-05 0.519194 0.0599962
9.99551E-05 9.99551E-05 0.0583214 9.99551E-05 9.99551E-05 0.0360415 0.905137 9.99551E-05
0.0144282 0.131574 9.99731E-05 0.000267016 0.0127651 9.99731E-05 0.840666 9.99731E-05
0.0425653 0.0548464 0.0258489 0.0784615 0.0891635 9.9982E-05 0.708914 9.9982E-05
0.0365857 0.292732 0.00896379 0.050834 0.0633085 0.0572068 0.490269 9.9991E-05
9.99551E-05 0.922555 9.99551E-05 0.0540367 9.99551E-05 9.99551E-05 0.0229084 9.99551E-05
0.0122924 0.808394 9.9973E-05 0.122924 9.9973E-05 0.01507 0.04102 9.9973E-05
9.99461E-05 0.0712124 9.99461E-05 9.99461E-05 9.99461E-05 9.99461E-05 0.928188 9.99461E-05
0.00812904 0.04749 0.0373549 0.0660544 0.000736107 0.0183985 0.802698 0.0191393
0.0332114 0.466743 9.9964E-05 0.109688 9.9964E-05 9.9964E-05 0.389958 9.9964E-05
9.99551E-05 0.162584 0.0306147 9.99551E-05 9.99551E-05 9.99551E-05 0.806302 9.99551E-05
9.99462E-05 0.382626 9.99462E-05 9.99462E-05 9.99462E-05 9.99462E-05 0.616774 9.99462E-05
0.00119579 0.679084 0.0140156 9.99641E-05 9.99641E-05 9.99641E-05 0.305305 9.99641E-05
9.99641E-05 0.891969 0.0247417 0.0621825 9.99641E-05 0.0207072 9.99641E-05 9.99641E-05
0.0341088 0.864043 0.0292271 0.0278267 9.9982E-05 9.9982E-05 0.0412484 0.00334574
9.99641E-05 0.609437 0.00040363 9.99641E-05 0.0453848 9.99641E-05 0.344375 9.99641E-05
9.99461E-05 0.987902 9.99461E-05 9.99461E-05 9.99461E-05 9.99461E-05 0.0114979 9.99461E-05
9.99641E-05 0.51306 0.00992775 9.99641E-05 0.00389998 9.99641E-05 0.472712 9.99641E-05
9.9964E-05 0.875881 9.9964E-05 9.9964E-05 0.00164338 9.9964E-05 0.105423 0.0166524
0.02096 9.9973E-05 9.9973E-05 9.9973E-05 0.134829 0.00208922 0.837683 0.00413811
9.99551E-05 0.711411 9.99551E-05 9.99551E-05 0.276642 0.0114475 9.99551E-05 9.99551E-05
9.99551E-05 0.78388 0.0415441 9.99551E-05 0.174076 9.99551E-05 9.99551E-05 9.99551E-05
0.0127022 0.803036 0.00164859 9.99641E-05 0.182213 9.99641E-05 9.99641E-05 9.99641E-05
0.0046659 0.396462 9.9982E-05 0.0349631 0.521173 0.010449 9.9982E-05 0.0320876
9.99461E-05 0.906703 9.99461E-05 9.99461E-05 0.0926976 9.99461E-05 9.99461E-05 9.99461E-05
0.0173435 0.661028 9.9982E-05 0.048652 0.263803 0.00825465 0.000719473 9.9982E-05
9.99551E-05 0.720585 0.0109871 9.99551E-05 0.267928 9.99551E-05 9.99551E-05 9.99551E-05
9.994E-05 9.994E-05 9.994E-05 9.994E-05 0.9993 9.994E-05 9.994E-05 9.994E-05
0.00160482 9.99641E-05 0.0219571 9.99641E-05 0.927092 9.99641E-05 0.048946 9.99641E-05
9.994E-05 9.994E-05 9.994E-05 9.994E-05 0.9993 9.994E-05 9.994E-05 9.994E-05
9.99462E-05 9.99462E-05 0.0167727 9.99462E-05 0.982628 9.99462E-05 9.99462E-05 9.99462E-05
9.994E-05 9.994E-05 9.994E-05 9.994E-05 0.9993 9.994E-05 9.994E-05 9.994E-05
0.00861734 9.9982E-05 0.0188956 0.0344386 0.840476 0.00634724 0.0910254 9.9982E-05
9.9964E-05 0.0344022 9.9964E-05 0.0184843 0.943542 0.00317192 9.9964E-05 9.9964E-05
9.99641E-05 9.99641E-05 0.0119744 0.00887385 0.97727 9.99641E-05 9.99641E-05 0.00148177
9.994E-05 9.994E-05 9.994E-05 9.994E-05 0.9993 9.994E-05 9.994E-05 9.994E-05
9.99461E-05 9.99461E-05 0.0453161 9.99461E-05 0.954084 9.99461E-05 9.99461E-05 9.99461E-05
9.994E-05 9.994E-05 0.9993 9.994E-05 9.994E-05 9.994E-05 9.994E-05 9.994E-05
9.9946E-05 9.9946E-05 0.957838 9.9946E-05 9.9946E-05 9.9946E-05 0.0415627 9.9946E-05
9.994E-05 9.994E-05 0.9993 9.994E-05 9.994E-05 9.994E-05 9.994E-05 9.994E-05
