0.778198 0.0691605 0.0225969 9.9973E-05 9.9973E-05 0.0269628 0.102781 9.9973E-05
0.952404 0.0469961 9.99461E-05 9.99461E-05 9.99461E-05 9.99461E-05 9.99461E-05 9.99461E-05
0.9993 9.994E-05 9.994E-05 9.994E-05 9.994E-05 9.994E-05 9.994E-05 9.994E-05
0.550558 0.0533124 0.0343679 0.173666 0.0446855 9.9991E-05 0.00727006 0.13604
0.645748 9.9973E-05 0.01397 0.0175308 0.068626 0.253825 9.9973E-05 9.9973E-05
0.801215 0.0493996 9.9982E-05 0.0659627 0.0273283 0.0269068 0.0289873 9.9982E-05
0.9993 9.994E-05 9.994E-05 9.994E-05 9.994E-05 9.994E-05 9.994E-05 9.994E-05
0.9993 9.994E-05 9.994E-05 9.994E-05 9.994E-05 9.994E-05 9.994E-05 9.994E-05
0.9993 9.994E-05 9.994E-05 9.994E-05 9.994E-05 9.994E-05 9.994E-05 9.994E-05
0.76361 9.9973E-05 0.0219774 0.0752817 0.0220505 9.9973E-05 0.11678 9.9973E-05
0.550701 9.9982E-05 0.366702 0.0202894 0.0052277 0.0339599 0.0229193 9.9982E-05
0.488989 9.9973E-05 0.394637 0.0296142 9.9973E-05 0.0341348 9.9973E-05 0.0523254
0.419581 9.99641E-05 0.441425 0.120706 9.99641E-05 0.0178883 9.99641E-05 9.99641E-05
0.108451 9.9973E-05 0.612451 0.204725 0.0238364 9.9973E-05 9.9973E-05 0.050237
0.179013 0.0789541 0.467534 0.0868341 0.0186085 0.0835324 0.0844073 0.00111659
0.149361 0.0195441 0.376188 0.234182 0.0349958 0.0982723 9.9991E-05 0.087357
0.224407 9.9973E-05 0.440258 0.241768 9.9973E-05 0.0656317 9.9973E-05 0.0276351
0.141398 9.9955E-05 0.51176 0.346342 9.9955E-05 9.9955E-05 9.9955E-05 9.9955E-05
0.188149 9.9973E-05 0.556424 0.229548 0.00346724 9.9973E-05 9.9973E-05 0.0221118
9.994E-05 9.994E-05 0.9993 9.994E-05 9.994E-05 9.994E-05 9.994E-05 9.994E-05
9.994E-05 9.994E-05 0.9993 9.994E-05 9.994E-05 9.994E-05 9.994E-05 9.994E-05
9.994E-05 9.994E-05 0.9993 9.994E-05 9.994E-05 9.994E-05 9.994E-05 9.994E-05
0.0817357 9.9973E-05 0.588373 0.233084 0.0176261 0.0788815 9.9973E-05 9.9973E-05
0.00694101 0.0337953 0.00562977 0.654592 9.9991E-05 0.00336987 0.290029 0.00554254
0.0201904 0.0205332 0.003309 0.815408 0.0175772 9.9982E-05 0.122782 9.9982E-05
9.9964E-05 0.021669 0.017157 0.87311 9.9964E-05 9.9964E-05 9.9964E-05 0.0876642
0.00997152 9.9982E-05 0.0102381 0.835275 0.00172888 9.9982E-05 0.0586048 0.0839823
9.9982E-05 9.9982E-05 0.040986 0.793636 0.0147444 0.0429613 0.0618317 0.0456406
9.994E-05 9.994E-05 9.994E-05 0.9993 9.994E-05 9.994E-05 9.994E-05 9.994E-05
9.994E-05 9.994E-05 9.994E-05 0.9993 9.994E-05 9.994E-05 9.994E-05 9.994E-05
9.99461E-05 0.0191557 9.99461E-05 0.980245 9.99461E-05 9.99461E-05 9.99461E-05 9.99461E-05
9.995E-05 0.0104933 9.995E-05 0.923183 9.995E-05 0.065824 9.995E-05 9.995E-05
9.99551E-05 0.00728175 9.99551E-05 0.977678 0.0145408 9.99551E-05 9.99551E-05 9.99551E-05
9.99641E-05 9.99641E-05 0.0138089 0.913498 9.99641E-05 0.0191235 0.0531701 9.99641E-05
0.0348097 0.0958641 0.0167844 0.528476 0.0202577 0.157033 0.146675 9.9991E-05
0.0413851 9.9982E-05 0.0356967 0.341395 0.058825 0.212189 0.310309 9.9982E-05
0.0718555 9.9964E-05 9.9964E-05 0.655836 0.0170496 9.9964E-05 0.254859 9.9964E-05
9.9982E-05 0.0647755 0.0488102 0.0433947 0.0149572 0.82661 0.00125231 9.9982E-05
9.9973E-05 0.0758454 0.060394 0.0990384 9.9973E-05 0.729965 0.0344572 9.9973E-05
9.99641E-05 9.99641E-05 0.0242528 0.040688 9.99641E-05 0.825525 9.99641E-05 0.109134
9.99551E-05 9.99551E-05 0.0269443 0.0976247 9.99551E-05 0.874931 9.99551E-05 9.99551E-05
0.0034517 9.9973E-05 0.0119191 0.0578223 0.0173684 0.909139 9.9973E-05 9.9973E-05
9.994E-05 9.994E-05 9.994E-05 9.994E-05 9.994E-05 0.9993 9.994E-05 9.994E-05
9.99551E-05 9.99551E-05 0.06054 0.0839119 9.99551E-05 0.855048 9.99551E-05 9.99551E-05
9.9982E-05 0.0341634 9.9982E-05 0.151823 0.00184527 0.603668 0.118481 0.0898193
0.0120132 9.99551E-05 9.99551E-05 9.99551E-05 0.00804923 0.979438 9.99551E-05 9.99551E-05
0.0537118 9.99641E-05 0.000173883 0.101215 9.99641E-05 9.99641E-05 0.844499 9.99641E-05
9.99461E-05 9.99461E-05 0.0255867 9.99461E-05 9.99461E-05 9.99461E-05 0.973814 9.99461E-05
0.0160663 9.99641E-05 9.99641E-05 0.10736 9.99641E-05 0.758128 9.99641E-05 0.118046
9.99641E-05 0.0148635 9.99641E-05 0.05023 9.99641E-05 0.763012 9.99641E-05 0.171494
0.0749437 0.0461332 0.0358264 0.166345 0.0483026 0.319986 0.229625 0.0788382
0.00392612 9.9955E-05 9.9955E-05 9.9955E-05 9.9955E-05 0.281915 0.713659 9.9955E-05
9.9973E-05 0.114764 9.9973E-05 0.0666529 9.9973E-05 0.577839 0.226087 0.0143573
0.0381789 0.0620048 0.0129532 0.0374485 0.0477525 0.22905 0.539386 0.0332261
0.0116808 0.0654576 0.00116369 9.99731E-05 9.99731E-05 0.648695 9.99731E-05 0.272703
0.0417597 0.0242994 9.9973E-05 9.9973E-05 0.0300091 0.798534 9.9973E-05 0.105097
9.99461E-05 9.99461E-05 9.99461E-05 9.99461E-05 0.0176952 9.99461E-05 0.981705 9.99461E-05
9.99731E-05 0.0142166 9.99731E-05 0.0288937 0.0119866 0.943754 0.00084919 9.99731E-05
9.9955E-05 0.0259731 9.9955E-05 9.9955E-05 0.0226832 9.9955E-05 0.950844 9.9955E-05
0.0332002 0.100003 9.9982E-05 0.0497518 9.9982E-05 0.204157 0.499295 0.113392
9.99551E-05 9.99551E-05 9.99551E-05 9.99551E-05 9.99551E-05 0.00201211 0.865618 0.13187
9.99461E-05 9.99461E-05 9.99461E-05 9.99461E-05 9.99461E-05 9.99461E-05 0.960289 0.0391116
9.99461E-05 9.99461E-05 9.99461E-05 9.99461E-05 9.99461E-05 0.862441 0.136959 9.99461E-05
0.0239278 0.0448344 9.9964E-05 9.9964E-05 9.9964E-05 0.0652538 0.865584 9.9964E-05
9.9982E-05 0.0193497 0.0184549 0.0420052 9.9982E-05 0.549982 0.332543 0.0374654
9.9982E-05 0.000767493 9.9982E-05 0.0116287 0.0645712 0.817083 0.0685843 0.0371654
0.010838 0.0182766 9.99731E-05 9.99731E-05 9.99731E-05 0.428099 0.51017 0.0323165
9.99461E-05 9.99461E-05 9.99461E-05 9.99461E-05 9.99461E-05 0.504419 9.99461E-05 0.494981
9.99461E-05 9.99461E-05 9.99461E-05 9.99461E-05 9.99461E-05 9.99461E-05 0.873002 0.126398
9.99551E-05 9.99551E-05 9.99551E-05 9.99551E-05 0.00647784 9.99551E-05 0.840846 0.152176
9.99731E-05 0.0894668 9.99731E-05 9.99731E-05 0.00495563 0.402726 0.337191 0.165361
9.99641E-05 9.99641E-05 9.99641E-05 0.0285593 9.99641E-05 0.00734554 0.0668859 0.896809
9.99641E-05 0.0162215 9.99641E-05 9.99641E-05 0.00492361 0.83751 9.99641E-05 0.140945
9.99551E-05 9.99551E-05 0.0129176 9.99551E-05 9.99551E-05 9.99551E-05 0.198564 0.788018
9.9973E-05 0.116445 0.0159267 9.9973E-05 9.9973E-05 0.524927 0.291508 0.0508936
0.00565003 0.0431673 9.99551E-05 9.99551E-05 9.99551E-05 9.99551E-05 9.99551E-05 0.950683
9.994E-05 9.994E-05 9.994E-05 9.994E-05 9.994E-05 9.994E-05 9.994E-05 0.9993
9.9973E-05 0.00819777 0.00214483 9.9973E-05 0.0393439 9.9973E-05 0.127656 0.822358
0.00407871 0.540264 0.00251114 0.0769581 9.9991E-05 0.00835023 0.109318 0.25842
9.99461E-05 9.99461E-05 9.99461E-05 9.99461E-05 0.00251331 9.99461E-05 9.99461E-05 0.996887
0.0137802 0.0996416 9.9973E-05 0.0145678 9.9973E-05 0.0161287 9.9973E-05 0.855582
9.99551E-05 0.0337793 9.99551E-05 9.99551E-05 0.00645384 9.99551E-05 9.99551E-05 0.959267
9.994E-05 0.9993 9.994E-05 9.994E-05 9.994E-05 9.994E-05 9.994E-05 9.994E-05
9.99641E-05 0.931615 9.99641E-05 9.99641E-05 0.00519045 0.030096 0.0326983 9.99641E-05
9.994E-05 0.9993 9.994E-05 9.994E-05 9.994E-05 9.994E-05 9.994E-05 9.994E-05
9.99462E-05 0.966985 9.99462E-05 9.99462E-05 0.0324154 9.99462E-05 9.99462E-05 9.99462E-05
9.99551E-05 0.947978 9.99551E-05 9.99551E-05 0.0288038 9.99551E-05 9.99551E-05 0.0227185
9.9973E-05 0.804516 0.00345765 0.0151913 0.0477828 0.128752 9.9973E-05 9.9973E-05
0.00357842 0.910248 9.9973E-05 9.9973E-05 0.0154248 9.9973E-05 0.0333613 0.0370877
9.99461E-05 0.991651 9.99461E-05 9.99461E-05 0.0077496 9.99461E-05 9.99461E-05 9.99461E-05
9.994E-05 0.9993 9.994E-05 9.994E-05 9.994E-05 9.994E-05 9.994E-05 9.994E-05
9.99641E-05 0.919482 9.99641E-05 0.00143992 0.0750895 9.99641E-05 9.99641E-05 0.00358834
9.994E-05 9.994E-05 9.994E-05 9.994E-05 0.9993 9.994E-05 9.994E-05 9.994E-05
9.9955E-05 9.9955E-05 9.9955E-05 0.00869458 0.941772 9.9955E-05 0.0490341 9.9955E-05
9.994E-05 9.994E-05 9.994E-05 9.994E-05 0.9993 9.994E-05 9.994E-05 9.994E-05
