0.188385 0.0403603 0.017454 0.710723 0.0314753 0.0116023
0.0241068 0.0303872 0.236459 0.011295 0.651074 0.0466783
0.122387 0.0250303 0.0691116 0.0429859 0.740385 9.9991E-05
0.170313 0.0377639 0.154831 9.9991E-05 0.585173 0.0518188
0.04581 0.0240045 0.189305 0.0246581 0.697857 0.0183653
9.99821E-05 0.466764 9.99821E-05 0.0358963 0.382257 0.114882
9.9973E-05 0.0493351 9.9973E-05 0.0662431 9.9973E-05 0.884122
9.9982E-05 0.0642005 9.9982E-05 0.0217682 0.0442592 0.869572
9.9982E-05 0.121377 0.00618526 0.0419283 9.9982E-05 0.83031
9.9982E-05 0.614715 9.9982E-05 0.0208424 0.344643 0.0196002
9.996E-05 0.9995 9.996E-05 9.996E-05 9.996E-05 9.996E-05
9.996E-05 0.9995 9.996E-05 9.996E-05 9.996E-05 9.996E-05
9.99821E-05 0.443042 9.99821E-05 0.00377587 0.526251 0.0267309
9.996E-05 0.9995 9.996E-05 9.996E-05 9.996E-05 9.996E-05
9.99731E-05 0.914064 9.99731E-05 9.99731E-05 0.0408202 0.044816
9.9982E-05 0.377184 9.9982E-05 0.00699914 0.580768 0.0348492
9.9982E-05 0.268226 9.9982E-05 0.133783 0.54362 0.0541717
0.139276 0.214556 0.0407954 0.0910376 0.151089 0.363246
9.9982E-05 0.265035 9.9982E-05 0.141166 0.560802 0.0327974
9.9982E-05 0.262551 9.9982E-05 0.101565 0.543117 0.0925674
0.169786 0.158608 0.0373161 0.208023 0.354047 0.0722204
9.9982E-05 0.257042 9.9982E-05 0.0263971 0.658562 0.0577995
9.9982E-05 0.224849 9.9982E-05 0.139017 0.547666 0.0882676
9.9982E-05 0.28198 9.9982E-05 0.0679269 0.596174 0.0537193
9.99641E-05 0.977231 9.99641E-05 9.99641E-05 0.0223696 9.99641E-05
0.113512 0.204237 0.0358633 0.0848137 0.484509 0.0770655
0.0415185 0.941927 9.9982E-05 0.0101762 0.00617853 9.9982E-05
0.0213547 0.883196 9.9982E-05 0.0342717 0.0609774 9.9982E-05
9.996E-05 0.9995 9.996E-05 9.996E-05 9.996E-05 9.996E-05
9.9982E-05 0.260781 9.9982E-05 0.118189 0.539166 0.0816652
9.9982E-05 0.250887 9.9982E-05 0.148643 0.533309 0.0669608
9.99641E-05 0.974682 0.0249182 9.99641E-05 9.99641E-05 9.99641E-05
9.9982E-05 0.272032 9.9982E-05 0.113169 0.575789 0.038809
9.99641E-05 0.988612 9.99641E-05 9.99641E-05 0.0109886 9.99641E-05
0.0839164 0.614984 0.21081 0.0211099 0.0659711 0.00320916
0.135418 0.532358 0.133636 0.0732772 0.0720661 0.0532443
0.121551 0.718253 0.0385432 0.059258 0.0057422 0.0566519
0.067786 0.847318 0.0563156 0.0139657 9.9991E-05 0.014515
0.0604712 0.761338 0.135641 0.0320003 9.9991E-05 0.0104493
0.0609441 0.887438 0.0364408 0.0149767 9.9982E-05 9.9982E-05
9.99641E-05 0.970627 9.99641E-05 0.0289729 9.99641E-05 9.99641E-05
0.112263 0.72356 0.0470179 0.0322182 0.0455085 0.0394328
0.148506 0.596161 9.9991E-05 0.124647 0.0736161 0.0569701
0.00931673 0.990283 9.99641E-05 9.99641E-05 9.99641E-05 9.99641E-05
0.107158 0.640322 0.0206267 0.103262 0.0804719 0.0481595
9.99641E-05 0.998991 9.99641E-05 0.000608669 9.99641E-05 9.99641E-05
0.0274199 0.906656 0.065624 9.99731E-05 9.99731E-05 9.99731E-05
9.99641E-05 0.00273083 9.99641E-05 9.99641E-05 9.99641E-05 0.996869
9.9982E-05 0.169394 9.9982E-05 0.163103 0.578742 0.0885617
9.99641E-05 0.952216 9.99641E-05 0.047384 9.99641E-05 9.99641E-05
9.9982E-05 0.173912 9.9982E-05 0.137286 0.624065 0.0645364
0.0329078 0.0539847 0.0453659 9.9991E-05 0.0520824 0.815559
0.0810126 0.0456648 0.107113 0.0582512 0.0864731 0.621486
9.99641E-05 0.0381644 9.99641E-05 9.99641E-05 9.99641E-05 0.961436
0.00594192 0.0108608 9.9973E-05 9.9973E-05 9.9973E-05 0.982897
0.0862604 0.711825 0.0821617 0.0162025 0.063388 0.0401621
0.02157 0.029208 0.0493494 0.71532 0.173724 0.0108277
0.0290994 0.0271985 0.00691012 0.762437 0.120499 0.0538563
0.0168223 0.00251466 9.9991E-05 0.818072 0.121814 0.0406771
9.99641E-05 9.99641E-05 9.99641E-05 0.904207 0.0953929 9.99641E-05
9.99641E-05 9.99641E-05 9.99641E-05 0.918612 0.0809878 9.99641E-05
0.176322 0.068344 0.160436 0.407231 0.148303 0.0393634
0.0380763 0.0658217 9.9991E-05 0.731135 0.131601 0.0332654
9.9982E-05 0.00329902 9.9982E-05 0.909643 0.0694612 0.017397
9.9982E-05 0.013526 9.9982E-05 0.851046 0.0985675 0.0366607
0.0207645 0.0132045 9.9991E-05 0.807386 0.0977932 0.060752
9.9982E-05 0.0305549 9.9982E-05 0.798422 0.120921 0.0499012
0.0257062 0.12894 9.9991E-05 0.159341 0.649482 0.0364311
0.112522 0.0814447 9.9982E-05 0.0186536 0.78718 9.9982E-05
9.99731E-05 0.0638275 9.99731E-05 9.99731E-05 0.932021 0.00385155
0.0195321 0.122037 0.0101133 9.9991E-05 0.816503 0.0317141
0.188647 0.0726482 0.0482747 0.0657946 0.608728 0.0159066
0.102204 0.0686012 9.9991E-05 0.00683523 0.797516 0.0247437
0.0545135 0.0449936 0.162808 0.148279 0.558984 0.0304221
0.191351 0.113203 0.0917765 0.105893 0.454819 0.0429576
9.99731E-05 0.0683579 9.99731E-05 9.99731E-05 0.893742 0.0376006
0.0155892 0.0853493 9.9991E-05 0.018404 0.880072 0.000485158
9.99731E-05 0.059128 9.99731E-05 9.99731E-05 0.902224 0.0383482
9.9982E-05 0.147162 9.9982E-05 0.138461 0.664047 0.0501305
9.9982E-05 0.156856 9.9982E-05 0.124834 0.689399 0.028711
9.996E-05 9.996E-05 9.996E-05 0.9995 9.996E-05 9.996E-05
9.99641E-05 9.99641E-05 9.99641E-05 0.977003 0.0225972 9.99641E-05
9.99641E-05 9.99641E-05 9.99641E-05 0.979762 9.99641E-05 0.0198385
0.0158938 9.9982E-05 0.0226965 0.957383 0.00382637 9.9982E-05
0.0105833 0.00289124 9.9991E-05 0.917842 0.0512687 0.0173148
0.0145927 9.9973E-05 0.0313706 0.953737 9.9973E-05 9.9973E-05
9.996E-05 9.996E-05 9.996E-05 0.9995 9.996E-05 9.996E-05
9.996E-05 9.996E-05 9.996E-05 0.9995 9.996E-05 9.996E-05
9.99641E-05 0.00843081 9.99641E-05 0.991169 9.99641E-05 9.99641E-05
9.996E-05 9.996E-05 9.996E-05 0.9995 9.996E-05 9.996E-05
9.996E-05 9.996E-05 9.996E-05 0.9995 9.996E-05 9.996E-05
9.996E-05 9.996E-05 9.996E-05 0.9995 9.996E-05 9.996E-05
9.996E-05 9.996E-05 9.996E-05 0.9995 9.996E-05 9.996E-05
9.996E-05 9.996E-05 9.996E-05 0.9995 9.996E-05 9.996E-05
9.996E-05 9.996E-05 9.996E-05 9.996E-05 9.996E-05 0.9995
9.996E-05 9.996E-05 9.996E-05 9.996E-05 9.996E-05 0.9995
9.996E-05 9.996E-05 9.996E-05 9.996E-05 9.996E-05 0.9995
9.996E-05 9.996E-05 9.996E-05 9.996E-05 9.996E-05 0.9995
9.996E-05 9.996E-05 9.996E-05 9.996E-05 9.996E-05 0.9995
0.0532156 0.022664 0.242901 0.0430015 0.638118 9.9991E-05
9.9982E-05 9.9982E-05 0.20237 0.0291081 0.762933 0.00538931
0.0109604 9.99731E-05 0.188247 9.99731E-05 0.800493 9.99731E-05
9.99821E-05 9.99821E-05 0.132479 0.0139582 0.841759 0.0116044
9.99641E-05 9.99641E-05 0.156538 9.99641E-05 0.843062 9.99641E-05
9.99731E-05 9.99731E-05 0.207661 0.00510442 0.786935 9.99731E-05
0.0509986 0.00190424 0.0538456 0.0502777 0.842874 9.9991E-05
9.99641E-05 9.99641E-05 0.143063 9.99641E-05 0.856537 9.99641E-05
0.299949 9.99641E-05 9.99641E-05 9.99641E-05 9.99641E-05 0.699651
0.343601 9.99641E-05 9.99641E-05 9.99641E-05 9.99641E-05 0.655999
0.248692 0.0718616 0.0733315 0.605915 9.9982E-05 9.9982E-05
0.263291 0.126457 0.183724 0.426328 9.9982E-05 9.9982E-05
0.209591 0.0244996 0.187346 0.578364 9.9982E-05 9.9982E-05
0.0355501 9.99731E-05 0.167751 9.99731E-05 0.796399 9.99731E-05
9.99731E-05 9.99731E-05 0.23339 0.0337587 0.732552 9.99731E-05
0.010602 9.99821E-05 0.216549 0.0143999 0.75825 9.99821E-05
0.0101583 9.9973E-05 0.221624 9.9973E-05 0.767918 9.9973E-05
0.00811134 9.99731E-05 0.230229 9.99731E-05 0.76136 9.99731E-05
0.0216125 9.9982E-05 0.292507 9.9982E-05 0.67734 0.00834104
0.0440476 9.99753E-05 0.233474 9.99753E-05 0.722179 9.99753E-05
0.00931109 9.9982E-05 0.149455 0.0185045 0.82253 9.9982E-05
0.020115 0.0155704 0.197943 9.9991E-05 0.760604 0.00566783
9.9973E-05 9.9973E-05 0.376737 0.00316644 0.619796 9.9973E-05
0.0380067 9.9973E-05 0.224286 9.9973E-05 0.737407 9.9973E-05
0.0519745 9.99731E-05 0.206443 9.99731E-05 0.741283 9.99731E-05
0.193595 0.0148878 0.127936 0.0292477 0.621942 0.0123909
0.0806268 9.9991E-05 0.204976 0.0403715 0.619019 0.0549075
0.146485 0.0246226 0.117633 0.0356895 0.635931 0.0396388
0.106457 9.9991E-05 0.236802 0.0335328 0.604266 0.0188421
0.150624 0.00254598 0.142476 0.00135223 0.702902 9.9991E-05
0.123273 9.9982E-05 0.219699 9.9982E-05 0.647535 0.00929407
0.117081 9.9982E-05 0.235196 9.9982E-05 0.615616 0.0319066
0.0297432 9.9973E-05 0.17482 9.9973E-05 0.795137 9.9973E-05
0.00432232 9.99731E-05 0.123604 9.99731E-05 0.871774 9.99731E-05
9.99731E-05 9.99731E-05 0.154624 9.99731E-05 0.832956 0.0121195
0.00561426 9.9982E-05 0.18683 0.0189537 0.788402 9.9982E-05
0.0720749 9.9973E-05 0.202782 9.9973E-05 0.724843 9.9973E-05
9.99641E-05 9.99641E-05 0.131686 9.99641E-05 0.867914 9.99641E-05
0.0467324 9.99731E-05 0.299902 9.99731E-05 0.653066 9.99731E-05
0.15493 0.0195477 0.209459 0.0433981 0.550222 0.0224434
0.111463 9.9991E-05 0.110253 0.0791902 0.661513 0.0374813
0.124475 0.0282156 0.174336 0.0533508 0.579415 0.040208
0.197592 0.0220715 0.0920498 0.0322979 0.623793 0.0321956
0.232974 0.0185877 0.102068 0.0329424 0.613328 9.9991E-05
0.000269719 9.9973E-05 0.285143 9.9973E-05 0.714287 9.9973E-05
0.025585 9.9973E-05 0.316436 9.9973E-05 0.65768 9.9973E-05
9.99731E-05 9.99731E-05 0.770817 9.99731E-05 0.180612 0.048272
0.0927276 9.9982E-05 0.678527 0.0209827 0.207563 9.9982E-05
9.99641E-05 9.99641E-05 0.728372 9.99641E-05 0.271228 9.99641E-05
0.0935014 9.9991E-05 0.599046 0.0728553 0.215859 0.0186382
9.9982E-05 9.9982E-05 0.86911 0.0071746 0.0958391 0.0276759
0.17596 0.0820073 0.389231 0.0139156 0.310585 0.0283016
9.9982E-05 0.018118 0.754456 9.9982E-05 0.227003 0.000222789
0.0260549 9.9991E-05 0.827223 0.0626664 0.0773035 0.00665253
0.261092 0.0366495 0.339396 0.0687773 0.273643 0.0204421
0.163019 0.02555 0.396259 0.0867462 0.271977 0.0564489
9.99731E-05 9.99731E-05 0.848011 0.00857835 0.14311 9.99731E-05
0.00237719 9.99731E-05 0.192855 9.99731E-05 0.804468 9.99731E-05
9.99731E-05 9.99731E-05 0.471326 9.99731E-05 0.327871 0.200503
0.0859129 9.9973E-05 0.33369 9.9973E-05 0.580097 9.9973E-05
0.186889 0.0195004 0.317226 9.9982E-05 0.476184 9.9982E-05
0.0203248 9.9991E-05 0.421804 0.00391874 0.521484 0.0323683
0.0889085 9.99731E-05 0.492309 9.99731E-05 0.418483 9.99731E-05
0.143872 9.99731E-05 0.700726 9.99731E-05 0.155102 9.99731E-05
9.99641E-05 9.99641E-05 0.41633 9.99641E-05 0.58327 9.99641E-05
0.091787 9.9982E-05 0.584916 0.0221018 0.300995 9.9982E-05
0.0473017 0.0564341 0.866859 9.9982E-05 0.0292056 9.9982E-05
0.129518 9.9982E-05 0.830724 0.0227052 0.0168529 9.9982E-05
9.99641E-05 9.99641E-05 0.97471 9.99641E-05 9.99641E-05 0.0248904
0.00519034 9.9982E-05 0.960021 0.0225365 9.9982E-05 0.0120523
0.056679 0.0315074 0.854956 9.9991E-05 0.029348 0.0274095
9.9982E-05 0.0099087 0.945052 0.00688721 0.0379525 9.9982E-05
0.0907463 0.0113314 0.804274 9.9991E-05 0.0873895 0.00615896
0.00485149 0.00716273 0.987686 9.9973E-05 9.9973E-05 9.9973E-05
9.99641E-05 9.99641E-05 0.973559 9.99641E-05 0.0260415 9.99641E-05
9.99731E-05 0.00247326 0.952944 9.99731E-05 9.99731E-05 0.0442831
9.996E-05 9.996E-05 0.9995 9.996E-05 9.996E-05 9.996E-05
0.0380966 9.99731E-05 0.944273 9.99731E-05 9.99731E-05 0.0173304
9.9982E-05 0.0037198 0.909147 0.00799544 0.0789379 9.9982E-05
9.99641E-05 0.0111884 0.988412 9.99641E-05 9.99641E-05 9.99641E-05
9.99731E-05 0.00135966 0.845471 9.99731E-05 0.152869 9.99731E-05
9.99641E-05 9.99641E-05 0.929358 9.99641E-05 0.0702419 9.99641E-05
9.99731E-05 9.99731E-05 0.989329 0.00262754 9.99731E-05 0.0077431
0.0513546 9.9982E-05 0.818669 0.050464 0.0793123 9.9982E-05
0.00554322 9.9982E-05 0.950772 0.025298 9.9982E-05 0.0181869
0.0472788 9.99731E-05 0.928019 9.99731E-05 9.99731E-05 0.024402
0.0664853 9.9982E-05 0.84956 0.00558025 0.0781746 9.9982E-05
9.99731E-05 9.99731E-05 0.93959 0.0292061 0.0309041 9.99731E-05
9.99641E-05 9.99641E-05 0.963898 0.0357023 9.99641E-05 9.99641E-05
0.0791489 9.9973E-05 0.904593 9.9973E-05 9.9973E-05 0.0159584
0.262721 9.99731E-05 0.669182 0.0677969 9.99731E-05 9.99731E-05
0.0762931 0.038925 0.860874 9.9982E-05 9.9982E-05 0.0237077
0.0459668 0.0255389 0.921901 9.9982E-05 9.9982E-05 0.00639314
0.110699 0.0481475 0.786063 0.0400338 0.0149559 9.9991E-05
0.142958 0.00254754 0.795099 0.0591948 9.9982E-05 9.9982E-05
0.11305 0.0462797 0.768018 0.0108006 0.0371859 0.0246653
0.041261 0.000869255 0.906863 9.9982E-05 9.9982E-05 0.0508072
0.0739425 9.9973E-05 0.905079 0.0206788 9.9973E-05 9.9973E-05
0.126185 0.0429228 0.830593 9.99731E-05 9.99731E-05 9.99731E-05
0.0781684 0.00419112 0.778486 0.03365 0.105404 9.9991E-05
0.095709 0.0275651 0.457226 0.0868024 0.245269 0.087428
0.64266 0.0346525 0.00244366 0.0693808 0.208282 0.0425806
0.644113 0.0309664 0.0980665 0.0498179 0.120165 0.0568711
0.674354 0.0650988 0.0676996 0.102364 0.0505253 0.0399583
0.628558 0.0737131 0.126294 0.109684 0.0269354 0.0348157
0.956083 0.0289653 9.9991E-05 0.0050514 0.00607442 0.003726
0.853127 0.00599134 9.9982E-05 0.0369158 9.9982E-05 0.103766
0.803833 0.0179262 9.9991E-05 0.0888613 0.0656836 0.0235955
0.862847 9.9982E-05 0.118332 0.00646876 0.0121523 9.9982E-05
0.923135 9.9982E-05 0.00296058 0.021954 0.0517505 9.9982E-05
0.927265 0.0131435 0.0124445 0.0469466 9.9982E-05 9.9982E-05
0.863353 0.0055637 0.0783611 0.0366754 0.0159465 9.9991E-05
0.895848 0.000311471 0.103541 9.99731E-05 9.99731E-05 9.99731E-05
0.94364 0.0227652 0.0252352 0.00815925 9.99821E-05 9.99821E-05
0.952856 0.0110165 0.0134514 0.0095495 0.0130263 9.9991E-05
0.847009 0.00196418 0.0128177 0.0279673 0.110142 9.9991E-05
0.987259 9.99641E-05 9.99641E-05 0.0123416 9.99641E-05 9.99641E-05
0.978233 9.99731E-05 0.0168173 0.0046501 9.99731E-05 9.99731E-05
0.92678 9.9982E-05 0.0616996 0.00673008 9.9982E-05 0.00459023
0.885655 9.9982E-05 0.027677 0.0242773 0.0621904 9.9982E-05
0.88992 9.9982E-05 9.9982E-05 0.00717915 0.0548203 0.0478802
0.949194 0.00788116 9.9982E-05 0.00884546 9.9982E-05 0.0338796
0.9995 9.996E-05 9.996E-05 9.996E-05 9.996E-05 9.996E-05
0.986708 9.99731E-05 9.99731E-05 9.99731E-05 0.00579532 0.00719627
0.945727 0.00535832 9.9991E-05 0.0293957 0.014803 0.00461556
0.975278 9.99641E-05 9.99641E-05 9.99641E-05 9.99641E-05 0.0243217
0.9995 9.996E-05 9.996E-05 9.996E-05 9.996E-05 9.996E-05
0.732132 9.9991E-05 0.0705242 0.0852462 0.0790477 0.0329502
0.97713 9.99641E-05 0.0224697 9.99641E-05 9.99641E-05 9.99641E-05
0.92878 9.9982E-05 0.0291202 9.9982E-05 0.0385325 0.00336715
0.9995 9.996E-05 9.996E-05 9.996E-05 9.996E-05 9.996E-05
0.958158 9.99641E-05 0.0414419 9.99641E-05 9.99641E-05 9.99641E-05
0.9995 9.996E-05 9.996E-05 9.996E-05 9.996E-05 9.996E-05
0.9995 9.996E-05 9.996E-05 9.996E-05 9.996E-05 9.996E-05
0.979993 9.99731E-05 9.99731E-05 0.0170428 9.99731E-05 0.00266431
0.9995 9.996E-05 9.996E-05 9.996E-05 9.996E-05 9.996E-05
0.9995 9.996E-05 9.996E-05 9.996E-05 9.996E-05 9.996E-05
0.965375 9.99731E-05 0.031112 0.00321272 9.99731E-05 9.99731E-05
0.881991 9.99731E-05 0.0892825 9.99731E-05 9.99731E-05 0.0284268
0.94156 9.99641E-05 9.99641E-05 0.0580399 9.99641E-05 9.99641E-05
0.820513 9.9973E-05 0.109635 9.9973E-05 9.9973E-05 0.0695515
0.989221 9.99731E-05 9.99731E-05 9.99731E-05 0.00545084 0.00502835
0.9995 9.996E-05 9.996E-05 9.996E-05 9.996E-05 9.996E-05
0.9995 9.996E-05 9.996E-05 9.996E-05 9.996E-05 9.996E-05
0.9995 9.996E-05 9.996E-05 9.996E-05 9.996E-05 9.996E-05
0.9995 9.996E-05 9.996E-05 9.996E-05 9.996E-05 9.996E-05
0.995248 9.99641E-05 9.99641E-05 9.99641E-05 9.99641E-05 0.00435198
0.961433 9.99731E-05 9.99731E-05 0.0362816 0.00198533 9.99731E-05
0.932776 9.9991E-05 0.0150148 0.0244303 0.0063616 0.021317
0.940008 9.9982E-05 9.9982E-05 0.0369967 0.0188918 0.0039034
0.693807 0.023922 9.9991E-05 0.0582877 0.182196 0.0416878
0.865238 0.00224794 0.0388086 9.9991E-05 0.0839886 0.00961667
0.806876 0.0441159 0.0952042 0.0276669 9.9991E-05 0.0260372
0.76424 0.00440648 9.9991E-05 0.126036 0.0579493 0.0472684
0.801865 0.0522813 0.0410669 0.0232593 0.076507 0.00502078
0.840882 0.0378195 9.9991E-05 0.00745449 0.0989219 0.0148217
0.783033 0.0486891 9.9991E-05 0.097602 0.00166601 0.0689096
0.634312 0.0483984 0.0489376 0.0837368 0.141027 0.0435881
0.840382 0.00604995 0.0889386 9.9991E-05 0.0411377 0.0233919
0.751975 0.0488007 0.0578051 0.0348298 0.0597339 0.0468558
0.888787 0.0390276 0.0350845 0.0113595 9.9991E-05 0.0256415
0.808019 0.00834803 0.0394068 0.114626 0.0166271 0.0129738
0.767211 0.0148871 9.9982E-05 0.0648085 0.152893 9.9982E-05
0.884821 0.00575188 0.0370424 9.9991E-05 0.0699513 0.00233361
0.805019 0.0267524 0.0654915 0.0980848 0.00455207 9.9991E-05
0.864037 9.9991E-05 0.0366581 0.00229151 0.0512004 0.0457132
0.899623 9.9973E-05 9.9973E-05 0.0258936 0.0741839 9.9973E-05
0.850059 9.9982E-05 9.9982E-05 0.00537221 0.0217702 0.122598
0.841453 9.99731E-05 9.99731E-05 0.0583395 9.99731E-05 0.0999076
0.877856 9.9982E-05 9.9982E-05 0.0132644 0.0119243 0.0967557
0.557258 0.0746576 9.9991E-05 0.100091 0.184573 0.0833203
0.626783 0.021341 9.9991E-05 0.116338 0.157022 0.0784166
