0.840594 0.159306 9.9991E-05
0.953446 0.0464542 9.9991E-05
0.9998 9.999E-05 9.999E-05
0.652429 0.212091 0.13548
0.672288 0.19593 0.131782
0.865528 0.134372 9.9991E-05
0.9998 9.999E-05 9.999E-05
0.9998 9.999E-05 9.999E-05
0.9998 9.999E-05 9.999E-05
0.86682 0.131841 0.00133883
0.887736 9.9991E-05 0.112164
0.825354 9.9991E-05 0.174546
0.80399 9.9991E-05 0.19591
0.589866 9.9991E-05 0.410034
0.569412 0.0335355 0.397053
0.469673 0.0115849 0.518742
0.55068 9.9991E-05 0.44922
0.542363 9.9991E-05 0.457537
0.62688 9.9991E-05 0.37302
0.698614 9.9991E-05 0.301286
0.7209 9.9991E-05 0.279
0.684272 9.9991E-05 0.315628
0.54628 9.9991E-05 0.45362
0.060996 0.0110393 0.927965
0.074237 0.0286168 0.897146
0.0721549 9.9991E-05 0.927745
0.123385 9.9991E-05 0.876515
0.0840242 9.9991E-05 0.915876
0.0388268 9.9991E-05 0.961073
0.0147181 9.9991E-05 0.985182
0.00358065 9.9991E-05 0.996319
9.999E-05 9.999E-05 0.9998
0.0679039 9.9991E-05 0.931996
0.0485449 9.9991E-05 0.951355
0.152104 0.177366 0.67053
0.112163 0.136096 0.75174
0.120299 0.0265747 0.853126
9.9991E-05 0.226462 0.773438
0.0233201 0.210279 0.766401
9.9991E-05 0.1733 0.8266
9.9991E-05 0.119833 0.880067
0.0018437 0.196736 0.80142
9.9991E-05 0.145305 0.854595
0.00557993 0.138214 0.856206
0.00270502 0.179505 0.81779
9.9991E-05 0.152503 0.847397
0.0833329 0.169717 0.74695
0.00529558 0.120479 0.874225
9.9991E-05 0.103187 0.896713
9.9991E-05 0.197753 0.802147
0.0866766 0.316271 0.597052
9.9991E-05 0.209411 0.790489
9.9991E-05 0.27212 0.72778
0.0581594 0.355823 0.586017
0.000227834 0.293608 0.706165
0.0621854 0.337415 0.6004
9.9991E-05 0.239076 0.760824
9.9991E-05 0.21849 0.78141
9.9991E-05 0.278898 0.721002
0.0828942 0.281067 0.636039
9.9991E-05 0.232155 0.767745
9.9991E-05 0.212341 0.787559
9.9991E-05 0.243128 0.756772
0.0128661 0.244426 0.742708
9.9991E-05 0.19021 0.80969
9.9991E-05 0.277028 0.722872
9.9991E-05 0.291421 0.708479
9.9991E-05 0.239321 0.760579
9.9991E-05 0.320796 0.679104
9.9991E-05 0.279318 0.720582
9.9991E-05 0.419195 0.580705
9.9991E-05 0.338538 0.661362
9.9991E-05 0.339615 0.660285
9.9991E-05 0.327668 0.672232
0.013917 0.270038 0.716045
9.9991E-05 0.593461 0.406439
9.9991E-05 0.574841 0.425059
9.9991E-05 0.502189 0.497711
0.0560308 0.615135 0.328834
9.9991E-05 0.557757 0.442143
0.000640137 0.496897 0.502463
9.9991E-05 0.657189 0.342711
9.999E-05 0.9998 9.999E-05
9.9991E-05 0.981506 0.0183936
9.999E-05 0.9998 9.999E-05
9.999E-05 0.9998 9.999E-05
9.999E-05 0.9998 9.999E-05
9.9991E-05 0.848142 0.151758
9.9991E-05 0.939766 0.0601335
9.999E-05 0.9998 9.999E-05
9.9991E-05 0.996457 0.00344289
9.9991E-05 0.992519 0.00738146
9.999E-05 0.9998 9.999E-05
0.032027 0.967873 9.9991E-05
0.0223333 0.977567 9.9991E-05
