0.0131827 0.14347 9.9982E-05 9.9982E-05 0.7487 0.0402008 0.0542465
9.99551E-05 9.99551E-05 9.99551E-05 9.99551E-05 0.968042 0.0314584 9.99551E-05
9.995E-05 9.995E-05 9.995E-05 9.995E-05 0.9994 9.995E-05 9.995E-05
0.0146968 0.0987904 0.00600696 0.114977 0.598494 0.144933 0.0221015
0.0319892 0.233905 0.077647 9.9982E-05 0.595959 9.9982E-05 0.0602995
0.00727026 0.00519939 0.00796285 0.0835409 0.825213 0.0707134 9.9991E-05
9.995E-05 9.995E-05 9.995E-05 9.995E-05 0.9994 9.995E-05 9.995E-05
9.995E-05 9.995E-05 9.995E-05 9.995E-05 0.9994 9.995E-05 9.995E-05
9.995E-05 9.995E-05 9.995E-05 9.995E-05 0.9994 9.995E-05 9.995E-05
9.999E-05 0.0574147 0.0301864 0.076502 0.736136 0.0148552 0.0848054
9.99551E-05 9.99551E-05 9.99551E-05 9.99551E-05 0.166699 9.99551E-05 0.832801
9.99551E-05 9.99551E-05 9.99551E-05 9.99551E-05 0.118749 9.99551E-05 0.880751
9.99551E-05 9.99551E-05 9.99551E-05 9.99551E-05 0.0785249 9.99551E-05 0.920975
0.057463 9.99551E-05 9.99551E-05 9.99551E-05 9.99551E-05 9.99551E-05 0.942037
0.0180303 0.064167 9.9973E-05 9.9973E-05 9.9973E-05 0.0837352 0.833768
0.0317468 0.152425 0.0432012 0.0475216 0.00764949 0.0324757 0.68498
9.9964E-05 0.0240035 9.9964E-05 0.0580256 9.9964E-05 9.9964E-05 0.917571
0.0877288 9.9964E-05 9.9964E-05 0.0908531 9.9964E-05 9.9964E-05 0.821018
0.0703284 9.9973E-05 0.0169306 0.0393083 9.9973E-05 9.9973E-05 0.873133
0.9994 9.995E-05 9.995E-05 9.995E-05 9.995E-05 9.995E-05 9.995E-05
0.9994 9.995E-05 9.995E-05 9.995E-05 9.995E-05 9.995E-05 9.995E-05
0.987655 9.99551E-05 9.99551E-05 9.99551E-05 0.0118452 9.99551E-05 9.99551E-05
0.114081 9.9973E-05 0.0116793 0.0530063 9.9973E-05 9.9973E-05 0.820933
9.99641E-05 0.236489 9.99641E-05 0.725392 9.99641E-05 9.99641E-05 0.0377199
9.99731E-05 0.059946 0.0523629 0.871261 0.0161298 9.99731E-05 9.99731E-05
9.9982E-05 0.032195 9.9982E-05 0.858387 0.00185029 0.041282 0.0660862
0.00795584 0.0779811 9.9973E-05 0.861529 9.9973E-05 9.9973E-05 0.0522346
0.0367298 0.119316 9.9973E-05 0.783473 9.9973E-05 9.9973E-05 0.0601819
9.995E-05 9.995E-05 9.995E-05 0.9994 9.995E-05 9.995E-05 9.995E-05
9.995E-05 9.995E-05 9.995E-05 0.9994 9.995E-05 9.995E-05 9.995E-05
9.99551E-05 9.99551E-05 9.99551E-05 0.987793 9.99551E-05 0.0117075 9.99551E-05
9.99641E-05 0.0141264 9.99641E-05 0.984494 9.99641E-05 0.000979727 9.99641E-05
9.99551E-05 9.99551E-05 0.0153576 0.984143 9.99551E-05 9.99551E-05 9.99551E-05
0.0285707 9.99551E-05 9.99551E-05 0.97093 9.99551E-05 9.99551E-05 9.99551E-05
9.999E-05 0.128157 0.0226552 0.598262 0.0295877 0.112368 0.108871
0.0206107 0.385248 0.0741558 0.408487 0.0486311 0.00780822 0.0550589
0.029835 0.129888 9.9982E-05 0.7362 0.0786922 0.0251853 9.9982E-05
9.99731E-05 0.844147 9.99731E-05 0.0279206 9.99731E-05 0.0277607 0.0998713
0.0326974 0.659653 9.9982E-05 0.112356 9.9982E-05 0.126824 0.0682697
0.0343037 0.912256 9.99821E-05 0.0417553 0.00188791 9.99821E-05 0.00959711
9.9973E-05 0.775457 9.9973E-05 0.146892 9.9973E-05 0.0186252 0.0587256
9.9982E-05 0.822566 0.00669979 0.098079 0.00213541 9.9982E-05 0.0703198
9.99641E-05 0.950245 9.99641E-05 9.99641E-05 0.0249857 9.99641E-05 0.024369
0.0464006 0.777443 0.0163522 0.112931 9.9982E-05 9.9982E-05 0.046674
0.0108083 0.657288 9.9991E-05 0.203949 0.00490771 0.113239 0.00970879
9.99731E-05 0.953989 0.00137303 9.99731E-05 0.0112028 9.99731E-05 0.0331348
0.000604979 0.599508 9.9982E-05 0.294087 0.0772843 0.0283157 9.9982E-05
0.0164579 0.76454 0.0205216 0.187642 9.9982E-05 9.9982E-05 0.0106385
9.99641E-05 0.874749 9.99641E-05 0.0796922 9.99641E-05 9.99641E-05 0.0451589
0.0258144 0.807787 0.0154235 0.134537 9.9982E-05 0.0162379 9.9982E-05
0.0364755 0.422107 0.0292727 0.247489 0.0335161 0.170337 0.0608029
0.00668353 0.872345 9.9973E-05 0.0978029 0.022869 9.9973E-05 9.9973E-05
0.0307752 0.742043 9.9982E-05 0.0949702 9.9982E-05 0.104889 0.0271227
9.9991E-05 0.608935 0.00389972 0.0858068 0.0505054 0.165024 0.0857285
9.9982E-05 0.763385 9.9982E-05 0.0414709 0.00103894 0.136511 0.0573938
9.9982E-05 0.843942 0.0404133 9.9982E-05 0.00891853 0.0480313 0.0584949
0.00298391 0.853379 0.0364374 0.091475 0.0155246 9.9982E-05 9.9982E-05
0.0396087 0.912712 0.000788135 0.0465915 9.99731E-05 9.99731E-05 9.99731E-05
0.0439785 0.718035 0.0394537 0.114116 0.0244958 0.0598214 9.9991E-05
0.0316669 0.758425 9.9982E-05 0.0675329 0.0430606 0.0991143 9.9982E-05
9.99731E-05 0.920128 0.0072211 0.0602176 9.99731E-05 0.0121335 9.99731E-05
0.00759673 0.852004 0.00946949 0.116939 0.00821922 0.00567127 9.9991E-05
9.99551E-05 0.984868 9.99551E-05 9.99551E-05 9.99551E-05 9.99551E-05 0.0146321
0.0118509 0.67782 0.0467874 0.109483 0.0306795 0.0658479 0.0575316
0.0274377 0.829533 9.9973E-05 0.122631 9.9973E-05 0.0200981 9.9973E-05
9.99731E-05 0.909981 0.0656246 9.99731E-05 0.0112108 9.99731E-05 0.0128837
9.99551E-05 0.980159 9.99551E-05 9.99551E-05 0.0193409 9.99551E-05 9.99551E-05
9.99551E-05 0.95011 0.0493901 9.99551E-05 9.99551E-05 9.99551E-05 9.99551E-05
9.9982E-05 0.83031 0.0241431 0.0633271 0.0182115 0.0638086 9.9982E-05
0.0441581 0.873175 0.0822674 9.99641E-05 9.99641E-05 9.99641E-05 9.99641E-05
9.99641E-05 0.806545 0.00052491 9.99641E-05 9.99641E-05 0.192531 9.99641E-05
9.99551E-05 0.881391 9.99551E-05 9.99551E-05 9.99551E-05 0.118109 9.99551E-05
9.99641E-05 0.957116 0.0255503 9.99641E-05 9.99641E-05 0.0169334 9.99641E-05
0.00466393 0.889133 0.0144885 9.9982E-05 9.9982E-05 0.0877203 0.00379464
0.0362476 0.888943 0.00598137 9.9982E-05 0.0065604 0.062068 9.9982E-05
9.99641E-05 0.53261 9.99641E-05 9.99641E-05 0.00727111 0.459719 9.99641E-05
0.0236042 0.539034 9.99641E-05 9.99641E-05 9.99641E-05 0.436962 9.99641E-05
0.023259 0.574005 0.0154071 0.0240631 9.9982E-05 0.363066 9.9982E-05
0.00499084 0.135927 9.9982E-05 0.130707 9.9982E-05 0.687563 0.0406121
9.99641E-05 0.664394 0.0301224 9.99641E-05 9.99641E-05 0.305084 9.99641E-05
0.0220293 0.575865 9.9982E-05 0.0198598 0.00359363 0.378452 9.9982E-05
9.99551E-05 0.511087 9.99551E-05 9.99551E-05 9.99551E-05 0.488413 9.99551E-05
9.995E-05 9.995E-05 9.995E-05 9.995E-05 9.995E-05 0.9994 9.995E-05
0.000143251 0.0381697 0.0355467 9.9973E-05 9.9973E-05 0.92584 9.9973E-05
9.995E-05 9.995E-05 9.995E-05 9.995E-05 9.995E-05 0.9994 9.995E-05
9.99551E-05 9.99551E-05 0.0327831 9.99551E-05 9.99551E-05 0.966717 9.99551E-05
9.99551E-05 9.99551E-05 0.0344746 9.99551E-05 9.99551E-05 0.965026 9.99551E-05
0.0137192 0.0746048 0.055436 0.0314536 9.9982E-05 0.824586 9.9982E-05
9.9964E-05 9.9964E-05 9.9964E-05 0.0395963 0.0104464 0.949558 9.9964E-05
9.99551E-05 9.99551E-05 0.016327 9.99551E-05 9.99551E-05 0.983173 9.99551E-05
9.995E-05 9.995E-05 9.995E-05 9.995E-05 9.995E-05 0.9994 9.995E-05
9.99551E-05 9.99551E-05 0.0862859 9.99551E-05 9.99551E-05 0.913214 9.99551E-05
9.995E-05 9.995E-05 0.9994 9.995E-05 9.995E-05 9.995E-05 9.995E-05
9.9973E-05 0.0302484 0.954769 0.0112612 0.00342146 9.9973E-05 9.9973E-05
9.995E-05 9.995E-05 0.9994 9.995E-05 9.995E-05 9.995E-05 9.995E-05
