9.9973E-05 0.782563 0.0265699 0.0489944 9.9973E-05 9.9973E-05 0.141572
9.99551E-05 0.979622 9.99551E-05 0.0198786 9.99551E-05 9.99551E-05 9.99551E-05
9.995E-05 0.9994 9.995E-05 9.995E-05 9.995E-05 9.995E-05 9.995E-05
0.0197881 0.610909 0.0115094 0.0969194 0.132208 0.0456185 0.083048
0.0586516 0.633731 0.00622696 0.0166008 0.0590101 0.0635602 0.162219
0.0367443 0.813794 9.9982E-05 0.123675 0.00934482 0.0162427 9.9982E-05
9.995E-05 0.9994 9.995E-05 9.995E-05 9.995E-05 9.995E-05 9.995E-05
0.0208167 0.978683 9.99551E-05 9.99551E-05 9.99551E-05 9.99551E-05 9.99551E-05
9.995E-05 0.9994 9.995E-05 9.995E-05 9.995E-05 9.995E-05 9.995E-05
0.128663 0.74069 9.9973E-05 9.9973E-05 9.9973E-05 0.0552161 0.0751303
0.834865 0.164636 9.9955E-05 9.9955E-05 9.9955E-05 9.9955E-05 9.9955E-05
0.942184 0.0573158 9.99551E-05 9.99551E-05 9.99551E-05 9.99551E-05 9.99551E-05
0.979123 0.0203775 9.99551E-05 9.99551E-05 9.99551E-05 9.99551E-05 9.99551E-05
0.905865 9.9973E-05 0.0688095 9.9973E-05 0.0213074 0.00371865 9.9973E-05
0.787368 9.9973E-05 0.0452178 0.110236 9.9973E-05 9.9973E-05 0.0568783
0.707138 9.9991E-05 0.00729811 0.00550406 0.0479536 0.0258115 0.206195
0.88819 9.9964E-05 9.9964E-05 9.9964E-05 0.0340973 9.9964E-05 0.0773131
0.809004 9.9964E-05 0.0594157 9.9964E-05 0.131181 9.9964E-05 9.9964E-05
0.873623 9.9964E-05 0.0782991 9.9964E-05 0.0476779 9.9964E-05 9.9964E-05
9.995E-05 9.995E-05 0.9994 9.995E-05 9.995E-05 9.995E-05 9.995E-05
9.995E-05 9.995E-05 0.9994 9.995E-05 9.995E-05 9.995E-05 9.995E-05
9.9973E-05 0.0180136 0.96918 0.00797735 0.00452953 9.9973E-05 9.9973E-05
0.724894 9.9964E-05 0.142447 9.9964E-05 0.13226 9.9964E-05 9.9964E-05
0.0520734 9.99641E-05 9.99641E-05 9.99641E-05 0.703201 9.99641E-05 0.244326
9.9991E-05 0.0349554 0.0174994 0.000842021 0.828523 0.0314108 0.0866698
0.0147814 0.00521123 0.00697501 0.00215136 0.884794 9.9991E-05 0.0859866
0.0886885 0.0145578 0.00406038 9.9991E-05 0.719392 0.0242615 0.14894
0.0478541 9.9982E-05 0.017986 9.9982E-05 0.79235 0.00815775 0.133452
9.995E-05 9.995E-05 9.995E-05 9.995E-05 0.9994 9.995E-05 9.995E-05
9.995E-05 9.995E-05 9.995E-05 9.995E-05 0.9994 9.995E-05 9.995E-05
9.995E-05 9.995E-05 9.995E-05 9.995E-05 0.9994 9.995E-05 9.995E-05
9.99551E-05 9.99551E-05 9.99551E-05 9.99551E-05 0.973321 9.99551E-05 0.0261795
9.995E-05 9.995E-05 9.995E-05 9.995E-05 0.9994 9.995E-05 9.995E-05
9.99641E-05 9.99641E-05 0.00841672 9.99641E-05 0.959929 9.99641E-05 0.031254
0.114292 0.0435514 0.0129922 0.139164 0.476098 0.0121087 0.201794
0.0799772 0.0601008 0.00195938 9.9991E-05 0.341881 0.0536917 0.46229
9.9973E-05 0.0894079 9.9973E-05 9.9973E-05 0.685964 0.0539803 0.170347
0.0536108 9.9982E-05 0.0113257 0.0859503 0.113189 9.9982E-05 0.735724
0.0307292 9.9982E-05 0.0327158 0.153171 0.218651 9.9982E-05 0.564533
9.99731E-05 0.0230307 0.0262041 9.99731E-05 0.0825757 9.99731E-05 0.86789
0.0620908 9.9991E-05 0.0132245 0.00408008 0.152155 0.00112973 0.76722
0.0318867 0.0155664 0.0233893 0.0237033 0.129253 0.00819489 0.768006
0.0555764 9.99641E-05 9.99641E-05 9.99641E-05 0.0546712 9.99641E-05 0.889352
0.0541032 9.9982E-05 0.0302191 0.0202235 0.166551 9.9982E-05 0.728703
9.9982E-05 0.00343629 0.0377418 0.0570992 0.247486 9.9982E-05 0.654037
0.0121866 0.0161485 9.99731E-05 9.99731E-05 0.0111433 9.99731E-05 0.960222
9.9982E-05 0.106249 0.0013579 9.9982E-05 0.289174 0.00752436 0.595495
0.0710293 9.9982E-05 0.014129 9.9982E-05 0.120772 0.00793173 0.785938
0.0149369 9.99731E-05 0.000805912 9.99731E-05 0.172193 9.99731E-05 0.811764
9.99641E-05 9.99641E-05 0.0163716 9.99641E-05 0.0497576 9.99641E-05 0.933471
0.0452698 0.0489107 0.0558095 0.0934961 0.230711 0.0403146 0.485488
9.9973E-05 0.019477 0.0106264 9.9973E-05 0.067226 9.9973E-05 0.902371
9.9982E-05 0.0191868 0.0193154 0.0888782 0.0864987 9.9982E-05 0.785921
0.0618709 0.0554022 9.9991E-05 0.0585001 0.0176931 0.0541254 0.752308
0.0398031 0.0157648 9.9982E-05 0.096705 0.0269114 9.9982E-05 0.820616
0.104964 0.00649711 9.9982E-05 0.053759 9.9982E-05 0.00696276 0.827617
9.9982E-05 0.0260247 0.0239539 0.0148058 9.9982E-05 0.0593054 0.87571
9.9982E-05 9.9982E-05 0.0277911 0.0818927 0.108884 0.00388098 0.777351
9.9982E-05 9.9982E-05 0.0499065 0.0465833 0.104055 0.0395124 0.759743
0.00603447 0.048993 0.0317636 0.0516385 0.0679362 9.9991E-05 0.793534
9.99641E-05 9.99641E-05 9.99641E-05 9.99641E-05 0.0316046 0.013199 0.954797
9.99641E-05 0.0195679 9.99641E-05 9.99641E-05 0.0900161 9.99641E-05 0.890016
0.0259484 9.99641E-05 9.99641E-05 0.0311164 9.99641E-05 9.99641E-05 0.942535
0.0344971 0.0303754 9.9991E-05 0.106044 0.0729335 0.0153988 0.740651
9.9973E-05 9.9973E-05 0.0259734 0.0109206 0.0844822 9.9973E-05 0.878324
9.99641E-05 9.99641E-05 9.99641E-05 9.99641E-05 0.0458513 0.0523298 0.901419
9.99641E-05 0.0357555 9.99641E-05 0.00349268 9.99641E-05 9.99641E-05 0.960352
9.99551E-05 9.99551E-05 9.99551E-05 9.99551E-05 9.99551E-05 0.0261799 0.97332
9.9982E-05 0.016935 9.9982E-05 0.0234445 0.0454853 0.0239928 0.889942
0.0333372 9.9973E-05 0.00761623 9.9973E-05 9.9973E-05 0.112885 0.845862
9.99641E-05 9.99641E-05 9.99641E-05 0.126822 9.99641E-05 0.0163031 0.856475
9.99551E-05 9.99551E-05 9.99551E-05 0.0778588 9.99551E-05 9.99551E-05 0.921641
9.99551E-05 9.99551E-05 9.99551E-05 9.99551E-05 9.99551E-05 0.0114975 0.988003
0.00323199 9.9973E-05 9.9973E-05 0.0805467 9.9973E-05 0.00512541 0.910796
0.0241678 0.0153164 9.9982E-05 0.0456073 9.9982E-05 0.021437 0.893271
9.99641E-05 0.00282308 9.99641E-05 0.403515 9.99641E-05 9.99641E-05 0.593262
9.99731E-05 9.99731E-05 0.0109452 0.380097 9.99731E-05 0.00164098 0.607017
9.99731E-05 9.99731E-05 9.99731E-05 0.274258 0.00571637 0.0244286 0.695297
0.0939832 9.9973E-05 9.9973E-05 0.643081 0.0507639 9.9973E-05 0.211872
9.9973E-05 0.00826879 9.9973E-05 0.320475 9.9973E-05 0.0344449 0.636511
0.00200185 0.00880989 0.0144486 0.420954 0.034973 9.9991E-05 0.518713
9.99641E-05 0.00774286 9.99641E-05 0.496984 9.99641E-05 9.99641E-05 0.494873
9.995E-05 9.995E-05 9.995E-05 0.9994 9.995E-05 9.995E-05 9.995E-05
0.00396199 9.99731E-05 9.99731E-05 0.954239 9.99731E-05 0.0389704 0.00252873
9.995E-05 9.995E-05 9.995E-05 0.9994 9.995E-05 9.995E-05 9.995E-05
9.99551E-05 9.99551E-05 9.99551E-05 0.97278 9.99551E-05 0.0267202 9.99551E-05
9.99551E-05 9.99551E-05 9.99551E-05 0.988936 9.99551E-05 0.0105642 9.99551E-05
9.9982E-05 9.9982E-05 0.0127512 0.796438 0.0627143 0.034719 0.0931773
9.9973E-05 0.0038515 9.9973E-05 0.960138 0.0158412 0.0198691 9.9973E-05
9.99551E-05 9.99551E-05 9.99551E-05 0.994248 9.99551E-05 0.00525261 9.99551E-05
9.995E-05 9.995E-05 9.995E-05 0.9994 9.995E-05 9.995E-05 9.995E-05
9.9964E-05 9.9964E-05 0.00311472 0.950455 9.9964E-05 0.04603 9.9964E-05
9.995E-05 9.995E-05 9.995E-05 9.995E-05 9.995E-05 0.9994 9.995E-05
9.995E-05 9.995E-05 9.995E-05 9.995E-05 9.995E-05 0.9994 9.995E-05
9.995E-05 9.995E-05 9.995E-05 9.995E-05 9.995E-05 0.9994 9.995E-05
