0.0516784 9.99371E-05 9.99371E-05 9.99371E-05 9.99371E-05 9.99371E-05 9.99371E-05 0.947622 9.99371E-05
9.99371E-05 9.99371E-05 9.99371E-05 9.99371E-05 0.00352277 9.99371E-05 9.99371E-05 0.995778 9.99371E-05
9.99461E-05 9.99461E-05 9.99461E-05 0.0127533 0.165956 9.99461E-05 9.99461E-05 0.820692 9.99461E-05
9.9955E-05 9.9955E-05 0.0472513 9.9955E-05 9.9955E-05 0.0471424 9.9955E-05 0.818744 0.0863629
0.0903813 0.0211731 9.9955E-05 9.9955E-05 9.9955E-05 9.9955E-05 9.9955E-05 0.849938 0.0380075
9.99371E-05 9.99371E-05 9.99371E-05 9.99371E-05 9.99371E-05 0.0140213 9.99371E-05 0.985279 9.99371E-05
9.993E-05 9.993E-05 9.993E-05 9.993E-05 0.999201 9.993E-05 9.993E-05 9.993E-05 9.993E-05
9.99551E-05 9.99551E-05 9.99551E-05 0.0325708 0.869759 9.99551E-05 0.0226631 0.0745076 9.99551E-05
9.993E-05 9.993E-05 9.993E-05 9.993E-05 0.999201 9.993E-05 9.993E-05 9.993E-05 9.993E-05
0.0998321 9.9982E-05 0.0281568 0.00516027 0.613562 0.0222611 0.135604 0.0952233 9.9982E-05
9.99371E-05 9.99371E-05 9.99371E-05 0.958872 0.0404283 9.99371E-05 9.99371E-05 9.99371E-05 9.99371E-05
9.993E-05 9.993E-05 9.993E-05 0.999201 9.993E-05 9.993E-05 9.993E-05 9.993E-05 9.993E-05
9.99461E-05 9.99461E-05 0.00325112 0.995103 9.99461E-05 9.99461E-05 0.00104656 9.99461E-05 9.99461E-05
9.99372E-05 0.0382275 9.99372E-05 9.99372E-05 9.99372E-05 9.99372E-05 0.961073 9.99372E-05 9.99372E-05
0.0583721 9.99551E-05 9.99551E-05 9.99551E-05 9.99551E-05 0.0357288 0.873011 0.0323882 9.99551E-05
0.0679852 9.9973E-05 9.9973E-05 9.9973E-05 0.0121768 0.00356486 0.762432 0.0093412 0.1442
9.993E-05 9.993E-05 9.993E-05 9.993E-05 9.993E-05 9.993E-05 0.999201 9.993E-05 9.993E-05
9.99461E-05 0.00664514 0.0148207 9.99461E-05 9.99461E-05 9.99461E-05 0.977934 9.99461E-05 9.99461E-05
9.99551E-05 0.025925 9.99551E-05 0.0128825 0.0137329 9.99551E-05 0.94696 9.99551E-05 9.99551E-05
9.993E-05 0.999201 9.993E-05 9.993E-05 9.993E-05 9.993E-05 9.993E-05 9.993E-05 9.993E-05
9.99461E-05 0.986687 9.99461E-05 9.99461E-05 0.00755464 9.99461E-05 0.00515863 9.99461E-05 9.99461E-05
9.99551E-05 0.984063 9.99551E-05 0.000212113 0.0018014 0.0134235 9.99551E-05 9.99551E-05 9.99551E-05
9.99371E-05 0.0358484 9.99371E-05 9.99371E-05 9.99371E-05 9.99371E-05 0.963452 9.99371E-05 9.99371E-05
0.313771 0.0024979 0.564171 9.9973E-05 9.9973E-05 0.00604126 0.0800868 9.9973E-05 0.033132
0.176877 0.00542451 0.748664 9.9973E-05 0.0080422 0.0280405 9.9973E-05 0.0326515 9.9973E-05
0.0139398 9.9973E-05 0.863675 9.9973E-05 9.9973E-05 0.0362846 0.0576917 0.00311561 0.0249938
0.222666 0.000592937 0.691074 0.014243 9.9973E-05 9.9973E-05 0.0296941 0.0414302 9.9973E-05
0.0123633 0.0424406 0.77092 0.0220901 9.9973E-05 9.9973E-05 0.0158315 9.9973E-05 0.136054
9.993E-05 9.993E-05 0.999201 9.993E-05 9.993E-05 9.993E-05 9.993E-05 9.993E-05 9.993E-05
9.993E-05 9.993E-05 0.999201 9.993E-05 9.993E-05 9.993E-05 9.993E-05 9.993E-05 9.993E-05
9.99371E-05 9.99371E-05 0.995727 9.99371E-05 9.99371E-05 9.99371E-05 9.99371E-05 9.99371E-05 0.00357383
9.99371E-05 9.99371E-05 0.975082 9.99371E-05 9.99371E-05 9.99371E-05 9.99371E-05 9.99371E-05 0.0242186
9.99461E-05 9.99461E-05 0.961132 9.99461E-05 9.99461E-05 9.99461E-05 0.00405547 0.0342126 9.99461E-05
0.108513 0.00870212 0.849123 0.00162881 0.0316335 9.99641E-05 9.99641E-05 9.99641E-05 9.99641E-05
0.0561605 9.9982E-05 0.489117 0.0262402 9.9982E-05 0.129428 0.117255 0.0637383 0.117862
0.160313 0.00712299 0.412412 0.026972 9.9982E-05 0.0302119 9.9982E-05 0.116217 0.246551
9.9973E-05 9.9973E-05 0.635824 0.0250379 9.9973E-05 0.0467486 0.027458 0.0934193 0.171212
0.684341 0.00845301 9.9973E-05 0.0151767 9.9973E-05 0.0324555 0.0355861 9.9973E-05 0.223688
0.760555 0.0219601 0.0930697 0.02048 9.9973E-05 0.0858257 9.9973E-05 9.9973E-05 0.0178093
0.999201 9.993E-05 9.993E-05 9.993E-05 9.993E-05 9.993E-05 9.993E-05 9.993E-05 9.993E-05
0.753719 9.99461E-05 9.99461E-05 9.99461E-05 9.99461E-05 9.99461E-05 0.0548453 9.99461E-05 0.190836
0.723295 9.99641E-05 0.0767628 9.99641E-05 9.99641E-05 0.0126352 0.0540795 9.99641E-05 0.132828
0.999201 9.993E-05 9.993E-05 9.993E-05 9.993E-05 9.993E-05 9.993E-05 9.993E-05 9.993E-05
0.98592 0.0133801 9.99371E-05 9.99371E-05 9.99371E-05 9.99371E-05 9.99371E-05 9.99371E-05 9.99371E-05
0.902972 9.9973E-05 0.0461137 0.00895574 0.000381304 0.0247782 9.9973E-05 0.0164987 9.9973E-05
0.999201 9.993E-05 9.993E-05 9.993E-05 9.993E-05 9.993E-05 9.993E-05 9.993E-05 9.993E-05
0.590307 0.00331963 0.174704 9.9973E-05 9.9973E-05 9.9973E-05 0.00473385 0.0829433 0.143692
0.691174 0.0123579 0.115499 9.99641E-05 9.99641E-05 9.99641E-05 0.0142634 9.99641E-05 0.166306
9.99462E-05 9.99462E-05 0.133088 0.0495038 9.99462E-05 9.99462E-05 9.99462E-05 9.99462E-05 0.816808
0.156472 0.0110561 0.0977545 9.9973E-05 0.000750803 9.9973E-05 0.0262877 9.9973E-05 0.707378
0.204552 0.00662265 0.0925587 0.00366555 0.0455674 0.136461 0.107973 0.029055 0.373544
0.408677 0.00553175 0.0849334 0.02884 0.00119955 9.9973E-05 9.9973E-05 9.9973E-05 0.470519
0.213567 0.0287274 0.0242457 0.0229129 0.0129796 0.00971668 0.0131092 9.9991E-05 0.674641
0.237844 9.9973E-05 0.071298 9.9973E-05 0.0328876 0.161906 0.135778 9.9973E-05 0.359986
0.0904807 0.00208847 9.99731E-05 0.0616134 9.99731E-05 0.00066549 9.99731E-05 0.0356971 0.809155
0.233895 9.9973E-05 9.9973E-05 0.0358861 9.9973E-05 0.0495328 0.00431883 0.035724 0.640344
0.328774 0.00307914 9.9991E-05 0.00486457 0.0383014 0.0601809 0.000398196 0.00383359 0.560469
0.399472 0.0312725 0.0685044 9.99731E-05 0.0025644 0.0296988 9.99731E-05 9.99731E-05 0.468188
0.319022 0.036358 0.10549 9.9964E-05 9.9964E-05 0.100566 9.9964E-05 9.9964E-05 0.438164
9.9973E-05 0.0184468 0.0369171 9.9973E-05 9.9973E-05 0.0211165 0.0824566 0.050689 0.790074
9.99461E-05 9.99461E-05 0.0108931 0.0460551 9.99461E-05 9.99461E-05 9.99461E-05 9.99461E-05 0.942452
0.174531 0.000714315 0.11045 9.9982E-05 0.00392524 9.9982E-05 0.0127747 0.0133867 0.684018
0.175076 9.99461E-05 9.99461E-05 9.99461E-05 9.99461E-05 9.99461E-05 0.0533132 9.99461E-05 0.771011
0.133878 0.00940823 0.0855208 9.9982E-05 0.024292 0.0601006 0.0597726 9.9982E-05 0.626828
0.524977 0.0124842 0.0333416 9.99551E-05 9.99551E-05 9.99551E-05 9.99551E-05 9.99551E-05 0.428698
9.99461E-05 9.99461E-05 0.0418079 9.99461E-05 9.99461E-05 9.99461E-05 0.0498873 9.99461E-05 0.907705
9.99461E-05 9.99461E-05 9.99461E-05 0.00731031 0.0279099 9.99461E-05 9.99461E-05 9.99461E-05 0.96418
0.202137 9.99461E-05 9.99461E-05 9.99461E-05 9.99461E-05 9.99461E-05 0.0219722 9.99461E-05 0.775291
9.99551E-05 9.99551E-05 0.0523444 0.0387622 0.012089 9.99551E-05 9.99551E-05 9.99551E-05 0.896305
9.9973E-05 0.0250502 0.0160264 9.9973E-05 9.9973E-05 0.0280166 0.0419758 0.0163774 0.872254
0.00357578 9.99551E-05 9.99551E-05 9.99551E-05 0.00173662 0.0432037 9.99551E-05 9.99551E-05 0.950984
9.99461E-05 9.99461E-05 0.00233687 9.99461E-05 9.99461E-05 0.0178726 9.99461E-05 9.99461E-05 0.979191
9.993E-05 9.993E-05 9.993E-05 9.993E-05 9.993E-05 9.993E-05 9.993E-05 9.993E-05 0.999201
0.234879 9.99551E-05 9.99551E-05 0.0012957 9.99551E-05 0.00191284 9.99551E-05 9.99551E-05 0.761413
0.0690238 0.0313358 9.9964E-05 9.9964E-05 9.9964E-05 0.02117 0.0752966 9.9964E-05 0.802774
9.99641E-05 9.99641E-05 9.99641E-05 0.0125773 0.00916439 0.268201 9.99641E-05 0.00809001 0.701567
9.99461E-05 0.0135944 9.99461E-05 9.99461E-05 9.99461E-05 0.266519 9.99461E-05 9.99461E-05 0.719287
9.99461E-05 0.0182236 9.99461E-05 9.99461E-05 9.99461E-05 0.172865 9.99461E-05 9.99461E-05 0.808311
9.9964E-05 9.9964E-05 0.0305311 9.9964E-05 9.9964E-05 0.488759 0.0373881 0.0276951 0.415227
9.99551E-05 9.99551E-05 9.99551E-05 0.0125141 9.99551E-05 0.212117 9.99551E-05 0.0173435 0.757525
0.0124584 0.0163049 0.00691141 9.9991E-05 0.00372863 0.260543 0.0149747 0.00407489 0.680904
9.99461E-05 9.99461E-05 9.99461E-05 9.99461E-05 9.99461E-05 0.25183 9.99461E-05 0.0205814 0.726989
9.99372E-05 9.99372E-05 9.99372E-05 9.99372E-05 9.99372E-05 0.933379 9.99372E-05 9.99372E-05 0.065921
0.148085 9.99461E-05 9.99461E-05 9.99461E-05 9.99461E-05 0.850885 9.99461E-05 9.99461E-05 0.000430181
0.0781824 9.99371E-05 9.99371E-05 9.99371E-05 9.99371E-05 0.921118 9.99371E-05 9.99371E-05 9.99371E-05
9.99462E-05 9.99462E-05 9.99462E-05 9.99462E-05 0.00799379 0.974035 9.99462E-05 9.99462E-05 0.0173716
9.9964E-05 0.00533985 0.0143822 0.00180685 9.9964E-05 0.899291 9.9964E-05 9.9964E-05 0.0787798
0.0235228 9.9964E-05 0.0421963 9.9964E-05 9.9964E-05 0.809355 0.0173944 9.9964E-05 0.107131
9.9955E-05 9.9955E-05 0.00940684 9.9955E-05 9.9955E-05 0.819985 9.9955E-05 0.0119204 0.158188
0.000601666 9.99641E-05 0.0190113 9.99641E-05 9.99641E-05 0.958021 0.00110736 9.99641E-05 0.0208586
0.0666716 9.99461E-05 9.99461E-05 9.99461E-05 9.99461E-05 0.901684 9.99461E-05 9.99461E-05 0.0310448
9.99461E-05 9.99461E-05 0.00684026 9.99461E-05 9.99461E-05 0.920456 9.99461E-05 9.99461E-05 0.0721038
9.993E-05 9.993E-05 9.993E-05 9.993E-05 9.993E-05 0.999201 9.993E-05 9.993E-05 9.993E-05
9.9964E-05 9.9964E-05 9.9964E-05 0.0221893 0.0102089 0.935276 0.0166034 0.0153229 9.9964E-05
9.993E-05 9.993E-05 9.993E-05 9.993E-05 9.993E-05 0.999201 9.993E-05 9.993E-05 9.993E-05
