0.0534742 0.253147 0.0241838 0.664689 0.00450583
0.0814357 9.9991E-05 0.0284414 0.863381 0.0266422
0.120658 9.9991E-05 0.0100227 0.850366 0.0188534
0.121057 9.9973E-05 9.9973E-05 0.878643 9.9973E-05
0.0628692 0.0220806 0.0152859 0.861684 0.03808
9.9973E-05 9.9973E-05 0.0017354 0.997965 9.9973E-05
9.997E-05 9.997E-05 9.997E-05 0.9996 9.997E-05
9.9973E-05 9.9973E-05 0.00420653 0.995494 9.9973E-05
0.165518 9.9982E-05 0.0274927 0.806789 9.9982E-05
0.00897719 9.9982E-05 0.00978165 0.981041 9.9982E-05
0.0395545 0.0329754 9.9991E-05 0.887939 0.0394311
0.105267 9.9982E-05 0.0147119 0.879821 9.9982E-05
0.1187 9.9991E-05 0.015327 0.82871 0.0371627
0.161767 0.153165 0.00527639 0.675443 0.00434841
0.156992 9.9991E-05 0.0161389 0.723246 0.103523
0.135233 0.0851124 0.0102539 0.736163 0.0332379
0.139417 0.021762 0.0146272 0.824094 9.9991E-05
0.0738504 0.00472916 9.9982E-05 0.92122 9.9982E-05
0.151009 0.0754004 0.0219077 0.671108 0.0805749
0.0907087 9.99731E-05 9.99731E-05 0.908991 9.99731E-05
0.120324 9.9982E-05 9.9982E-05 0.836367 0.0431088
0.0833935 9.9982E-05 9.9982E-05 0.882214 0.0341923
0.100493 0.0689011 0.0111039 0.768709 0.0507938
0.140073 9.9982E-05 0.0374955 0.822231 9.9982E-05
0.152976 9.9973E-05 9.9973E-05 0.846724 9.9973E-05
0.0382021 0.0705578 0.0109539 0.880186 9.9991E-05
0.0178816 0.00205136 9.9982E-05 0.979867 9.9982E-05
0.147128 0.0358652 0.0343861 0.78252 9.9991E-05
0.116741 9.9991E-05 0.00192239 0.838473 0.0427634
0.00594622 9.9991E-05 0.0399406 0.255927 0.698086
9.997E-05 9.997E-05 0.9996 9.997E-05 9.997E-05
0.0207857 0.0367703 0.0686894 0.278247 0.595508
0.609607 9.9982E-05 0.0144907 0.375703 9.9982E-05
0.602013 0.020455 0.00800001 0.35589 0.0136418
0.622693 0.0137763 0.029996 0.333435 9.9991E-05
0.627773 9.9982E-05 9.9982E-05 0.328818 0.0432085
0.559504 0.0913909 0.0040761 0.344929 9.9991E-05
0.567131 0.0281706 9.9982E-05 0.404498 9.9982E-05
0.535408 9.9982E-05 9.9982E-05 0.393938 0.0704536
0.633636 9.99731E-05 9.99731E-05 0.366064 9.99731E-05
0.664901 9.9991E-05 0.00603269 0.234031 0.0949361
0.666368 9.9973E-05 9.9973E-05 0.333332 9.9973E-05
0.582629 0.058853 0.0139309 0.344487 9.9991E-05
0.566054 0.0594545 0.00927011 0.35849 0.00673156
0.585247 9.9982E-05 9.9982E-05 0.40063 0.0139232
0.618042 0.0367843 9.9991E-05 0.297348 0.0477252
0.0471885 0.0476106 0.0426092 9.9991E-05 0.862492
9.9982E-05 0.0610636 0.0050798 9.9982E-05 0.933657
9.9991E-05 0.273607 0.0337599 0.217029 0.475505
9.9991E-05 0.143907 0.00868765 0.0657711 0.781535
9.9973E-05 0.195256 9.9973E-05 9.9973E-05 0.804445
9.9982E-05 0.198539 0.0287453 9.9982E-05 0.772516
0.671779 0.0375283 0.0101548 0.280438 9.9991E-05
0.618903 9.9982E-05 9.9982E-05 0.314182 0.0667143
0.572065 9.9991E-05 0.0176734 0.318466 0.0916955
0.610776 9.9991E-05 0.026424 0.357432 0.00526818
0.748649 9.9982E-05 0.000486948 0.250664 9.9982E-05
0.688185 9.99731E-05 9.99731E-05 0.311515 9.99731E-05
0.628879 9.9991E-05 0.00805185 0.347784 0.0151854
0.625832 9.9991E-05 0.0116085 0.26914 0.0933194
0.614988 9.9982E-05 9.9982E-05 0.301058 0.0837546
0.59545 9.9991E-05 0.00218917 0.384497 0.017764
0.550448 0.100199 0.0341873 0.315066 9.9991E-05
0.674412 0.0244027 0.0294025 0.259492 0.012291
0.54675 0.107092 0.00376201 0.307683 0.0347124
0.682376 0.0254377 0.00244327 0.289643 9.9991E-05
0.531973 0.0128531 0.00341736 0.319736 0.132021
0.636562 9.9991E-05 0.0212353 0.314189 0.0279135
0.709333 9.9991E-05 0.0231408 0.232392 0.0350337
0.72955 9.9991E-05 0.00319089 0.244064 0.0230952
0.629457 9.9982E-05 0.0133207 0.357022 9.9982E-05
0.638716 0.0270739 0.00842961 0.325681 9.9991E-05
0.697465 0.066627 0.00878498 0.186893 0.04023
0.767404 0.0230003 0.00724465 0.186779 0.0155721
0.860907 9.9973E-05 9.9973E-05 0.138793 9.9973E-05
0.658353 0.00155057 0.0242549 0.187745 0.128096
0.0583034 0.0776305 0.00239313 0.0707914 0.790882
9.9973E-05 9.9973E-05 0.0157784 9.9973E-05 0.983922
0.0589021 9.9991E-05 0.00267568 0.00985005 0.928472
0.00439081 0.14479 0.0130178 9.9991E-05 0.837702
0.0463234 0.109554 0.0251357 9.9991E-05 0.818887
0.163342 0.288844 0.0132825 0.12225 0.412281
9.997E-05 9.997E-05 9.997E-05 9.997E-05 0.9996
9.997E-05 9.997E-05 9.997E-05 9.997E-05 0.9996
9.9982E-05 0.0355074 0.00418024 9.9982E-05 0.960112
9.9982E-05 0.00619837 0.00251859 9.9982E-05 0.991083
9.9982E-05 0.0977775 0.0154698 9.9982E-05 0.886553
9.997E-05 9.997E-05 9.997E-05 9.997E-05 0.9996
9.9973E-05 9.9973E-05 0.00170602 9.9973E-05 0.997994
0.952947 9.9982E-05 0.00400919 0.0428441 9.9982E-05
0.786653 0.130457 9.9982E-05 0.0826903 9.9982E-05
0.721019 0.14995 9.9982E-05 0.128831 9.9982E-05
0.756182 0.111502 9.9991E-05 0.119126 0.0130899
0.829988 0.100462 0.00519377 0.0581417 0.00621448
0.547277 0.14759 0.0108613 0.202122 0.0921505
0.981887 9.9973E-05 0.0178127 9.9973E-05 9.9973E-05
0.990034 9.9982E-05 0.0050076 9.9982E-05 0.00475858
0.988201 9.99731E-05 0.0114991 9.99731E-05 9.99731E-05
0.962394 9.9973E-05 9.9973E-05 9.9973E-05 0.0373057
0.144349 9.9991E-05 0.0216579 0.0957811 0.738112
0.180378 9.9991E-05 0.00218219 0.171628 0.645712
0.118578 0.0808993 0.0152212 0.176772 0.60853
0.156957 9.9982E-05 9.9982E-05 0.125302 0.717542
0.130097 9.9982E-05 9.9982E-05 0.137415 0.732288
9.9982E-05 0.723027 0.0125128 9.9982E-05 0.26426
0.210585 0.0893834 0.0357729 0.155769 0.50849
0.202431 0.289514 0.0369431 0.208828 0.262284
0.0932578 0.544058 0.00880907 0.202634 0.15124
0.173156 0.0661161 9.9991E-05 0.239468 0.52116
0.990333 9.9973E-05 0.00936728 9.9973E-05 9.9973E-05
0.9996 9.997E-05 9.997E-05 9.997E-05 9.997E-05
0.942931 0.0561611 0.000707907 9.9982E-05 9.9982E-05
0.987934 0.0117656 9.9973E-05 9.9973E-05 9.9973E-05
0.972135 9.9973E-05 9.9973E-05 9.9973E-05 0.0275649
0.98106 9.9982E-05 0.00409749 9.9982E-05 0.0146421
0.975613 9.9973E-05 0.0240867 9.9973E-05 9.9973E-05
0.9996 9.997E-05 9.997E-05 9.997E-05 9.997E-05
0.65163 0.1153 0.0150888 0.0432558 0.174725
0.962807 0.0232628 9.9991E-05 0.000392489 0.0134372
0.9996 9.997E-05 9.997E-05 9.997E-05 9.997E-05
0.986102 0.0135981 9.9973E-05 9.9973E-05 9.9973E-05
0.775381 0.141381 0.00918042 0.0654488 0.00860867
0.950812 0.048888 9.99731E-05 9.99731E-05 9.99731E-05
0.949693 9.9982E-05 0.0081922 9.9982E-05 0.041915
0.996847 9.99731E-05 0.0028529 9.99731E-05 9.99731E-05
0.9996 9.997E-05 9.997E-05 9.997E-05 9.997E-05
0.0427471 0.734436 0.0107001 0.0457986 0.166318
9.9991E-05 0.653125 0.0375255 0.0158867 0.293362
0.157923 0.48229 0.0304692 0.158083 0.171236
0.169963 0.499481 0.0123075 0.091611 0.226637
9.9991E-05 0.743973 0.0132766 0.0102201 0.23243
0.172029 0.376407 9.9991E-05 0.149776 0.301687
9.9973E-05 0.941017 0.0586829 9.9973E-05 9.9973E-05
0.0766888 0.761787 9.9991E-05 0.0973037 0.0641209
0.106787 0.59195 0.0262967 0.133656 0.14131
0.00784751 0.956404 0.027997 9.9991E-05 0.00765124
0.0892383 0.702901 0.0353075 0.147937 0.0246166
0.0167315 0.853033 0.0175666 0.0982397 0.0144291
0.0279893 0.943271 0.0143391 9.9991E-05 0.0143012
9.9982E-05 0.657262 9.9982E-05 0.0774379 0.2651
9.9991E-05 0.866093 0.00785711 0.0538319 0.0721179
0.109683 0.59189 0.0256049 0.127343 0.14548
0.0343999 0.791583 0.0107585 9.9991E-05 0.163158
0.0143908 0.816899 9.9991E-05 0.0363163 0.132293
9.9982E-05 0.749719 0.00980708 9.9982E-05 0.240274
0.0505516 0.824162 0.0101887 0.0536175 0.0614797
0.0355843 0.859147 0.0123473 9.9991E-05 0.0928215
9.9982E-05 0.991576 9.9982E-05 0.00458189 0.00364242
9.9991E-05 0.953514 0.00936269 0.0190471 0.0179764
9.9991E-05 0.888702 0.0124454 0.0160747 0.0826775
0.0485532 0.787772 0.00122987 0.00445623 0.157988
0.0906935 0.528044 0.0333937 0.195509 0.15236
9.9982E-05 0.928219 0.0161214 0.0554592 9.9982E-05
0.0477427 0.92456 9.9982E-05 0.027497 9.9982E-05
9.9982E-05 0.834231 0.0343247 9.9982E-05 0.131245
0.00556013 0.864142 0.0370907 9.9991E-05 0.0931076
9.9991E-05 0.749156 0.0154658 0.089012 0.146266
9.9982E-05 0.780698 9.9982E-05 0.0177969 0.201305
9.997E-05 9.997E-05 0.9996 9.997E-05 9.997E-05
9.99731E-05 0.980143 0.0195567 9.99731E-05 9.99731E-05
0.00266584 0.993361 0.00377305 9.9982E-05 9.9982E-05
9.9991E-05 0.920935 0.00124539 0.0163143 0.061405
9.9991E-05 0.779381 0.0203737 0.0404808 0.159664
9.9982E-05 0.920785 0.0297376 9.9982E-05 0.0492778
9.9982E-05 0.886357 0.0474916 9.9982E-05 0.065951
9.99731E-05 0.964533 0.0351673 9.99731E-05 9.99731E-05
9.9991E-05 0.839026 0.0343046 0.0782755 0.0482939
0.0510483 0.775276 0.00566806 0.0725336 0.0954745
0.128681 0.676122 0.00408377 0.148222 0.0428917
0.185 0.491419 0.014813 0.0603493 0.248419
0.147829 0.537713 0.0246774 0.154932 0.134849
0.0771909 0.770395 9.9991E-05 0.0379973 0.114316
0.0562793 0.802519 0.0210146 0.0845577 0.0356296
0.0700655 0.717868 0.0223518 0.0127265 0.176988
0.0854808 0.672338 0.00408237 0.171578 0.0665214
0.0806968 0.670742 9.9991E-05 0.138378 0.110083
0.104704 0.802127 0.0177124 0.0414439 0.0340124
0.0791285 0.816027 0.0157065 0.0890383 9.9991E-05
0.146573 0.790668 0.0262654 0.0352376 0.00125605
9.9982E-05 0.957379 0.0198784 9.9982E-05 0.0225423
0.080405 0.707119 9.9991E-05 0.142477 0.0698984
9.9982E-05 0.971264 0.0116407 9.9982E-05 0.0168954
0.0981306 0.770528 0.0185516 0.11269 9.9991E-05
0.0532147 0.827492 0.0162637 0.00383897 0.0991908
0.120036 0.86453 0.00809188 0.00724268 9.9991E-05
9.99731E-05 0.941765 0.0579349 9.99731E-05 9.99731E-05
0.0305303 0.937888 0.0313815 9.9982E-05 9.9982E-05
9.99731E-05 0.971804 0.0278965 9.99731E-05 9.99731E-05
9.9982E-05 0.941821 0.00596986 9.9982E-05 0.0520088
9.99731E-05 0.980634 9.99731E-05 0.0190665 9.99731E-05
0.00888234 0.870273 9.9982E-05 9.9982E-05 0.120645
9.9973E-05 0.976477 0.0232229 9.9973E-05 9.9973E-05
9.99731E-05 0.96317 9.99731E-05 9.99731E-05 0.0365305
0.155806 0.3985 0.0410649 0.132658 0.271971
9.9982E-05 0.912216 0.0321186 9.9982E-05 0.055465
0.0356332 0.940502 0.0236654 9.9982E-05 9.9982E-05
0.00470606 0.936234 9.9982E-05 9.9982E-05 0.05886
9.9982E-05 0.953588 0.0148769 0.0313351 9.9982E-05
0.0131182 0.919529 0.0377442 0.0295089 9.9991E-05
9.9982E-05 0.862232 9.9982E-05 0.0532046 0.0843637
0.0636999 0.903776 0.0323245 9.9982E-05 9.9982E-05
9.997E-05 0.9996 9.997E-05 9.997E-05 9.997E-05
9.9982E-05 0.976819 0.00999414 0.0129868 9.9982E-05
9.99731E-05 0.995439 0.00426061 9.99731E-05 9.99731E-05
0.0252222 0.860579 0.0190321 9.9991E-05 0.0950663
9.9973E-05 0.929802 9.9973E-05 0.0698983 9.9973E-05
0.0057895 0.956459 0.0375512 9.9982E-05 9.9982E-05
9.997E-05 0.9996 9.997E-05 9.997E-05 9.997E-05
0.0780344 0.74047 0.0175087 0.116291 0.0476959
9.9982E-05 0.979271 0.00472715 0.0158023 9.9982E-05
