9.9991E-05 0.723842 0.0524404 0.0768551 0.0676689 0.00437515 0.0747186
9.99551E-05 0.981193 9.99551E-05 0.0183073 9.99551E-05 9.99551E-05 9.99551E-05
9.995E-05 0.9994 9.995E-05 9.995E-05 9.995E-05 9.995E-05 9.995E-05
9.9982E-05 0.619562 0.105843 0.0998953 9.9982E-05 0.0348255 0.139674
0.00199386 0.60607 9.9991E-05 0.0449603 0.0633104 0.0281422 0.255423
9.9973E-05 0.804538 0.0532074 0.0947922 0.0471623 9.9973E-05 9.9973E-05
9.995E-05 0.9994 9.995E-05 9.995E-05 9.995E-05 9.995E-05 9.995E-05
9.99551E-05 0.991265 9.99551E-05 9.99551E-05 0.00823568 9.99551E-05 9.99551E-05
9.995E-05 0.9994 9.995E-05 9.995E-05 9.995E-05 9.995E-05 9.995E-05
0.0607973 0.761444 0.0428505 9.9982E-05 0.0633228 9.9982E-05 0.0713852
9.9955E-05 0.116088 9.9955E-05 9.9955E-05 0.883412 9.9955E-05 9.9955E-05
9.99551E-05 0.0211471 9.99551E-05 9.99551E-05 0.978353 9.99551E-05 9.99551E-05
9.995E-05 9.995E-05 9.995E-05 9.995E-05 0.9994 9.995E-05 9.995E-05
0.000257259 9.9982E-05 0.0252986 0.0010078 0.890244 0.0829925 9.9982E-05
0.0121658 9.9982E-05 9.9982E-05 0.0978931 0.761217 0.0559971 0.0725273
0.0508893 0.00258367 0.0881196 9.9991E-05 0.596163 0.0513667 0.210778
9.9964E-05 9.9964E-05 0.0576125 9.9964E-05 0.88123 9.9964E-05 0.0607576
9.9964E-05 9.9964E-05 0.147408 9.9964E-05 0.768913 0.0832794 9.9964E-05
0.00660052 9.9973E-05 0.0798825 9.9973E-05 0.817392 0.0958247 9.9973E-05
9.995E-05 9.995E-05 9.995E-05 9.995E-05 9.995E-05 0.9994 9.995E-05
9.995E-05 9.995E-05 9.995E-05 9.995E-05 9.995E-05 0.9994 9.995E-05
9.995E-05 9.995E-05 9.995E-05 9.995E-05 9.995E-05 0.9994 9.995E-05
0.00943426 9.9973E-05 0.135447 9.9973E-05 0.727133 0.127686 9.9973E-05
9.999E-05 0.00356806 0.731731 0.0474959 0.0270769 0.00845629 0.181572
0.00387234 0.0471486 0.873783 0.0591159 9.9982E-05 0.0158801 9.9982E-05
9.999E-05 0.000686329 0.87398 0.0639478 0.0395975 0.0034721 0.0182165
9.9982E-05 0.0356836 0.781823 0.0226937 0.0611527 9.9982E-05 0.0984467
9.9973E-05 9.9973E-05 0.784617 9.9973E-05 0.0652055 0.0189444 0.130933
9.995E-05 9.995E-05 0.9994 9.995E-05 9.995E-05 9.995E-05 9.995E-05
9.995E-05 9.995E-05 0.9994 9.995E-05 9.995E-05 9.995E-05 9.995E-05
9.995E-05 9.995E-05 0.9994 9.995E-05 9.995E-05 9.995E-05 9.995E-05
9.99551E-05 9.99551E-05 0.946212 9.99551E-05 9.99551E-05 9.99551E-05 0.0532882
9.995E-05 9.995E-05 0.9994 9.995E-05 9.995E-05 9.995E-05 9.995E-05
9.99731E-05 0.00294604 0.968645 9.99731E-05 9.99731E-05 0.0108929 0.017216
0.0806046 0.0344665 0.518816 9.9991E-05 0.126961 0.00775671 0.231295
0.0227123 0.0470006 0.357668 9.9982E-05 0.065289 9.9982E-05 0.50713
0.0667402 0.0766415 0.671808 9.9991E-05 0.00852176 0.0088373 0.167351
9.99731E-05 9.99731E-05 0.0871399 0.0397169 0.0881971 9.99731E-05 0.784646
9.9982E-05 9.9982E-05 0.226255 0.115259 0.0117458 0.03907 0.60747
0.014134 0.00633584 0.122873 9.99821E-05 9.99821E-05 0.025177 0.83128
9.99641E-05 9.99641E-05 0.0920001 9.99641E-05 0.0841196 9.99641E-05 0.82348
0.0274605 9.99731E-05 0.0636858 9.99731E-05 0.0719731 9.99731E-05 0.836581
9.99731E-05 0.0399952 0.00784977 9.99731E-05 0.00127482 9.99731E-05 0.95058
9.9982E-05 9.9982E-05 0.226621 0.0285229 0.0312861 0.0426015 0.670769
0.0221715 0.00968749 0.25911 9.9982E-05 9.9982E-05 0.0134273 0.695404
9.99731E-05 0.0209725 0.0211778 9.99731E-05 0.0310125 9.99731E-05 0.926537
0.00163491 0.0745779 0.27828 9.9991E-05 0.0180014 0.0106334 0.616773
0.0190031 9.9982E-05 0.192512 9.9982E-05 0.00560616 0.0428252 0.739854
9.99641E-05 9.99641E-05 0.0969729 9.99641E-05 0.0292515 9.99641E-05 0.873376
9.99731E-05 9.99731E-05 0.0746557 0.073135 9.99731E-05 0.0150773 0.836832
0.0865945 0.0414745 0.243643 0.0694198 0.014428 0.0603013 0.484139
9.9973E-05 0.0158677 0.125845 9.9973E-05 0.0104993 9.9973E-05 0.847488
9.9982E-05 0.00600925 0.106847 0.096786 9.9982E-05 0.0350677 0.75509
0.0816963 0.0600917 0.050638 0.0444389 0.0164437 0.0160668 0.730625
9.99641E-05 9.99641E-05 9.99641E-05 0.175967 0.0884473 9.99641E-05 0.735186
0.0402101 0.0386329 9.9982E-05 0.045312 0.0514764 9.9982E-05 0.824169
0.0395094 0.0349672 0.0833084 9.9991E-05 0.00581831 0.0143764 0.82192
0.00748323 9.9982E-05 0.129953 0.0230193 9.9982E-05 0.0228473 0.816497
0.0258102 9.9982E-05 0.144574 0.0771178 9.9982E-05 0.0479191 0.704379
0.0101164 0.0547011 0.0580755 0.0791008 9.9991E-05 0.0433635 0.754543
0.00511335 9.99641E-05 0.0475337 9.99641E-05 9.99641E-05 9.99641E-05 0.946953
0.0243855 0.0171514 0.121927 9.9982E-05 9.9982E-05 0.00585789 0.830478
9.99551E-05 9.99551E-05 9.99551E-05 9.99551E-05 0.0181887 9.99551E-05 0.981312
0.019526 0.032735 0.0371109 0.0855884 9.9991E-05 0.0387926 0.786147
9.9982E-05 9.9982E-05 0.115701 0.0917171 0.00020854 0.0260979 0.766076
0.0489794 0.00115984 0.0270331 9.99731E-05 9.99731E-05 9.99731E-05 0.922528
9.99641E-05 0.0189582 9.99641E-05 0.00773674 9.99641E-05 9.99641E-05 0.972905
0.0221621 9.99551E-05 9.99551E-05 9.99551E-05 9.99551E-05 9.99551E-05 0.977338
9.99641E-05 9.99641E-05 0.0461008 0.0644784 9.99641E-05 9.99641E-05 0.889021
0.0454738 9.9982E-05 0.0195659 9.9982E-05 0.0348737 0.0183803 0.881506
0.00288704 9.99641E-05 9.99641E-05 0.148108 9.99641E-05 9.99641E-05 0.848605
9.99551E-05 9.99551E-05 9.99551E-05 0.140071 9.99551E-05 9.99551E-05 0.859429
0.0213596 9.99551E-05 9.99551E-05 9.99551E-05 9.99551E-05 9.99551E-05 0.978141
0.0129569 9.9973E-05 9.9973E-05 0.110953 0.0171175 9.9973E-05 0.858672
0.0138726 9.9973E-05 9.9973E-05 0.0288989 9.9973E-05 0.0433466 0.913582
0.00464725 0.0127038 9.9973E-05 0.39567 9.9973E-05 9.9973E-05 0.586679
0.0255433 9.99731E-05 9.99731E-05 0.430069 9.99731E-05 0.0219274 0.52216
9.99641E-05 9.99641E-05 9.99641E-05 0.291857 9.99641E-05 0.00434205 0.703401
0.00969132 9.9991E-05 0.117898 0.5947 0.0246954 0.0129895 0.239926
9.99641E-05 9.99641E-05 9.99641E-05 0.362221 0.0287907 9.99641E-05 0.608588
9.9973E-05 9.9973E-05 0.0536957 0.375772 9.9973E-05 0.0308251 0.539408
0.00219889 9.99641E-05 9.99641E-05 0.435899 9.99641E-05 9.99641E-05 0.561503
9.995E-05 9.995E-05 9.995E-05 0.9994 9.995E-05 9.995E-05 9.995E-05
0.0248556 9.99551E-05 9.99551E-05 0.974645 9.99551E-05 9.99551E-05 9.99551E-05
9.995E-05 9.995E-05 9.995E-05 0.9994 9.995E-05 9.995E-05 9.995E-05
0.0427765 9.99551E-05 9.99551E-05 0.956724 9.99551E-05 9.99551E-05 9.99551E-05
0.000435554 9.99551E-05 9.99551E-05 0.999065 9.99551E-05 9.99551E-05 9.99551E-05
0.0802954 9.9982E-05 0.0760581 0.778129 9.9982E-05 0.0110681 0.0542497
9.99551E-05 0.00727392 9.99551E-05 0.992226 9.99551E-05 9.99551E-05 9.99551E-05
0.0133525 9.99551E-05 9.99551E-05 0.986148 9.99551E-05 9.99551E-05 9.99551E-05
9.995E-05 9.995E-05 9.995E-05 0.9994 9.995E-05 9.995E-05 9.995E-05
0.0950774 9.99641E-05 9.99641E-05 0.898541 9.99641E-05 0.00598173 9.99641E-05
0.9994 9.995E-05 9.995E-05 9.995E-05 9.995E-05 9.995E-05 9.995E-05
0.950412 9.9955E-05 9.9955E-05 9.9955E-05 9.9955E-05 9.9955E-05 0.0490884
0.9994 9.995E-05 9.995E-05 9.995E-05 9.995E-05 9.995E-05 9.995E-05
