0.126761 0.783972 0.0704863 0.0186809 9.9991E-05
9.99731E-05 0.977805 0.0218952 9.99731E-05 9.99731E-05
9.997E-05 0.9996 9.997E-05 9.997E-05 9.997E-05
0.130963 0.619789 0.0751773 0.0393727 0.134698
0.18756 0.642786 0.0872293 0.0653589 0.0170663
0.000370983 0.8538 0.0742645 9.9991E-05 0.0714644
9.997E-05 0.9996 9.997E-05 9.997E-05 9.997E-05
9.997E-05 0.9996 9.997E-05 9.997E-05 9.997E-05
9.997E-05 0.9996 9.997E-05 9.997E-05 9.997E-05
0.0493195 0.804163 0.0191836 0.040776 0.0865574
0.00444753 0.504052 9.9991E-05 0.440567 0.0508335
0.0202644 0.446758 9.9991E-05 0.444094 0.0887837
9.9982E-05 0.391399 9.9982E-05 0.462286 0.146115
0.051668 0.140348 0.0143905 0.648421 0.145173
0.193383 0.197834 0.0470767 0.505947 0.0557594
0.28265 0.185724 9.9991E-05 0.319678 0.211848
0.116026 0.199919 9.9991E-05 0.454767 0.229188
9.9982E-05 0.127523 9.9982E-05 0.552094 0.320183
0.00554334 0.187586 9.9991E-05 0.577811 0.228959
9.997E-05 9.997E-05 9.997E-05 0.9996 9.997E-05
9.997E-05 9.997E-05 9.997E-05 0.9996 9.997E-05
9.997E-05 9.997E-05 9.997E-05 0.9996 9.997E-05
0.0148313 0.0678493 9.9991E-05 0.635483 0.281736
0.197163 9.9991E-05 0.0329971 0.0558411 0.713899
0.0886122 0.0259607 0.0325101 9.9991E-05 0.852817
0.0717003 0.00736839 0.0319673 9.9991E-05 0.888864
0.125723 0.0098759 9.9991E-05 0.0509716 0.813329
0.186376 9.9982E-05 9.9982E-05 0.0608235 0.752601
9.997E-05 9.997E-05 9.997E-05 9.997E-05 0.9996
9.997E-05 9.997E-05 9.997E-05 9.997E-05 0.9996
9.997E-05 9.997E-05 9.997E-05 9.997E-05 0.9996
9.997E-05 9.997E-05 9.997E-05 9.997E-05 0.9996
9.997E-05 9.997E-05 9.997E-05 9.997E-05 0.9996
0.0444974 9.9982E-05 9.9982E-05 0.0340464 0.921256
0.314992 0.0656362 0.0767872 0.0165538 0.526031
0.406777 0.101414 0.0482335 0.0532185 0.390357
0.20164 0.0859921 0.00906906 0.00539635 0.697903
0.856643 9.9991E-05 0.00388416 0.0703323 0.0690407
0.61962 9.9991E-05 0.126132 0.0627516 0.191396
0.856486 0.0108336 9.9991E-05 0.0101709 0.12241
0.747388 9.9982E-05 9.9982E-05 0.0717883 0.180624
0.818731 0.00447309 9.9991E-05 0.0381375 0.138558
0.981608 0.00967368 9.9982E-05 9.9982E-05 0.008518
0.752361 9.9991E-05 0.010145 0.0783979 0.158996
0.686375 0.00151391 0.0258498 9.9991E-05 0.286161
0.940937 0.00650461 9.9991E-05 0.0396881 0.0127705
0.65746 0.0954339 9.9991E-05 0.00765103 0.239355
0.733597 9.9982E-05 9.9982E-05 0.0368768 0.229326
0.84413 9.99731E-05 9.99731E-05 9.99731E-05 0.15557
0.897246 9.9991E-05 0.0126584 0.0225758 0.0674201
0.610754 0.0671209 0.128707 0.0300318 0.163386
0.882881 0.0308639 9.9982E-05 9.9982E-05 0.0860554
0.852991 9.9991E-05 0.0493952 0.0321164 0.0653977
0.628498 0.0644138 0.129787 0.0352912 0.14201
0.901237 0.0237778 0.0538871 0.0209984 9.9991E-05
0.893252 0.0297326 0.0654363 0.0114787 9.9991E-05
0.944538 0.0118949 9.9982E-05 9.9982E-05 0.0433668
0.906205 9.9982E-05 0.00574444 9.9982E-05 0.0878501
0.756165 9.9991E-05 0.094775 0.027803 0.121157
0.803773 0.0516293 0.0638538 0.025664 0.0550797
0.941487 9.9982E-05 0.00461213 9.9982E-05 0.0537012
0.862517 9.9982E-05 0.000881225 9.9982E-05 0.136402
0.969586 9.9982E-05 9.9982E-05 0.0175733 0.012641
0.81995 0.0575181 0.0310015 0.0350486 0.0564823
0.874812 9.9982E-05 9.9982E-05 0.0290134 0.0959743
0.983122 9.99731E-05 9.99731E-05 9.99731E-05 0.016578
0.97767 0.0220298 9.99731E-05 9.99731E-05 9.99731E-05
0.994214 9.99731E-05 0.00548558 9.99731E-05 9.99731E-05
0.822835 0.0093256 0.0987783 9.9991E-05 0.0689613
0.957949 9.9982E-05 9.9982E-05 0.0412021 0.000648942
0.874162 9.99731E-05 0.125538 9.99731E-05 9.99731E-05
0.918975 9.99731E-05 0.0807253 9.99731E-05 9.99731E-05
0.993544 9.99731E-05 0.00615574 9.99731E-05 9.99731E-05
0.947933 9.99731E-05 0.0517666 9.99731E-05 9.99731E-05
0.920891 0.00471703 0.0440958 0.0301962 9.9991E-05
0.68717 0.00298819 0.309642 9.9982E-05 9.9982E-05
0.549872 9.9982E-05 0.427424 0.0225048 9.9982E-05
0.76171 9.99731E-05 0.23799 9.99731E-05 9.99731E-05
0.373173 0.00699716 0.542489 9.9991E-05 0.0772409
0.689325 9.9982E-05 0.307704 0.00277128 9.9982E-05
0.665386 9.9982E-05 0.314074 0.0203398 9.9982E-05
0.632558 0.00125171 0.365991 9.9982E-05 9.9982E-05
0.00645293 9.99731E-05 0.993247 9.99731E-05 9.99731E-05
0.100449 9.9973E-05 0.899251 9.9973E-05 9.9973E-05
0.0504632 9.99731E-05 0.949237 9.99731E-05 9.99731E-05
0.0111724 9.99731E-05 0.988528 9.99731E-05 9.99731E-05
0.0570559 9.9982E-05 0.923403 9.9982E-05 0.0193409
0.128415 9.9991E-05 0.800373 0.009387 0.0617244
0.149831 9.9973E-05 0.849869 9.9973E-05 9.9973E-05
9.9973E-05 9.9973E-05 0.972235 9.9973E-05 0.0274646
0.0711405 9.9982E-05 0.92435 9.9982E-05 0.00431001
0.0765271 9.9973E-05 0.923173 9.9973E-05 9.9973E-05
9.997E-05 9.997E-05 0.9996 9.997E-05 9.997E-05
9.9973E-05 0.0436277 0.956072 9.9973E-05 9.9973E-05
9.99731E-05 0.0107761 0.988924 9.99731E-05 9.99731E-05
