0.0264698 0.0334692 0.266005 0.65512 0.0189366
0.0367231 0.116427 9.9991E-05 0.825455 0.0212949
0.0115341 0.0928198 9.9991E-05 0.87947 0.0160763
9.9982E-05 0.118814 0.0120429 0.868943 9.9982E-05
0.0711519 0.0379369 0.00504365 0.879602 0.00626581
9.9973E-05 9.9973E-05 9.9973E-05 0.995104 0.00459568
9.997E-05 9.997E-05 9.997E-05 0.9996 9.997E-05
9.997E-05 9.997E-05 9.997E-05 0.9996 9.997E-05
9.9982E-05 0.138078 9.9982E-05 0.846592 0.0151303
9.9973E-05 9.9973E-05 9.9973E-05 0.997017 0.00268327
0.0136029 0.0610065 0.0255545 0.881589 0.0182474
9.9982E-05 0.0822247 9.9982E-05 0.895544 0.0220317
0.0202826 0.108242 0.0173941 0.838019 0.0160622
0.0127966 0.139958 0.148757 0.686574 0.0119139
0.0202527 0.148092 0.0318243 0.770729 0.0291023
9.999E-05 0.152535 0.104748 0.740834 0.00178355
9.999E-05 0.0917863 0.0113552 0.855346 0.0414121
9.9982E-05 0.0527254 0.00381414 0.94326 9.9982E-05
0.0975184 0.174739 0.0680599 0.639309 0.0203738
9.9973E-05 0.109383 9.9973E-05 0.890317 9.9973E-05
0.0469091 0.0996422 9.9982E-05 0.853249 9.9982E-05
0.0107936 0.112766 9.9982E-05 0.87624 9.9982E-05
0.109422 0.130675 0.00435605 0.741678 0.0138682
9.9982E-05 0.183578 9.9982E-05 0.784657 0.0315649
0.00374575 0.149568 9.9991E-05 0.839026 0.00756023
0.0390086 0.0792736 0.00356733 0.852582 0.0255684
9.99731E-05 0.00100301 9.99731E-05 0.998697 9.99731E-05
9.9991E-05 0.168873 0.0185016 0.771681 0.0408442
0.0627151 0.133475 0.000119441 0.80359 9.9991E-05
0.713146 0.019502 9.9991E-05 0.239546 0.0277058
9.997E-05 9.997E-05 9.997E-05 9.997E-05 0.9996
0.544304 0.0551394 0.0771265 0.260938 0.0624918
9.9982E-05 0.596305 9.9982E-05 0.390984 0.0125106
9.9991E-05 0.597725 0.0196893 0.379986 0.00249953
9.9991E-05 0.679576 0.0115996 0.290536 0.0181884
0.0408742 0.607103 9.9982E-05 0.351823 9.9982E-05
9.9991E-05 0.564193 0.0917145 0.330148 0.0138444
9.9982E-05 0.593366 0.0095293 0.396905 9.9982E-05
0.0612222 0.537971 0.00517044 0.395536 9.9991E-05
0.00926088 0.637375 9.9982E-05 0.353164 9.9982E-05
0.0791661 0.641243 9.9991E-05 0.275092 0.00439849
9.9982E-05 0.65191 0.0161782 0.331711 9.9982E-05
9.9982E-05 0.620184 0.0671229 0.312494 9.9982E-05
0.00910015 0.580056 0.0357438 0.357728 0.017372
0.0198005 0.608917 9.9982E-05 0.371082 9.9982E-05
9.9982E-05 0.605718 0.0766675 0.317415 9.9982E-05
0.857182 0.049041 0.0549936 9.9991E-05 0.0386834
0.975356 9.9982E-05 0.0188076 9.9982E-05 0.00563672
0.493236 0.0446288 0.276609 0.152682 0.0328438
0.805967 9.9982E-05 0.145622 0.0482108 9.9982E-05
0.801979 9.9973E-05 0.197721 9.9973E-05 9.9973E-05
0.707785 9.9991E-05 0.245843 0.00900579 0.0372658
9.9991E-05 0.646299 0.0374642 0.301961 0.0141753
0.0353977 0.633038 9.9982E-05 0.331365 9.9982E-05
0.0645422 0.558579 9.9991E-05 0.348598 0.0281805
9.9982E-05 0.614712 9.9982E-05 0.353549 0.0315383
9.9991E-05 0.7551 0.0115161 0.231538 0.0017465
9.9982E-05 0.712946 9.9982E-05 0.275402 0.0114524
0.00905923 0.621644 0.00229428 0.366902 9.9991E-05
0.067358 0.609331 9.9991E-05 0.320075 0.00313572
0.0643338 0.618768 0.041217 0.275581 9.9991E-05
0.00866789 0.593519 9.9991E-05 0.379992 0.0177212
9.9991E-05 0.520869 0.0840372 0.379946 0.015048
9.9991E-05 0.664006 0.0392845 0.268535 0.0280752
0.022869 0.524322 0.109566 0.335084 0.00815921
9.9982E-05 0.656721 0.0190899 0.323989 9.9982E-05
0.0436158 0.510261 0.0937917 0.352231 9.9991E-05
0.016751 0.613039 9.9991E-05 0.34311 0.027
0.0417362 0.72292 9.9991E-05 0.220966 0.0142784
0.0212833 0.748927 0.0152616 0.20531 0.00921813
9.9973E-05 0.617759 9.9973E-05 0.381941 9.9973E-05
0.0131771 0.634747 0.0186033 0.33113 0.00234271
0.0792798 0.722765 0.0264415 0.157367 0.0141462
0.0238334 0.77839 0.00256303 0.186955 0.00825896
9.9982E-05 0.863797 9.9982E-05 0.133439 0.00256447
0.14819 0.660938 9.9991E-05 0.179842 0.0109292
0.836905 0.0454621 0.0525125 0.0515758 0.0135449
0.981092 9.9973E-05 9.9973E-05 9.9973E-05 0.0186079
0.911763 0.0495411 9.9991E-05 0.0177305 0.0208657
0.885815 0.0148371 0.0991481 9.9982E-05 9.9982E-05
0.863778 0.0529701 0.0522434 9.9991E-05 0.0309086
0.430213 0.12699 0.281683 0.144647 0.0164658
0.982875 0.00354022 0.0133848 9.9982E-05 9.9982E-05
0.9996 9.997E-05 9.997E-05 9.997E-05 9.997E-05
0.959701 9.9982E-05 0.0351705 9.9982E-05 0.00492871
0.990204 9.9982E-05 0.00598514 9.9982E-05 0.00361125
0.991293 9.9973E-05 9.9973E-05 9.9973E-05 0.00840689
0.9996 9.997E-05 9.997E-05 9.997E-05 9.997E-05
0.998963 9.9973E-05 9.9973E-05 9.9973E-05 0.000737201
9.9982E-05 0.976922 9.9982E-05 0.0146368 0.00824142
0.047269 0.748101 0.0971995 0.10733 9.9991E-05
0.0224959 0.751582 0.123568 0.0892063 0.0131482
9.9982E-05 0.716673 0.148006 0.135121 9.9982E-05
0.0687188 0.824802 0.0525552 0.0412372 0.0126865
0.118072 0.54481 0.136722 0.184032 0.0163646
9.99731E-05 0.996458 9.99731E-05 9.99731E-05 0.00324252
0.0052594 0.994441 9.9973E-05 9.9973E-05 9.9973E-05
9.9991E-05 0.949626 0.017346 0.0165837 0.0163438
0.0290237 0.970676 9.9973E-05 9.9973E-05 9.9973E-05
0.744373 0.113129 9.9991E-05 0.129067 0.0133317
0.634571 0.197813 9.9991E-05 0.1651 0.00241609
0.676802 0.155929 0.0523426 0.103746 0.0111806
0.703986 0.146622 9.9982E-05 0.149192 9.9982E-05
0.687202 0.0961731 9.9982E-05 0.216425 9.9982E-05
0.272538 9.9982E-05 0.711983 9.9982E-05 0.0152793
0.603235 0.174912 0.0108001 0.192596 0.0184567
0.295063 0.208588 0.251535 0.220291 0.0245223
0.226875 0.184068 0.517595 0.062387 0.00907508
0.565568 0.142413 0.0308907 0.261028 9.9991E-05
9.9973E-05 0.990717 9.9973E-05 9.9973E-05 0.00898326
9.9973E-05 0.993768 9.9973E-05 9.9973E-05 0.00593226
9.9982E-05 0.957925 0.0399597 9.9982E-05 0.00191572
0.0386254 0.961075 9.99731E-05 9.99731E-05 9.99731E-05
9.997E-05 0.9996 9.997E-05 9.997E-05 9.997E-05
9.9982E-05 0.973851 0.0103859 9.9982E-05 0.015563
9.9973E-05 0.98034 9.9973E-05 9.9973E-05 0.01936
0.00982372 0.989876 9.9973E-05 9.9973E-05 9.9973E-05
0.082869 0.682461 0.151353 0.0704536 0.0128641
0.0107626 0.947609 0.0249406 0.01073 0.0059577
9.9973E-05 0.992193 9.9973E-05 9.9973E-05 0.00750724
9.9973E-05 0.986466 0.0132336 9.9973E-05 9.9973E-05
0.0307015 0.817058 0.11018 0.0353395 0.00672163
9.9973E-05 0.947337 0.0523628 9.9973E-05 9.9973E-05
0.052644 0.943749 9.9982E-05 9.9982E-05 0.00340671
9.997E-05 0.9996 9.997E-05 9.997E-05 9.997E-05
9.997E-05 0.9996 9.997E-05 9.997E-05 9.997E-05
0.113279 0.0578538 0.7678 0.0392401 0.0218266
0.214513 9.9991E-05 0.719185 0.00945031 0.0567518
0.117517 0.152049 0.483398 0.209175 0.0378613
0.148867 0.0935363 0.526002 0.205064 0.0265305
0.205958 0.00811402 0.760707 0.0236102 0.00161137
0.223712 0.206934 0.425544 0.124377 0.0194331
0.0166751 9.9982E-05 0.941125 9.9982E-05 0.0420001
0.0460143 0.0801521 0.778119 0.0848885 0.0108261
0.18605 0.10518 0.582701 0.122704 0.00336471
0.00411617 0.022898 0.951587 9.9991E-05 0.0212989
0.0798926 0.0850476 0.650498 0.158356 0.0262063
0.0340183 0.0240108 0.840857 0.0988107 0.00230307
9.9991E-05 0.0097841 0.975231 0.000262494 0.014622
0.234743 9.9991E-05 0.661649 0.0977691 0.00573878
0.0682467 9.9982E-05 0.857781 0.0737723 9.9982E-05
0.120775 0.151197 0.587676 0.125592 0.0147601
0.125947 9.9991E-05 0.796486 0.0546643 0.0228029
0.179137 0.0403815 0.780282 9.9982E-05 9.9982E-05
0.171353 9.9982E-05 0.812552 9.9982E-05 0.015895
0.0778909 0.0926878 0.815675 0.00320821 0.0105384
0.070602 0.033302 0.869929 9.9991E-05 0.0260674
0.0101827 9.9991E-05 0.978286 0.0107804 0.000651149
0.0291071 9.9982E-05 0.958811 9.9982E-05 0.0118819
0.149807 0.00686266 0.817404 0.0149916 0.0109348
0.0599585 0.0134997 0.868556 0.0578863 9.9991E-05
0.132072 0.167188 0.517642 0.165698 0.0174004
0.0436634 0.00785554 0.913839 0.0259794 0.00866267
9.9991E-05 0.00664739 0.928397 0.0633389 0.00151676
0.178178 9.9982E-05 0.789412 9.9982E-05 0.0322098
0.0895592 0.0206151 0.863803 9.9991E-05 0.0259227
0.0462819 0.0215549 0.788565 0.111574 0.0320238
0.145476 0.00447652 0.812951 0.0369969 9.9991E-05
9.997E-05 9.997E-05 9.997E-05 9.997E-05 0.9996
0.0284463 9.9982E-05 0.956838 9.9982E-05 0.0145156
9.9982E-05 0.00070827 0.997593 9.9982E-05 0.0014992
0.0538537 9.9982E-05 0.940873 9.9982E-05 0.00507373
0.104982 0.00478345 0.847846 0.0279246 0.0144645
0.0490058 9.9991E-05 0.901874 0.0120943 0.0369255
0.109691 9.9991E-05 0.853733 0.00592529 0.0305504
9.99731E-05 9.99731E-05 0.971734 9.99731E-05 0.0279657
0.0425452 9.9991E-05 0.846484 0.0820632 0.0288078
0.132222 0.0455173 0.740013 0.0759285 0.00631867
0.0633298 0.128762 0.658396 0.149412 9.9991E-05
0.150946 0.238564 0.558092 0.034541 0.0178568
0.151435 0.136045 0.535162 0.16268 0.0146783
0.0460885 0.0447646 0.843715 0.0653318 9.9991E-05
0.128535 0.0663625 0.720474 0.0622352 0.0223933
0.122214 0.0600861 0.755136 0.0356225 0.0269421
0.116654 0.10682 0.586089 0.179661 0.0107752
0.0425665 0.132605 0.741539 0.0831896 9.9991E-05
0.120691 0.0999194 0.726541 0.0165341 0.0363146
9.9991E-05 0.0732541 0.806641 0.106123 0.013882
0.034574 0.123694 0.747837 0.082393 0.0115021
0.0386858 9.9982E-05 0.952614 9.9982E-05 0.00849994
0.12947 0.158699 0.645465 0.0589659 0.00739973
0.0418789 0.0266717 0.927563 9.9991E-05 0.00378617
0.0123906 0.0952028 0.73409 0.143166 0.0151507
0.128292 0.0464346 0.817535 0.00079265 0.00694606
0.0475791 0.107913 0.813489 0.0309183 9.9991E-05
9.99731E-05 9.99731E-05 0.94024 9.99731E-05 0.0594603
0.011596 0.0402376 0.919341 0.000211109 0.0286144
9.99731E-05 9.99731E-05 0.963338 9.99731E-05 0.0363616
0.0466392 9.9982E-05 0.945538 9.9982E-05 0.00762297
9.99731E-05 9.99731E-05 0.975845 0.023855 9.99731E-05
0.042395 0.0229764 0.934429 9.9982E-05 9.9982E-05
9.9973E-05 9.9973E-05 0.968959 9.9973E-05 0.0307415
9.997E-05 9.997E-05 0.9996 9.997E-05 9.997E-05
0.227211 0.108729 0.501765 0.13258 0.029715
0.000579438 0.0228774 0.928055 9.9991E-05 0.0483887
0.0228843 0.0510949 0.910919 9.9991E-05 0.0150023
0.0842983 0.00898651 0.90493 9.9991E-05 0.00168482
9.9982E-05 9.9982E-05 0.952625 0.0279732 0.0192022
0.00646933 9.9991E-05 0.950791 0.00751526 0.0351243
0.0869838 0.0212009 0.875024 0.0166913 9.9991E-05
0.00291391 0.0624892 0.914659 0.0104438 0.00949399
9.997E-05 9.997E-05 0.9996 9.997E-05 9.997E-05
0.0193963 9.9991E-05 0.95419 0.0121867 0.0141266
9.997E-05 9.997E-05 0.9996 9.997E-05 9.997E-05
0.0606904 0.0519076 0.876795 9.9991E-05 0.0105075
9.9973E-05 9.9973E-05 0.956634 0.0430657 9.9973E-05
0.0465044 9.9991E-05 0.905236 0.0171289 0.0310312
9.99731E-05 9.99731E-05 0.987178 9.99731E-05 0.0125225
9.9991E-05 0.0501022 0.791867 0.156158 0.00177294
9.9982E-05 9.9982E-05 0.982736 0.0146048 0.00245911
