9.9973E-05 0.0541458 0.147383 9.9973E-05 0.0183188 9.9973E-05 0.0356984 0.744154
9.99551E-05 0.018044 9.99551E-05 0.00112603 9.99551E-05 9.99551E-05 9.99551E-05 0.98033
9.994E-05 9.994E-05 9.994E-05 9.994E-05 9.994E-05 9.994E-05 9.994E-05 0.9993
0.182649 0.0246722 0.0160172 0.124936 0.0170152 9.9991E-05 0.00498911 0.629622
0.0245229 0.0788555 0.0798952 9.9982E-05 0.00988396 0.136856 9.9982E-05 0.669786
0.102218 0.0112168 9.9964E-05 0.0532514 9.9964E-05 9.9964E-05 9.9964E-05 0.832914
9.994E-05 9.994E-05 9.994E-05 9.994E-05 9.994E-05 9.994E-05 9.994E-05 0.9993
9.99461E-05 9.99461E-05 9.99461E-05 9.99461E-05 9.99461E-05 9.99461E-05 0.0198609 0.979539
9.994E-05 9.994E-05 9.994E-05 9.994E-05 9.994E-05 9.994E-05 9.994E-05 0.9993
9.9973E-05 9.9973E-05 0.0863663 0.02268 9.9973E-05 0.0347929 0.107042 0.748819
9.994E-05 9.994E-05 9.994E-05 9.994E-05 9.994E-05 9.994E-05 0.866634 0.132766
9.99461E-05 9.99461E-05 9.99461E-05 9.99461E-05 9.99461E-05 9.99461E-05 0.925852 0.0735479
9.994E-05 9.994E-05 9.994E-05 9.994E-05 9.994E-05 9.994E-05 0.962374 0.0370261
9.99641E-05 9.99641E-05 9.99641E-05 0.0448358 0.0897598 0.0293443 0.83566 9.99641E-05
9.9964E-05 0.0511908 0.131356 9.9964E-05 0.0331227 9.9964E-05 0.783931 9.9964E-05
0.099459 9.9991E-05 0.0789887 0.0553242 0.00983239 0.0754682 0.671024 0.00980357
9.996E-05 9.996E-05 0.0806915 0.0311561 9.996E-05 0.0113509 0.876402 9.996E-05
9.995E-05 9.995E-05 9.995E-05 0.147777 0.0640721 9.995E-05 0.787651 9.995E-05
0.00286971 9.996E-05 9.996E-05 0.0619164 0.0776197 9.996E-05 0.857194 9.996E-05
9.994E-05 9.994E-05 9.994E-05 9.994E-05 0.9993 9.994E-05 9.994E-05 9.994E-05
9.994E-05 9.994E-05 9.994E-05 9.994E-05 0.9993 9.994E-05 9.994E-05 9.994E-05
9.99551E-05 0.00145032 9.99551E-05 9.99551E-05 0.979161 9.99551E-05 9.99551E-05 0.0188887
9.9964E-05 9.9964E-05 0.0383453 0.105469 0.12936 9.9964E-05 0.726426 9.9964E-05
9.9973E-05 9.9973E-05 0.187717 0.61039 0.0136828 0.133693 0.0542176 9.9973E-05
9.99641E-05 0.00902173 0.21343 0.762737 9.99641E-05 9.99641E-05 9.99641E-05 0.0144105
0.0288489 0.0132778 9.9982E-05 0.787374 0.00878432 0.157217 9.9982E-05 0.00429814
0.0716213 9.9982E-05 0.118552 0.691816 0.0103043 9.9982E-05 0.092508 0.0149989
0.0491101 9.9982E-05 0.0870975 0.757264 0.0257263 0.0458574 0.0347448 9.9982E-05
9.994E-05 9.994E-05 9.994E-05 0.9993 9.994E-05 9.994E-05 9.994E-05 9.994E-05
9.994E-05 9.994E-05 9.994E-05 0.9993 9.994E-05 9.994E-05 9.994E-05 9.994E-05
9.99461E-05 9.99461E-05 9.99461E-05 0.948022 9.99461E-05 0.0513782 9.99461E-05 9.99461E-05
0.0216255 9.99551E-05 9.99551E-05 0.92197 9.99551E-05 0.0559047 9.99551E-05 9.99551E-05
9.994E-05 9.994E-05 9.994E-05 0.9993 9.994E-05 9.994E-05 9.994E-05 9.994E-05
9.99641E-05 9.99641E-05 9.99641E-05 0.94161 0.0255584 0.0289145 9.99641E-05 0.00351723
0.0559617 0.117615 0.164697 0.504961 9.9982E-05 9.9982E-05 0.126396 0.0301689
0.157603 0.0554125 0.172575 0.30219 0.0163671 0.16725 0.0961362 0.0324654
0.0597044 0.0207246 0.0128229 0.676876 0.00709176 0.109243 9.9991E-05 0.113437
9.9982E-05 0.00806909 0.429172 0.0600163 0.00445632 0.441696 0.0563899 9.9982E-05
9.9973E-05 0.0758182 0.790383 0.116638 0.0049769 9.9973E-05 0.0118837 9.9973E-05
9.994E-05 9.994E-05 0.9993 9.994E-05 9.994E-05 9.994E-05 9.994E-05 9.994E-05
9.9973E-05 9.9973E-05 0.246992 0.0592065 0.00173611 0.62681 0.0649555 9.9973E-05
9.9982E-05 0.00802552 0.354102 0.0356437 0.030719 0.563369 0.0079411 9.9982E-05
9.994E-05 9.994E-05 0.9993 9.994E-05 9.994E-05 9.994E-05 9.994E-05 9.994E-05
9.99461E-05 9.99461E-05 0.991641 9.99461E-05 0.0077598 9.99461E-05 9.99461E-05 9.99461E-05
9.9973E-05 0.0327875 0.90357 0.0402457 0.0114348 9.9973E-05 9.9973E-05 0.0116622
9.994E-05 9.994E-05 0.9993 9.994E-05 9.994E-05 9.994E-05 9.994E-05 9.994E-05
9.9982E-05 0.00390005 0.22622 0.191689 9.9982E-05 0.463743 0.0228735 0.0913746
9.99551E-05 9.99551E-05 0.972719 9.99551E-05 0.00837895 0.0184024 9.99551E-05 9.99551E-05
9.99462E-05 9.99462E-05 9.99462E-05 0.10125 9.99462E-05 0.898151 9.99462E-05 9.99462E-05
0.00397375 9.99641E-05 9.99641E-05 0.0694164 0.0197032 0.906507 9.99641E-05 9.99641E-05
0.0874532 0.16523 0.206773 0.189886 0.0453146 0.226033 9.9991E-05 0.0792113
9.99551E-05 9.99551E-05 0.764387 9.99551E-05 9.99551E-05 0.227462 9.99551E-05 0.00765109
0.169818 9.9973E-05 0.159268 0.134936 0.0221681 0.513511 9.9973E-05 9.9973E-05
0.0146676 0.123938 0.217816 0.0169232 9.9991E-05 0.524532 0.0684597 0.0335632
0.586182 9.9982E-05 0.0602087 0.0562918 9.9982E-05 0.243415 0.0441216 0.00958072
0.445466 9.9964E-05 0.213398 9.9964E-05 9.9964E-05 0.278793 0.0619427 9.9964E-05
9.9982E-05 0.0879263 0.186612 0.00814187 9.9982E-05 0.638088 0.0195623 0.0594697
9.99551E-05 9.99551E-05 9.99551E-05 0.0510822 0.0359754 0.912443 9.99551E-05 9.99551E-05
0.172292 0.0805805 0.647912 0.000799781 0.05479 0.0434252 9.9982E-05 9.9982E-05
0.292029 9.9991E-05 0.139163 0.0791878 0.0446216 0.411392 0.0023927 0.0311146
0.0726967 9.99461E-05 9.99461E-05 9.99461E-05 9.99461E-05 0.926704 9.99461E-05 9.99461E-05
0.241592 9.9973E-05 0.498844 0.0563939 9.9973E-05 0.1923 9.9973E-05 0.0105714
9.994E-05 9.994E-05 9.994E-05 9.994E-05 9.994E-05 0.9993 9.994E-05 9.994E-05
9.9982E-05 0.0875569 0.111312 0.118217 9.9982E-05 0.622371 0.058342 0.0020017
0.239086 9.9973E-05 0.56232 0.03389 0.00730558 0.157098 9.9973E-05 9.9973E-05
9.99461E-05 9.99461E-05 9.99461E-05 9.99461E-05 9.99461E-05 0.989837 9.99461E-05 0.0095638
0.0679502 9.99641E-05 0.119956 9.99641E-05 9.99641E-05 0.793631 9.99641E-05 0.0180626
0.0821219 9.99641E-05 0.0865828 9.99641E-05 0.00144726 0.829448 9.99641E-05 9.99641E-05
0.0950239 0.0306172 9.9973E-05 0.0264755 9.9973E-05 0.832898 9.9973E-05 0.0146852
0.0889989 0.033736 0.0461837 9.9982E-05 0.033178 0.796169 0.0015344 9.9982E-05
0.00193579 0.106217 9.99551E-05 9.99551E-05 9.99551E-05 0.891348 9.99551E-05 9.99551E-05
0.905401 9.99641E-05 9.99641E-05 0.00632808 9.99641E-05 0.0841648 0.00370617 9.99641E-05
9.994E-05 9.994E-05 9.994E-05 9.994E-05 9.994E-05 0.9993 9.994E-05 9.994E-05
0.730704 9.9964E-05 0.170689 9.9964E-05 9.9964E-05 0.0795397 0.0186671 9.9964E-05
9.9982E-05 0.0372298 0.140156 9.9982E-05 0.0122142 0.776176 0.0231052 0.010919
0.993597 0.000323499 9.99551E-05 9.99551E-05 9.99551E-05 9.99551E-05 9.99551E-05 0.00558006
0.962194 0.0184471 9.99551E-05 9.99551E-05 0.0188593 9.99551E-05 9.99551E-05 9.99551E-05
0.988696 9.99461E-05 9.99461E-05 9.99461E-05 0.0107041 9.99461E-05 9.99461E-05 9.99461E-05
0.483345 0.394846 9.9991E-05 0.0460574 0.0152265 0.0205391 0.00423433 0.0356526
0.9993 9.994E-05 9.994E-05 9.994E-05 9.994E-05 9.994E-05 9.994E-05 9.994E-05
0.985671 9.99551E-05 9.99551E-05 0.012225 0.00160414 9.99551E-05 9.99551E-05 9.99551E-05
0.9993 9.994E-05 9.994E-05 9.994E-05 9.994E-05 9.994E-05 9.994E-05 9.994E-05
9.99551E-05 0.935621 9.99551E-05 0.0127726 9.99551E-05 0.0511062 9.99551E-05 9.99551E-05
0.131098 0.857977 0.00725082 9.99641E-05 0.00327412 9.99641E-05 9.99641E-05 9.99641E-05
9.99461E-05 0.888809 0.110591 9.99461E-05 9.99461E-05 9.99461E-05 9.99461E-05 9.99461E-05
0.0771626 0.916114 0.00622317 9.99551E-05 9.99551E-05 9.99551E-05 9.99551E-05 9.99551E-05
0.122708 0.86166 9.99551E-05 0.0151328 9.99551E-05 9.99551E-05 9.99551E-05 9.99551E-05
9.9973E-05 0.758002 0.00994438 0.024925 9.9973E-05 0.206414 0.00041382 9.9973E-05
0.083827 0.810394 9.9964E-05 0.0525007 9.9964E-05 0.0528785 9.9964E-05 9.9964E-05
0.0178276 0.931304 9.99641E-05 0.0487346 9.99641E-05 9.99641E-05 0.00173387 9.99641E-05
9.994E-05 0.886531 9.994E-05 9.994E-05 9.994E-05 0.112869 9.994E-05 9.994E-05
0.119158 0.875043 9.99551E-05 9.99551E-05 0.00529938 9.99551E-05 9.99551E-05 9.99551E-05
9.994E-05 0.9993 9.994E-05 9.994E-05 9.994E-05 9.994E-05 9.994E-05 9.994E-05
9.99551E-05 0.965536 9.99551E-05 9.99551E-05 9.99551E-05 9.99551E-05 0.012718 0.021246
9.99461E-05 0.997031 9.99461E-05 9.99461E-05 0.00236926 9.99461E-05 9.99461E-05 9.99461E-05
