0.00666094 0.206675 9.9991E-05 0.0176169 0.0642896 0.704657
0.186968 0.0662049 0.0485636 0.0227196 0.657919 0.0176251
0.114994 0.107729 9.9991E-05 0.0314336 0.708651 0.0370927
0.206289 0.134431 0.0620242 0.018188 0.556827 0.022241
0.131711 0.0812068 9.9982E-05 9.9982E-05 0.752666 0.0342165
9.99821E-05 9.99821E-05 0.0963877 0.475535 0.378303 0.0495751
9.9982E-05 9.9982E-05 0.886112 0.037543 0.000228039 0.0759174
9.9982E-05 9.9982E-05 0.858633 0.0657818 0.0231076 0.0522776
9.9973E-05 9.9973E-05 0.851426 0.105025 9.9973E-05 0.0432487
9.99641E-05 9.99641E-05 9.99641E-05 0.633445 0.366156 9.99641E-05
9.996E-05 9.996E-05 9.996E-05 0.9995 9.996E-05 9.996E-05
9.996E-05 9.996E-05 9.996E-05 0.9995 9.996E-05 9.996E-05
9.99821E-05 9.99821E-05 0.0196877 0.450015 0.529796 0.000300747
9.996E-05 9.996E-05 9.996E-05 0.9995 9.996E-05 9.996E-05
9.99731E-05 9.99731E-05 0.0541228 0.904599 0.0409787 9.99731E-05
9.9973E-05 9.9973E-05 0.0460753 0.385577 0.568048 9.9973E-05
9.9982E-05 9.9982E-05 0.0513244 0.250353 0.558558 0.139564
9.999E-05 0.175306 0.36679 0.23616 0.127074 0.0945705
9.9982E-05 9.9982E-05 0.0292435 0.273777 0.57413 0.12265
9.9982E-05 9.9982E-05 0.0775443 0.27362 0.541427 0.107209
9.999E-05 0.134562 0.0824788 0.178427 0.394402 0.210031
9.9982E-05 9.9982E-05 0.052742 0.264076 0.675884 0.00709758
9.9982E-05 9.9982E-05 0.0907554 0.209105 0.598651 0.101289
9.9982E-05 9.9982E-05 0.0619172 0.28809 0.569736 0.0800572
9.99641E-05 9.99641E-05 9.99641E-05 0.968728 0.0308722 9.99641E-05
0.00821827 0.0447692 0.105637 0.215501 0.492762 0.133112
0.00747049 0.0553584 9.9982E-05 0.913538 9.9982E-05 0.0234334
9.9982E-05 0.0344113 9.9982E-05 0.878109 0.0406994 0.0465807
9.996E-05 9.996E-05 9.996E-05 0.9995 9.996E-05 9.996E-05
9.9982E-05 9.9982E-05 0.0665151 0.285161 0.527008 0.121116
9.9982E-05 9.9982E-05 0.0487384 0.239866 0.551812 0.159384
0.0406318 9.99641E-05 9.99641E-05 0.958968 9.99641E-05 9.99641E-05
9.9982E-05 9.9982E-05 0.0504696 0.240258 0.579372 0.129701
9.99641E-05 9.99641E-05 9.99641E-05 0.982538 0.0170617 9.99641E-05
0.139376 0.108414 0.00610388 0.580747 0.0934451 0.0719139
0.128692 0.0974789 0.0646044 0.531181 0.0470803 0.130963
0.0623924 0.108892 0.0289495 0.70469 0.052995 0.0420811
0.0718165 0.0126006 0.00529127 0.83615 0.00573291 0.0684088
0.0672259 0.09164 9.9991E-05 0.762386 0.00919433 0.069454
0.0333275 0.0493177 9.9973E-05 0.917055 9.9973E-05 9.9973E-05
9.99731E-05 0.0213355 9.99731E-05 0.97667 9.99731E-05 0.00169436
0.00942787 0.133122 0.0543901 0.721897 0.0239145 0.0572481
0.0116811 0.210914 0.0455568 0.563797 0.0652668 0.102784
9.99641E-05 0.0160962 9.99641E-05 0.983504 9.99641E-05 9.99641E-05
0.0443802 0.133353 0.0248555 0.635019 0.0640141 0.0983787
9.99641E-05 9.99641E-05 9.99641E-05 0.994768 9.99641E-05 0.00483238
0.0722754 0.00812929 9.9982E-05 0.894392 9.9982E-05 0.0250033
9.996E-05 9.996E-05 0.9995 9.996E-05 9.996E-05 9.996E-05
9.9982E-05 9.9982E-05 0.0904378 0.164485 0.573034 0.171843
0.00919736 9.9973E-05 9.9973E-05 0.97216 9.9973E-05 0.0183426
9.9982E-05 9.9982E-05 0.0523808 0.205846 0.609831 0.131741
0.0232915 0.0320802 0.821562 0.0182892 0.104677 9.9991E-05
0.0422734 0.132303 0.615299 0.0527795 0.122032 0.0353121
9.99641E-05 9.99641E-05 0.973915 0.0256855 9.99641E-05 9.99641E-05
0.0229894 9.9973E-05 0.967985 0.0087252 9.9973E-05 9.9973E-05
0.0699217 0.0933165 0.0113079 0.741911 0.0641258 0.0194173
0.0468443 0.037834 0.0090511 0.035083 0.138677 0.732511
0.0163714 0.044973 0.0325213 0.0213891 0.146011 0.738734
0.0367331 0.0479195 0.028008 0.0193077 0.09474 0.773292
9.99641E-05 9.99641E-05 9.99641E-05 9.99641E-05 0.0933975 0.906203
9.99641E-05 9.99641E-05 9.99641E-05 9.99641E-05 0.0716229 0.927977
0.130718 0.16874 0.0518261 0.0850042 0.15683 0.406881
0.0262839 0.0408042 0.0192924 0.0498875 0.103471 0.760261
9.9982E-05 9.9982E-05 0.0154239 0.0149009 0.0544474 0.915028
9.9982E-05 9.9982E-05 0.0339179 0.00629268 0.10852 0.851069
9.9982E-05 9.9982E-05 0.0602803 0.0137765 0.0905072 0.835236
0.0405618 0.00126409 0.0500868 0.0445838 0.080557 0.782947
9.9991E-05 0.0272583 0.00108992 0.149993 0.677067 0.144492
9.9991E-05 0.0990064 0.0206226 0.0827268 0.766527 0.0310177
9.99731E-05 9.99731E-05 0.0268566 0.0550727 0.917771 9.99731E-05
9.9982E-05 0.0271942 0.0630891 0.109741 0.799775 9.9982E-05
0.0229089 0.229771 0.0392764 0.0724034 0.584315 0.0513251
0.0262294 0.0744431 0.0126662 0.0685103 0.785706 0.0324446
0.15634 0.0358878 0.0268253 0.0481824 0.570836 0.161928
0.0193316 0.225418 0.0363598 0.128871 0.47041 0.119609
9.99731E-05 9.99731E-05 0.0405839 0.0640328 0.895083 9.99731E-05
0.01065 9.9982E-05 9.9982E-05 0.0994269 0.869626 0.0200972
9.99731E-05 9.99731E-05 0.0413101 0.0620355 0.896355 9.99731E-05
9.9982E-05 9.9982E-05 0.0585391 0.152249 0.619627 0.169385
9.9982E-05 9.9982E-05 0.0304259 0.14835 0.691687 0.129338
9.996E-05 9.996E-05 9.996E-05 9.996E-05 9.996E-05 0.9995
9.99641E-05 9.99641E-05 9.99641E-05 9.99641E-05 0.00513127 0.994469
0.00183165 9.9982E-05 0.00765562 0.00749691 9.9982E-05 0.982816
0.0330829 0.011981 9.99731E-05 9.99731E-05 9.99731E-05 0.954636
9.9973E-05 9.9973E-05 0.00891772 9.9973E-05 0.0428341 0.947948
9.99641E-05 0.012223 9.99641E-05 9.99641E-05 9.99641E-05 0.987377
9.996E-05 9.996E-05 9.996E-05 9.996E-05 9.996E-05 0.9995
9.996E-05 9.996E-05 9.996E-05 9.996E-05 9.996E-05 0.9995
9.99641E-05 9.99641E-05 9.99641E-05 0.0201193 9.99641E-05 0.979481
9.996E-05 9.996E-05 9.996E-05 9.996E-05 9.996E-05 0.9995
9.99641E-05 9.99641E-05 0.00418366 9.99641E-05 9.99641E-05 0.995416
9.996E-05 9.996E-05 9.996E-05 9.996E-05 9.996E-05 0.9995
9.996E-05 9.996E-05 9.996E-05 9.996E-05 9.996E-05 0.9995
9.996E-05 9.996E-05 9.996E-05 9.996E-05 9.996E-05 0.9995
9.996E-05 9.996E-05 0.9995 9.996E-05 9.996E-05 9.996E-05
9.996E-05 9.996E-05 0.9995 9.996E-05 9.996E-05 9.996E-05
9.996E-05 9.996E-05 0.9995 9.996E-05 9.996E-05 9.996E-05
9.996E-05 9.996E-05 0.9995 9.996E-05 9.996E-05 9.996E-05
9.996E-05 9.996E-05 0.9995 9.996E-05 9.996E-05 9.996E-05
0.284318 0.0568213 9.9991E-05 0.00695561 0.648865 0.00294026
0.179427 9.9973E-05 9.9973E-05 9.9973E-05 0.805526 0.014747
0.162871 0.0235686 9.99731E-05 9.99731E-05 0.81326 9.99731E-05
0.167419 9.99641E-05 9.99641E-05 9.99641E-05 0.832181 9.99641E-05
0.185268 0.0164922 9.99731E-05 9.99731E-05 0.79794 9.99731E-05
0.182741 9.99731E-05 9.99731E-05 9.99731E-05 0.800291 0.0166677
0.0623429 0.0394642 9.9991E-05 0.00858193 0.838784 0.0507273
0.142872 9.99641E-05 9.99641E-05 9.99641E-05 0.856729 9.99641E-05
9.99641E-05 0.306616 0.692984 9.99641E-05 9.99641E-05 9.99641E-05
9.99641E-05 0.358624 0.640976 9.99641E-05 9.99641E-05 9.99641E-05
0.0955618 0.212712 9.9982E-05 0.067401 9.9982E-05 0.624126
0.170704 0.248288 9.9991E-05 0.0891999 0.0376798 0.454028
0.13704 0.241951 9.9982E-05 0.0475956 9.9982E-05 0.573214
0.178972 0.0124701 9.99731E-05 9.99731E-05 0.808258 9.99731E-05
0.196179 9.99731E-05 9.99731E-05 9.99731E-05 0.775445 0.0280765
0.285474 9.99731E-05 9.99731E-05 9.99731E-05 0.692917 0.0213089
0.260526 9.99641E-05 9.99641E-05 9.99641E-05 0.739074 9.99641E-05
0.229505 0.00634405 9.99731E-05 9.99731E-05 0.763851 9.99731E-05
0.331251 9.9982E-05 0.0103269 0.0017232 0.656499 9.9982E-05
0.266448 0.0184574 0.0119742 9.9982E-05 0.70292 9.9982E-05
0.144986 0.035965 9.99731E-05 9.99731E-05 0.818749 9.99731E-05
0.242951 0.0216227 9.9982E-05 0.00686859 0.728357 9.9982E-05
0.298113 0.0404658 9.9973E-05 9.9973E-05 0.661121 9.9973E-05
0.251434 0.0365971 9.99731E-05 9.99731E-05 0.711669 9.99731E-05
0.257408 0.00397007 9.99731E-05 9.99731E-05 0.738322 9.99731E-05
0.149293 0.185754 0.00298681 0.0148782 0.61547 0.0316181
0.304998 0.0688429 0.0388655 0.00309186 0.497036 0.0871665
0.144953 0.141126 0.0109179 0.0156515 0.642204 0.0451468
0.14375 0.122235 0.0142904 9.9991E-05 0.679817 0.039808
0.175904 0.137557 0.0054896 9.9991E-05 0.676371 0.0045774
0.261531 0.101648 0.00405527 9.9982E-05 0.632566 9.9982E-05
0.260658 0.12775 0.0273655 9.9982E-05 0.584026 9.9982E-05
0.175988 0.0432792 9.9982E-05 9.9982E-05 0.758424 0.0221088
0.102777 9.99731E-05 9.99731E-05 9.99731E-05 0.887462 0.00946107
0.145198 0.0423378 0.00710097 9.9991E-05 0.796109 0.00915496
0.204476 0.00594006 9.9982E-05 9.9982E-05 0.781686 0.00769813
0.232032 0.0479703 9.9973E-05 9.9973E-05 0.719697 9.9973E-05
0.170468 9.99641E-05 9.99641E-05 9.99641E-05 0.829132 9.99641E-05
0.290618 0.0504988 9.99731E-05 9.99731E-05 0.658583 9.99731E-05
0.243435 0.128967 0.0301261 0.0180924 0.537611 0.041769
0.174169 0.0830367 0.0365574 9.9991E-05 0.638802 0.0673343
0.101683 0.169053 0.0610136 9.9991E-05 0.585835 0.0823164
0.13491 0.209283 0.0287556 0.0238733 0.586403 0.0167751
0.0574961 0.225378 0.00270063 0.0226554 0.641532 0.0502378
0.297085 0.00970587 9.99731E-05 9.99731E-05 0.692909 9.99731E-05
0.313377 0.018827 9.9973E-05 9.9973E-05 0.667497 9.9973E-05
0.788988 9.99731E-05 0.0388427 9.99731E-05 0.17187 9.99731E-05
0.65572 0.125622 9.9973E-05 9.9973E-05 0.218358 9.9973E-05
0.712974 9.99641E-05 9.99641E-05 9.99641E-05 0.286626 9.99641E-05
0.567441 0.114404 0.0240281 0.0256102 0.203556 0.0649604
0.852486 9.9982E-05 0.0244118 9.9982E-05 0.107083 0.0158192
0.399866 0.186713 0.0139507 0.0854192 0.266047 0.0480047
0.742184 9.99731E-05 9.99731E-05 0.0225878 0.234928 9.99731E-05
0.864261 9.9991E-05 0.00893391 0.00524768 0.0675281 0.0539294
0.366625 0.147152 0.0743814 0.0426051 0.284895 0.0843417
0.376392 0.240343 0.0157885 0.0481155 0.219343 0.100018
0.824628 0.0277421 9.9982E-05 9.9982E-05 0.141523 0.00590684
0.174541 0.0167501 9.99731E-05 9.99731E-05 0.808409 9.99731E-05
0.506094 9.99731E-05 0.189981 9.99731E-05 0.303625 9.99731E-05
0.330698 0.11292 9.9973E-05 9.9973E-05 0.556083 9.9973E-05
0.318995 0.188524 9.9982E-05 0.039279 0.453002 9.9982E-05
0.38335 0.0244453 0.0313824 9.9991E-05 0.528044 0.0326775
0.494859 0.0733286 9.99731E-05 9.99731E-05 0.431513 9.99731E-05
0.756904 0.109289 9.99731E-05 9.99731E-05 0.133507 9.99731E-05
0.445275 9.99641E-05 9.99641E-05 9.99641E-05 0.554325 9.99641E-05
0.536035 0.0871048 0.0179985 9.9991E-05 0.322347 0.0364142
0.81934 0.0665249 9.9991E-05 0.030051 0.0824577 0.00152665
0.854298 0.115528 9.99731E-05 9.99731E-05 9.99731E-05 0.0298742
0.962649 9.99731E-05 0.0312205 9.99731E-05 9.99731E-05 0.00583042
0.924792 0.0071568 0.011996 9.9982E-05 9.9982E-05 0.0558554
0.844267 0.0654218 0.0099655 0.0277979 0.0524475 9.9991E-05
0.94911 0.00321923 9.99829E-05 0.01563 0.0318411 9.99829E-05
0.806437 0.0662834 0.0295834 9.9991E-05 0.0621968 0.0353994
0.926549 0.0270751 9.9982E-05 0.020115 0.0260612 9.9982E-05
0.972392 9.9973E-05 9.9973E-05 0.0125285 0.0147795 9.9973E-05
0.951681 0.0159812 0.0221024 0.0100356 9.9982E-05 9.9982E-05
0.9995 9.996E-05 9.996E-05 9.996E-05 9.996E-05 9.996E-05
0.931305 0.0338305 0.034565 9.99731E-05 9.99731E-05 9.99731E-05
0.919619 9.9973E-05 9.9973E-05 9.9973E-05 0.0712854 0.00879524
0.985366 9.99731E-05 0.00736203 9.99731E-05 0.00697249 9.99731E-05
0.833994 0.0105244 9.9982E-05 0.00340135 0.15188 9.9982E-05
0.898274 0.0389229 9.99731E-05 9.99731E-05 0.062503 9.99731E-05
0.975151 0.00453592 0.0119841 9.9982E-05 9.9982E-05 0.00812902
0.888853 0.0247387 9.9982E-05 9.9982E-05 0.0516629 0.0345452
0.949643 0.0257569 0.00450033 9.9982E-05 9.9982E-05 0.0198996
0.944296 0.0321905 0.0232133 9.99731E-05 9.99731E-05 9.99731E-05
0.891495 0.0796702 9.9973E-05 9.9973E-05 0.0285345 9.9973E-05
0.943252 9.99731E-05 9.99731E-05 9.99731E-05 0.0362784 0.0201698
0.950517 9.99641E-05 9.99641E-05 9.99641E-05 9.99641E-05 0.0490836
0.883699 0.0826691 0.0124711 9.9982E-05 9.9982E-05 0.0209606
0.628537 0.265581 0.00425516 0.0181159 9.9991E-05 0.083411
0.872519 0.0463388 0.0415673 0.0363381 9.9991E-05 0.0031368
0.935817 0.0246991 0.0220772 9.9982E-05 9.9982E-05 0.0172067
0.848092 0.0645042 9.9982E-05 0.0400208 9.9982E-05 0.0471829
0.797875 0.142675 9.9982E-05 0.0115561 9.9982E-05 0.0476943
0.745873 0.148093 0.0176194 0.0502613 0.0318426 0.00631165
0.903603 0.0411929 0.0461352 0.00886877 9.9982E-05 9.9982E-05
0.89507 0.0725403 0.0100808 9.9982E-05 9.9982E-05 0.022109
0.844227 0.123024 0.00168853 0.0244688 9.9991E-05 0.00649203
0.762377 0.100255 0.0231918 0.0226629 0.0670111 0.0245026
0.4707 0.0913996 0.0977416 0.0326152 0.212716 0.094827
0.0254649 0.613612 0.0505914 0.00708293 0.196934 0.106315
0.088004 0.659484 0.03044 0.0351251 0.12205 0.064897
0.00997177 0.732843 0.0354774 0.0401694 0.0635429 0.117995
0.11493 0.631065 0.0417807 0.048216 0.0411158 0.122892
0.0340273 0.917495 0.00849161 0.00702434 9.9991E-05 0.032862
9.9982E-05 0.912932 0.0636434 0.00923425 9.9982E-05 0.01399
9.9982E-05 0.822517 9.9982E-05 0.0376607 0.09634 0.0432821
0.105468 0.872508 9.99731E-05 9.99731E-05 9.99731E-05 0.0217243
0.0565581 0.879841 9.9991E-05 0.0088669 0.00306542 0.0515685
9.9973E-05 0.930226 9.9973E-05 9.9973E-05 0.0025542 0.0669197
0.045208 0.910495 9.9991E-05 0.0122826 0.0144652 0.0174489
0.084369 0.915231 9.99641E-05 9.99641E-05 9.99641E-05 9.99641E-05
0.0489499 0.919683 9.99821E-05 0.0167087 9.99821E-05 0.0144582
0.0317965 0.934868 9.9991E-05 0.0104468 0.019118 0.00367037
0.0587709 0.827271 0.0245382 0.0130667 0.0573341 0.0190189
9.99641E-05 0.996446 0.00315464 9.99641E-05 9.99641E-05 9.99641E-05
0.0352116 0.964389 9.99641E-05 9.99641E-05 9.99641E-05 9.99641E-05
0.0533514 0.940976 9.99731E-05 0.00537224 9.99731E-05 9.99731E-05
9.99731E-05 0.914162 9.99731E-05 9.99731E-05 0.0827634 0.0027744
9.9991E-05 0.904962 0.0344093 0.000736434 0.0323976 0.0273946
9.99641E-05 0.952963 0.0466376 9.99641E-05 9.99641E-05 9.99641E-05
9.996E-05 0.9995 9.996E-05 9.996E-05 9.996E-05 9.996E-05
9.99731E-05 0.960663 0.0148407 9.99731E-05 0.0241965 9.99731E-05
9.9991E-05 0.930103 0.0278518 0.00687459 0.00639275 0.0286775
9.99641E-05 0.989256 0.0103441 9.99641E-05 9.99641E-05 9.99641E-05
9.996E-05 0.9995 9.996E-05 9.996E-05 9.996E-05 9.996E-05
0.00733126 0.752397 0.0588243 9.9991E-05 0.118488 0.0628591
0.0255959 0.974004 9.99641E-05 9.99641E-05 9.99641E-05 9.99641E-05
0.0163232 0.952679 0.0087725 0.00596635 0.016159 9.9991E-05
9.996E-05 0.9995 9.996E-05 9.996E-05 9.996E-05 9.996E-05
0.0569668 0.942633 9.99641E-05 9.99641E-05 9.99641E-05 9.99641E-05
9.996E-05 0.9995 9.996E-05 9.996E-05 9.996E-05 9.996E-05
9.996E-05 0.9995 9.996E-05 9.996E-05 9.996E-05 9.996E-05
0.0341393 0.965461 9.99641E-05 9.99641E-05 9.99641E-05 9.99641E-05
9.996E-05 0.9995 9.996E-05 9.996E-05 9.996E-05 9.996E-05
9.996E-05 0.9995 9.996E-05 9.996E-05 9.996E-05 9.996E-05
0.0416718 0.94851 9.99731E-05 9.99731E-05 9.99731E-05 0.00951799
0.0798023 0.88221 0.0376877 9.99731E-05 9.99731E-05 9.99731E-05
9.99731E-05 0.938857 0.000190532 9.99731E-05 9.99731E-05 0.0606523
0.108918 0.821662 0.064148 0.00507202 9.9982E-05 9.9982E-05
9.996E-05 0.9995 9.996E-05 9.996E-05 9.996E-05 9.996E-05
9.996E-05 0.9995 9.996E-05 9.996E-05 9.996E-05 9.996E-05
9.996E-05 0.9995 9.996E-05 9.996E-05 9.996E-05 9.996E-05
9.996E-05 0.9995 9.996E-05 9.996E-05 9.996E-05 9.996E-05
9.996E-05 0.9995 9.996E-05 9.996E-05 9.996E-05 9.996E-05
9.99641E-05 0.995014 0.0045859 9.99641E-05 9.99641E-05 9.99641E-05
9.99641E-05 0.969735 9.99641E-05 9.99641E-05 9.99641E-05 0.0298651
9.9982E-05 0.966157 0.00525266 9.9982E-05 0.0263698 0.00202096
9.99731E-05 0.924019 9.99731E-05 9.99731E-05 0.0465546 0.0291262
0.0316854 0.712985 0.0244225 0.0176512 0.161202 0.0520538
0.122107 0.815681 0.0212922 9.9991E-05 0.00166488 0.0391554
0.121472 0.799604 9.9982E-05 0.0449067 9.9982E-05 0.0338166
9.9982E-05 0.787039 0.0366921 9.9982E-05 0.100091 0.0759774
0.103906 0.725085 0.0528888 0.0413235 0.0732783 0.00351784
9.9991E-05 0.887046 0.0146789 0.0233227 0.0722576 0.00259478
9.9982E-05 0.817882 0.072409 0.0493806 9.9982E-05 0.0601289
0.0848837 0.611648 0.0481243 0.030992 0.150651 0.0737009
0.0723627 0.855148 0.000651637 9.9991E-05 0.0426542 0.0290834
9.9991E-05 0.778271 0.0597681 0.0401575 0.0938781 0.027825
9.9991E-05 0.923627 0.00172101 0.0134561 0.0225597 0.0385367
0.0343824 0.810999 0.0505985 0.00737501 0.00139758 0.0952471
0.0747462 0.765548 0.0139701 0.0229206 0.102525 0.0202898
0.0362406 0.924439 0.010558 0.00836387 0.020299 9.9991E-05
0.0732798 0.783352 9.9991E-05 0.0316407 0.0551094 0.0565181
0.0801473 0.848407 0.028653 9.9991E-05 0.023517 0.0191758
0.0102035 0.926996 9.99731E-05 9.99731E-05 0.062501 9.99731E-05
9.9982E-05 0.838121 0.130443 9.9982E-05 0.0120373 0.0191982
9.9982E-05 0.829683 0.113249 9.9982E-05 0.00133626 0.0555311
0.0308685 0.831168 0.113671 9.9991E-05 0.0091963 0.0149962
0.0862467 0.560075 0.075276 0.0564216 0.169644 0.0523366
0.044674 0.659237 0.0461969 0.0247929 0.122438 0.102661
