0.0128638 0.0849727 9.99648E-05 0.762645 9.99648E-05 0.108074 9.99648E-05 9.99648E-05 0.0310451
9.99461E-05 0.0181268 9.99461E-05 0.952968 9.99461E-05 0.0283058 9.99461E-05 9.99461E-05 9.99461E-05
9.993E-05 9.993E-05 9.993E-05 0.999201 9.993E-05 9.993E-05 9.993E-05 9.993E-05 9.993E-05
0.00796088 0.0362038 0.0828798 0.636655 0.109453 0.00491995 0.00738353 0.0801532 0.0343913
0.0108524 0.0543441 9.9991E-05 0.649822 0.0584514 0.100889 0.0330922 0.0665802 0.0258682
9.9973E-05 0.0216841 0.0846717 0.804942 9.9973E-05 9.9973E-05 0.0232686 0.04787 0.0172641
9.993E-05 9.993E-05 9.993E-05 0.999201 9.993E-05 9.993E-05 9.993E-05 9.993E-05 9.993E-05
9.99371E-05 9.99371E-05 9.99371E-05 0.974657 9.99371E-05 9.99371E-05 9.99371E-05 9.99371E-05 0.0246433
9.993E-05 9.993E-05 9.993E-05 0.999201 9.993E-05 9.993E-05 9.993E-05 9.993E-05 9.993E-05
0.010479 0.0302527 9.9991E-05 0.733493 0.0802132 0.0112519 0.00944635 0.00658414 0.11818
9.99371E-05 9.99371E-05 9.99371E-05 0.134472 9.99371E-05 9.99371E-05 9.99371E-05 9.99371E-05 0.864829
9.99371E-05 9.99371E-05 9.99371E-05 0.0968872 9.99371E-05 9.99371E-05 9.99371E-05 9.99371E-05 0.902413
9.99371E-05 9.99371E-05 9.99371E-05 0.0467197 9.99371E-05 9.99371E-05 9.99371E-05 9.99371E-05 0.952581
0.0539249 9.99641E-05 0.00547423 9.99641E-05 9.99641E-05 9.99641E-05 0.00917369 0.019485 0.911542
0.066494 0.105144 9.9973E-05 9.9973E-05 9.9973E-05 0.0420048 0.0105555 0.0102172 0.765284
0.0333949 0.0531482 0.043483 0.0243965 0.128234 0.0317285 0.0262595 9.9991E-05 0.659256
9.99371E-05 9.99371E-05 9.99371E-05 9.99371E-05 0.0985565 9.99371E-05 9.99371E-05 9.99371E-05 0.900744
0.0721665 9.99461E-05 0.129338 9.99461E-05 9.99461E-05 9.99461E-05 9.99461E-05 9.99461E-05 0.797896
0.0877386 9.99461E-05 0.0423373 9.99461E-05 9.99461E-05 9.99461E-05 9.99461E-05 9.99461E-05 0.869324
0.999201 9.993E-05 9.993E-05 9.993E-05 9.993E-05 9.993E-05 9.993E-05 9.993E-05 9.993E-05
0.999201 9.993E-05 9.993E-05 9.993E-05 9.993E-05 9.993E-05 9.993E-05 9.993E-05 9.993E-05
0.985329 9.99461E-05 9.99461E-05 0.00803866 9.99461E-05 9.99461E-05 9.99461E-05 0.00603301 9.99461E-05
0.123451 9.9955E-05 0.0450624 9.9955E-05 9.9955E-05 0.0755137 9.9955E-05 9.9955E-05 0.755473
9.997E-05 0.0543037 0.547017 0.00451809 0.0749492 0.2855 9.997E-05 9.997E-05 0.0334124
0.0317125 0.0475253 0.787395 0.0281094 9.9964E-05 0.104859 9.9964E-05 9.9964E-05 9.9964E-05
9.99641E-05 0.0735075 0.787396 9.99641E-05 0.0563258 0.0393283 9.99641E-05 9.99641E-05 0.0430426
9.995E-05 9.995E-05 0.818522 9.995E-05 9.995E-05 0.040289 9.995E-05 0.0682912 0.0723977
0.0324291 9.99551E-05 0.767541 9.99551E-05 0.171121 9.99551E-05 9.99551E-05 9.99551E-05 0.0284091
9.993E-05 9.993E-05 0.999201 9.993E-05 9.993E-05 9.993E-05 9.993E-05 9.993E-05 9.993E-05
9.993E-05 9.993E-05 0.999201 9.993E-05 9.993E-05 9.993E-05 9.993E-05 9.993E-05 9.993E-05
9.993E-05 9.993E-05 0.999201 9.993E-05 9.993E-05 9.993E-05 9.993E-05 9.993E-05 9.993E-05
9.99461E-05 9.99461E-05 0.923685 9.99461E-05 0.0749849 0.00073078 9.99461E-05 9.99461E-05 9.99461E-05
9.99371E-05 9.99371E-05 0.972361 9.99371E-05 9.99371E-05 9.99371E-05 0.0269398 9.99371E-05 9.99371E-05
0.0176643 9.99461E-05 0.932711 9.99461E-05 0.049025 9.99461E-05 9.99461E-05 9.99461E-05 9.99461E-05
0.00144892 9.9982E-05 0.489302 0.0536882 9.9982E-05 0.199836 0.123971 0.11966 0.0118937
9.9973E-05 9.9973E-05 0.260066 0.0547164 0.351136 9.9973E-05 0.0555128 0.175001 0.103268
0.0257728 0.0196902 0.690758 0.0959835 0.0977063 9.9982E-05 0.0263363 0.0435533 9.9982E-05
0.0075988 0.0807203 0.0442279 9.9973E-05 9.9973E-05 0.836427 9.9973E-05 0.00265507 0.0280713
0.021914 0.132431 0.125266 9.9982E-05 0.315519 0.316671 9.9982E-05 0.0307837 0.0572159
0.00847978 9.99461E-05 9.99461E-05 9.99461E-05 9.99461E-05 0.950276 9.99461E-05 0.040645 9.99461E-05
0.0159501 9.99371E-05 9.99371E-05 9.99371E-05 9.99371E-05 0.98335 9.99371E-05 9.99371E-05 9.99371E-05
0.00179955 9.99551E-05 9.99551E-05 0.0146715 9.99551E-05 0.970069 0.0129605 9.99551E-05 9.99551E-05
9.993E-05 9.993E-05 9.993E-05 9.993E-05 9.993E-05 0.999201 9.993E-05 9.993E-05 9.993E-05
9.99371E-05 9.99371E-05 0.000773652 9.99371E-05 9.99371E-05 0.998527 9.99371E-05 9.99371E-05 9.99371E-05
0.0050256 0.0131169 0.112283 9.9964E-05 9.9964E-05 0.84176 0.0274149 9.9964E-05 9.9964E-05
9.993E-05 9.993E-05 9.993E-05 9.993E-05 9.993E-05 0.999201 9.993E-05 9.993E-05 9.993E-05
0.0107341 9.99731E-05 0.107811 0.0936852 0.315722 0.451693 9.99731E-05 9.99731E-05 0.0200536
9.99641E-05 9.99641E-05 0.111184 9.99641E-05 0.767832 0.0629411 0.00520395 9.99641E-05 0.0524396
9.99462E-05 9.99462E-05 0.0346201 9.99462E-05 0.942524 9.99462E-05 9.99462E-05 9.99462E-05 0.0222561
0.0112864 0.0148487 0.0123429 9.99641E-05 0.953752 9.99641E-05 0.00736977 9.99641E-05 9.99641E-05
0.0384503 0.161388 0.184353 0.0585469 0.482021 9.998E-05 9.998E-05 0.0331184 0.0419226
0.0085131 9.9964E-05 0.00402319 0.00267866 0.811104 0.173281 9.9964E-05 9.9964E-05 9.9964E-05
0.022407 0.122012 0.0358054 0.00740186 0.630495 0.158773 9.9982E-05 0.0229059 9.9982E-05
9.9982E-05 0.136795 0.161498 0.0347865 0.575718 0.0342273 0.00878061 9.9982E-05 0.0479944
9.99731E-05 9.99731E-05 9.99731E-05 0.0191762 0.00112463 0.47418 0.00308089 0.470799 0.0313391
9.9982E-05 0.0325616 9.9982E-05 0.0160918 0.689038 0.00911264 0.01846 0.170379 0.0641567
9.9973E-05 0.0114961 9.9973E-05 0.0439534 0.825766 0.0687305 0.0199218 0.0298327 9.9973E-05
0.0331278 0.0506221 0.0261708 9.99641E-05 0.668366 0.221314 9.99641E-05 9.99641E-05 9.99641E-05
0.0262663 0.109439 0.0607565 0.00758118 0.668356 0.0835754 0.00738463 0.0365405 9.9991E-05
0.0599598 0.0921097 0.0517816 0.0251906 0.645353 0.0454241 9.9982E-05 0.0799811 9.9982E-05
9.99551E-05 9.99551E-05 0.0528074 9.99551E-05 0.681447 0.0659203 9.99551E-05 0.199326 9.99551E-05
0.0136894 0.00171373 0.102209 9.9973E-05 0.828886 0.0413193 9.9973E-05 0.011883 9.9973E-05
9.99461E-05 0.0186684 9.99461E-05 9.99461E-05 0.50144 0.479292 9.99461E-05 9.99461E-05 9.99461E-05
0.0175158 0.0836638 0.0239621 0.0144322 0.852335 9.9973E-05 9.9973E-05 9.9973E-05 0.00779147
0.0371206 9.99641E-05 0.0395501 9.99641E-05 0.844585 0.00730211 9.99641E-05 0.0710423 9.99641E-05
9.99372E-05 9.99372E-05 9.99372E-05 9.99372E-05 0.971814 9.99372E-05 0.0274869 9.99372E-05 9.99372E-05
9.99372E-05 9.99372E-05 9.99372E-05 0.000489556 0.998811 9.99372E-05 9.99372E-05 9.99372E-05 9.99372E-05
9.99461E-05 9.99461E-05 9.99461E-05 9.99461E-05 0.967828 9.99461E-05 0.028698 0.00287441 9.99461E-05
9.99551E-05 9.99551E-05 0.0319093 9.99551E-05 0.826675 9.99551E-05 0.001729 0.139187 9.99551E-05
0.0233002 9.99551E-05 9.99551E-05 9.99551E-05 0.830095 9.99551E-05 0.0272823 0.118823 9.99551E-05
9.99551E-05 0.189848 9.99551E-05 9.99551E-05 0.585384 0.191189 9.99551E-05 0.0330793 9.99551E-05
9.99461E-05 9.99461E-05 9.99461E-05 9.99461E-05 0.106131 0.238844 9.99461E-05 0.654425 9.99461E-05
9.99641E-05 0.0553016 9.99641E-05 9.99641E-05 0.692867 0.192031 0.000284965 0.0591152 9.99641E-05
9.99371E-05 9.99371E-05 9.99371E-05 9.99371E-05 0.560993 9.99371E-05 9.99371E-05 0.438308 9.99371E-05
0.0455539 0.068507 9.99551E-05 9.99551E-05 0.870648 9.99551E-05 9.99551E-05 9.99551E-05 0.0147914
9.993E-05 9.993E-05 9.993E-05 9.993E-05 9.993E-05 9.993E-05 9.993E-05 0.999201 9.993E-05
0.0133366 9.99371E-05 9.99371E-05 9.99371E-05 9.99371E-05 9.99371E-05 9.99371E-05 0.985964 9.99371E-05
0.00622099 9.99371E-05 9.99371E-05 9.99371E-05 9.99371E-05 9.99371E-05 9.99371E-05 0.993079 9.99371E-05
9.997E-05 0.627774 0.0870443 9.997E-05 9.997E-05 0.0715851 0.00638219 0.158721 0.0481934
9.99371E-05 9.99371E-05 9.99371E-05 9.99371E-05 9.99371E-05 9.99371E-05 9.99371E-05 0.994616 0.00468472
0.019479 0.0936813 9.996E-05 0.0293123 0.0857767 9.996E-05 9.996E-05 0.771351 9.996E-05
9.99371E-05 0.0313077 9.99371E-05 9.99371E-05 9.99371E-05 9.99371E-05 9.99371E-05 0.967993 9.99371E-05
9.993E-05 0.999201 9.993E-05 9.993E-05 9.993E-05 9.993E-05 9.993E-05 9.993E-05 9.993E-05
9.99461E-05 0.954126 9.99461E-05 9.99461E-05 9.99461E-05 0.0116901 0.033584 9.99461E-05 9.99461E-05
9.993E-05 0.999201 9.993E-05 9.993E-05 9.993E-05 9.993E-05 9.993E-05 9.993E-05 9.993E-05
9.99462E-05 0.92792 9.99462E-05 0.0104061 9.99462E-05 9.99462E-05 0.0610745 9.99462E-05 9.99462E-05
9.99461E-05 0.961357 9.99461E-05 9.99461E-05 9.99461E-05 9.99461E-05 0.0259576 0.0120858 9.99461E-05
0.00592657 0.852643 0.0196693 0.00402043 0.0564063 0.0427814 0.0183532 9.998E-05 9.998E-05
9.99371E-05 0.969058 0.030242 9.99371E-05 9.99371E-05 9.99371E-05 9.99371E-05 9.99371E-05 9.99371E-05
9.99551E-05 0.950212 0.00389995 9.99551E-05 9.99551E-05 9.99551E-05 0.0447779 9.99551E-05 0.000610095
9.993E-05 0.999201 9.993E-05 9.993E-05 9.993E-05 9.993E-05 9.993E-05 9.993E-05 9.993E-05
9.99461E-05 0.921754 9.99461E-05 9.99461E-05 9.99461E-05 9.99461E-05 0.026765 0.0508813 9.99461E-05
9.993E-05 9.993E-05 9.993E-05 9.993E-05 9.993E-05 9.993E-05 0.999201 9.993E-05 9.993E-05
9.99371E-05 9.99371E-05 9.99371E-05 9.99371E-05 0.0513418 9.99371E-05 0.947959 9.99371E-05 9.99371E-05
9.993E-05 9.993E-05 9.993E-05 9.993E-05 9.993E-05 9.993E-05 0.999201 9.993E-05 9.993E-05
