0.0598196 0.16394 0.77624
9.999E-05 9.999E-05 0.9998
9.999E-05 9.999E-05 0.9998
0.0599677 0.343144 0.596888
0.025904 0.298566 0.67553
0.017629 0.147858 0.834513
9.999E-05 9.999E-05 0.9998
9.999E-05 9.999E-05 0.9998
9.999E-05 9.999E-05 0.9998
0.0604946 0.151235 0.788271
0.493481 9.9991E-05 0.506419
0.565984 9.9991E-05 0.433916
0.607169 9.9991E-05 0.392731
0.874673 0.0206339 0.104693
0.65125 0.171827 0.176924
0.552296 0.293365 0.154339
0.746481 0.0740583 0.179461
0.85609 0.0552539 0.0886557
0.815019 0.0167919 0.168189
0.9998 9.999E-05 9.999E-05
0.9998 9.999E-05 9.999E-05
0.9998 9.999E-05 9.999E-05
0.899749 0.0516586 0.0485927
0.407219 0.592681 9.9991E-05
0.433403 0.566497 9.9991E-05
0.422953 0.576947 9.9991E-05
0.402132 0.551672 0.0461964
0.454745 0.525459 0.0197958
0.507328 0.492572 9.9991E-05
0.500716 0.499184 9.9991E-05
0.467842 0.532058 9.9991E-05
0.425439 0.574461 9.9991E-05
0.460439 0.537886 0.00167498
0.475846 0.524054 9.9991E-05
0.3516 0.607379 0.0410218
0.324778 0.594139 0.0810833
0.357803 0.556973 0.0852239
0.231086 0.747572 0.0213425
0.256797 0.743103 9.9991E-05
0.229055 0.770845 9.9991E-05
0.284579 0.715321 9.9991E-05
0.245605 0.754295 9.9991E-05
0.212009 0.782684 0.00530692
0.291378 0.708522 9.9991E-05
0.219374 0.762733 0.0178924
0.231771 0.766748 0.00148169
0.310347 0.626435 0.0632176
0.303197 0.696703 9.9991E-05
0.232035 0.767865 9.9991E-05
0.194924 0.804976 9.9991E-05
0.269302 0.667769 0.0629285
0.237252 0.759808 0.00294054
0.203946 0.795954 9.9991E-05
0.208113 0.734342 0.0575448
0.176853 0.817841 0.00530588
0.168662 0.800901 0.0304373
0.187392 0.775893 0.0367154
0.185648 0.814252 9.9991E-05
0.206167 0.793733 9.9991E-05
0.202609 0.771888 0.0255031
0.132613 0.867287 9.9991E-05
0.189351 0.810549 9.9991E-05
0.19982 0.80008 9.9991E-05
0.196866 0.766441 0.0366924
0.270654 0.729246 9.9991E-05
0.165926 0.833974 9.9991E-05
0.1156 0.869408 0.014992
0.141602 0.858298 9.9991E-05
0.124929 0.864411 0.0106601
0.182103 0.817797 9.9991E-05
0.0516477 0.948003 0.000349024
0.0730507 0.926849 9.9991E-05
0.0788496 0.92105 9.9991E-05
0.136098 0.863802 9.9991E-05
0.176794 0.799283 0.0239232
0.00372435 0.949956 0.0463197
0.0175653 0.982335 9.9991E-05
0.0458191 0.954081 9.9991E-05
0.0491237 0.937473 0.0134035
0.047391 0.952509 9.9991E-05
0.0807119 0.919188 9.9991E-05
9.9991E-05 0.972844 0.0270556
9.999E-05 0.9998 9.999E-05
9.999E-05 0.9998 9.999E-05
9.999E-05 0.9998 9.999E-05
9.999E-05 0.9998 9.999E-05
9.999E-05 0.9998 9.999E-05
9.9991E-05 0.997654 0.0022462
9.999E-05 0.9998 9.999E-05
9.999E-05 0.9998 9.999E-05
9.999E-05 0.9998 9.999E-05
9.999E-05 0.9998 9.999E-05
9.9991E-05 0.978784 0.0211162
9.9991E-05 0.926496 0.0734037
9.9991E-05 0.936131 0.0637686
