0.0067357 0.0456446 0.00388491 0.210412 0.702444 0.0308783
0.0198691 0.673254 0.225548 0.0618222 0.00700937 0.0124973
9.999E-05 0.679428 0.159412 0.0820088 0.0467649 0.0322867
0.0676186 0.555356 0.179491 0.128005 0.0182962 0.0512327
0.00416797 0.722523 0.152509 0.0870879 0.0336128 9.9991E-05
0.116859 0.397907 9.99821E-05 9.99821E-05 0.018731 0.466303
0.888421 9.9973E-05 9.9973E-05 9.9973E-05 0.0572509 0.0540287
0.833114 0.0461988 9.9982E-05 9.9982E-05 0.0582633 0.0622239
0.84444 0.0132585 9.9991E-05 0.00899622 0.0420808 0.091124
0.0156171 0.343656 9.9982E-05 9.9982E-05 0.0149334 0.625593
9.996E-05 9.996E-05 9.996E-05 9.996E-05 9.996E-05 0.9995
9.996E-05 9.996E-05 9.996E-05 9.996E-05 9.996E-05 0.9995
0.0282762 0.518447 9.99821E-05 9.99821E-05 0.00217645 0.450901
9.996E-05 9.996E-05 9.996E-05 9.996E-05 9.996E-05 0.9995
0.0132155 0.0610123 9.99731E-05 9.99731E-05 9.99731E-05 0.925472
0.0596821 0.566567 9.9982E-05 9.9982E-05 0.0217329 0.351818
0.0538154 0.582856 9.9982E-05 9.9982E-05 0.106691 0.256438
0.367961 0.157964 0.0545499 0.137371 0.0696877 0.212466
0.0366999 0.585087 9.9982E-05 9.9982E-05 0.106354 0.271659
0.0952132 0.543945 9.9982E-05 9.9982E-05 0.0992454 0.261396
0.0407013 0.418019 0.0110228 0.189266 0.169818 0.171173
0.0777535 0.644243 9.9982E-05 9.9982E-05 0.0207873 0.257016
0.0905914 0.572799 9.9982E-05 9.9982E-05 0.115336 0.221073
0.0655469 0.554551 9.9982E-05 9.9982E-05 0.0813172 0.298385
9.99731E-05 0.0117895 0.0360989 9.99731E-05 9.99731E-05 0.951812
0.0991058 0.476685 0.0464978 0.0473843 0.125392 0.204935
9.9973E-05 0.000545472 9.9973E-05 0.0558074 9.9973E-05 0.943347
0.00658692 0.0798366 9.9991E-05 0.0107126 0.0332969 0.869467
9.996E-05 9.996E-05 9.996E-05 9.996E-05 9.996E-05 0.9995
0.0718316 0.512994 9.9982E-05 9.9982E-05 0.139251 0.275723
0.0587633 0.552202 9.9982E-05 9.9982E-05 0.155813 0.233022
9.99641E-05 9.99641E-05 0.0358969 9.99641E-05 9.99641E-05 0.963703
0.0524979 0.549939 9.9982E-05 9.9982E-05 0.140345 0.257018
9.99641E-05 0.0256578 9.99641E-05 9.99641E-05 9.99641E-05 0.973942
0.0363299 0.0970187 0.121095 0.0732951 0.0843825 0.587879
0.0680498 0.0391552 0.116342 0.133301 0.101804 0.541348
0.070006 0.0212445 0.0235015 0.0971968 0.113789 0.674262
0.00985983 9.9991E-05 0.0992468 0.0139963 0.0294238 0.847373
0.008501 9.9991E-05 0.106549 0.0695346 0.0510451 0.764271
9.9973E-05 9.9973E-05 0.0496127 0.0389659 9.9973E-05 0.911121
9.99731E-05 9.99731E-05 9.99731E-05 0.0153918 0.00177857 0.98253
0.0457599 0.100275 0.0190381 0.0843604 0.0445203 0.706046
0.0365453 0.0856201 9.9991E-05 0.17939 0.0919226 0.606422
9.99641E-05 9.99641E-05 9.99641E-05 0.0108782 9.99641E-05 0.988722
0.025105 0.0136652 0.0835041 0.1276 0.0839497 0.666176
9.996E-05 9.996E-05 9.996E-05 9.996E-05 9.996E-05 0.9995
0.00244656 9.9982E-05 0.0932697 0.0145636 9.9982E-05 0.88952
0.9995 9.996E-05 9.996E-05 9.996E-05 9.996E-05 9.996E-05
0.0917361 0.591739 9.9982E-05 9.9982E-05 0.168367 0.147958
9.99641E-05 9.99641E-05 9.99641E-05 9.99641E-05 0.0277746 0.971826
0.0661678 0.617939 9.9982E-05 9.9982E-05 0.139346 0.176347
0.823714 0.0709631 0.0722225 9.9982E-05 9.9982E-05 0.0329005
0.593491 0.0611869 0.0716933 0.148622 0.0655094 0.0594969
0.955435 9.9973E-05 9.9973E-05 9.9973E-05 0.0166912 0.0275735
0.977412 9.9982E-05 0.012801 0.00024082 9.9982E-05 0.00934656
0.0273788 0.0539184 0.054186 0.124061 0.0391553 0.701301
0.036144 0.138655 0.0928672 0.0122789 0.704484 0.0155712
0.0258137 0.140404 0.0818683 0.0123291 0.724957 0.014628
0.0168858 0.122946 0.0574416 0.00658538 0.769044 0.0270965
9.99641E-05 0.0902279 9.99641E-05 9.99641E-05 0.909372 9.99641E-05
9.99641E-05 0.0655799 9.99641E-05 9.99641E-05 0.93402 9.99641E-05
0.0552026 0.154562 0.0942133 0.184097 0.452111 0.0598138
0.0157789 0.134956 0.0547562 0.0136566 0.73941 0.0414429
0.020433 0.0558738 9.9982E-05 9.9982E-05 0.923148 0.000345291
0.0438679 0.109592 9.99731E-05 9.99731E-05 0.84624 9.99731E-05
0.0469093 0.0732137 0.0325671 9.9991E-05 0.821069 0.0261412
0.0405122 0.103846 0.0106772 9.9991E-05 0.801115 0.0437496
0.0159849 0.662305 9.9991E-05 0.0363674 0.179284 0.105958
0.00455504 0.767494 9.9991E-05 0.121277 0.00235971 0.104214
0.00570395 0.923392 9.99731E-05 9.99731E-05 9.99731E-05 0.0706042
0.0464975 0.819552 0.0238661 0.00804154 9.9991E-05 0.101943
0.0351514 0.598387 0.0318813 0.199033 0.0750149 0.0605328
0.011621 0.771676 0.0142742 0.100514 0.0155831 0.086331
0.0559917 0.604998 0.134653 0.00690741 0.156426 0.0410243
0.017649 0.523485 0.0361811 0.236581 0.0895326 0.0965712
0.0146214 0.891427 9.9973E-05 9.9973E-05 9.9973E-05 0.0936521
0.0171531 0.86597 9.9991E-05 0.0049639 0.0201696 0.0916436
0.0332269 0.882931 9.99731E-05 9.99731E-05 9.99731E-05 0.0835422
0.059798 0.663688 9.9982E-05 9.9982E-05 0.136833 0.139481
0.0272032 0.709748 9.9982E-05 9.9982E-05 0.116202 0.146647
9.996E-05 9.996E-05 9.996E-05 9.996E-05 0.9995 9.996E-05
9.99641E-05 0.00884228 9.99641E-05 9.99641E-05 0.990758 9.99641E-05
0.00929988 9.99641E-05 9.99641E-05 9.99641E-05 0.9903 9.99641E-05
9.9973E-05 9.9973E-05 0.0406774 0.00903889 0.949984 9.9973E-05
0.0268973 0.0326592 9.9982E-05 0.00492496 0.935319 9.9982E-05
0.0154794 0.00186351 9.9982E-05 0.0248094 0.957648 9.9982E-05
9.996E-05 9.996E-05 9.996E-05 9.996E-05 0.9995 9.996E-05
9.996E-05 9.996E-05 9.996E-05 9.996E-05 0.9995 9.996E-05
9.99641E-05 9.99641E-05 9.99641E-05 9.99641E-05 0.99108 0.00852038
9.996E-05 9.996E-05 9.996E-05 9.996E-05 0.9995 9.996E-05
0.0014999 9.99641E-05 9.99641E-05 9.99641E-05 0.9981 9.99641E-05
9.996E-05 9.996E-05 9.996E-05 9.996E-05 0.9995 9.996E-05
9.996E-05 9.996E-05 9.996E-05 9.996E-05 0.9995 9.996E-05
9.996E-05 9.996E-05 9.996E-05 9.996E-05 0.9995 9.996E-05
0.9995 9.996E-05 9.996E-05 9.996E-05 9.996E-05 9.996E-05
0.9995 9.996E-05 9.996E-05 9.996E-05 9.996E-05 9.996E-05
0.9995 9.996E-05 9.996E-05 9.996E-05 9.996E-05 9.996E-05
0.9995 9.996E-05 9.996E-05 9.996E-05 9.996E-05 9.996E-05
0.9995 9.996E-05 9.996E-05 9.996E-05 9.996E-05 9.996E-05
9.9982E-05 0.688347 0.248006 0.0418262 9.9982E-05 0.0216205
9.9973E-05 0.791679 0.18749 9.9973E-05 0.0205304 9.9973E-05
9.99731E-05 0.83449 0.147462 0.0177475 9.99731E-05 9.99731E-05
0.000799654 0.854813 0.144088 9.99731E-05 9.99731E-05 9.99731E-05
9.99731E-05 0.819861 0.171365 0.00847489 9.99731E-05 9.99731E-05
9.99641E-05 0.808697 0.190903 9.99641E-05 9.99641E-05 9.99641E-05
9.9982E-05 0.860763 0.0528563 0.0406944 0.0454865 9.9982E-05
9.99641E-05 0.849322 0.150278 9.99641E-05 9.99641E-05 9.99641E-05
0.685147 9.99641E-05 9.99641E-05 0.314453 9.99641E-05 9.99641E-05
0.641461 9.99641E-05 9.99641E-05 0.358139 9.99641E-05 9.99641E-05
9.9982E-05 9.9982E-05 0.112424 0.205995 0.618091 0.0632896
9.9982E-05 9.9982E-05 0.194554 0.243885 0.431314 0.130047
9.9982E-05 9.9982E-05 0.145518 0.210901 0.605434 0.0379471
9.99731E-05 0.771298 0.219739 0.00866326 9.99731E-05 9.99731E-05
9.9973E-05 0.769461 0.221452 9.9973E-05 0.00878716 9.9973E-05
9.99821E-05 0.730592 0.215728 0.0262423 0.0272374 9.99821E-05
0.000627339 0.751285 0.22878 0.0191085 9.9982E-05 9.9982E-05
9.99731E-05 0.790764 0.205695 0.00324123 9.99731E-05 9.99731E-05
0.0170987 0.692004 0.229135 0.0587126 9.9991E-05 0.00294941
0.0428558 0.695042 0.23674 0.025163 9.9982E-05 9.9982E-05
9.9982E-05 0.805098 0.168231 0.0210924 0.00537776 9.9982E-05
0.000944629 0.743038 0.19549 0.0413799 9.9991E-05 0.0190477
9.9982E-05 0.628437 0.311938 0.0442694 0.0151561 9.9982E-05
9.9973E-05 0.731158 0.219989 0.0485526 9.9973E-05 9.9973E-05
9.99731E-05 0.716231 0.242079 0.0413904 9.99731E-05 9.99731E-05
9.9991E-05 0.577332 0.148753 0.199243 0.0301321 0.0444403
0.0651795 0.562117 0.260113 0.0586668 0.0538231 9.9991E-05
0.0298783 0.658436 0.101566 0.15387 0.0391425 0.0171081
0.0318541 0.640744 0.165568 0.145396 0.0163377 9.9991E-05
0.0228082 0.649378 0.187871 0.139743 9.9982E-05 9.9982E-05
9.9973E-05 0.632565 0.202614 0.164521 9.9973E-05 9.9973E-05
0.0403198 0.576362 0.245817 0.137301 9.9982E-05 9.9982E-05
9.9973E-05 0.776397 0.17748 0.0458227 9.9973E-05 9.9973E-05
9.99641E-05 0.85794 0.14166 9.99641E-05 9.99641E-05 9.99641E-05
0.00920073 0.844089 0.104551 0.0419596 9.9982E-05 9.9982E-05
9.99731E-05 0.778545 0.215542 0.00561332 9.99731E-05 9.99731E-05
9.9973E-05 0.709973 0.26408 0.0256468 9.9973E-05 9.9973E-05
9.99641E-05 0.858439 0.141162 9.99641E-05 9.99641E-05 9.99641E-05
9.99731E-05 0.655823 0.310681 0.0331964 9.99731E-05 9.99731E-05
0.0126757 0.53974 0.231151 0.167348 0.0284563 0.0206287
0.00535687 0.685523 0.0891958 0.144652 0.0751722 9.9991E-05
0.00994559 0.605579 0.172452 0.129552 0.0550296 0.0274419
0.0528042 0.586233 0.159203 0.18162 0.00903758 0.011102
0.0257443 0.650209 0.0586276 0.207517 0.0266833 0.0312186
9.9973E-05 0.70226 0.29725 0.000189939 9.9973E-05 9.9973E-05
9.9973E-05 0.64923 0.334144 0.0163263 9.9973E-05 9.9973E-05
0.033117 0.191695 0.774888 9.99731E-05 9.99731E-05 9.99731E-05
9.9982E-05 0.161698 0.747978 0.0663569 0.0237674 9.9982E-05
0.00723026 0.255182 0.737288 9.99731E-05 9.99731E-05 9.99731E-05
9.9991E-05 0.274986 0.53131 0.121652 0.0514138 0.0205383
0.0331605 0.0833529 0.870317 9.9982E-05 0.0129701 9.9982E-05
0.0221028 0.358517 0.340413 0.185905 0.0293022 0.0637608
9.99731E-05 0.245929 0.721435 9.99731E-05 9.99731E-05 0.0323366
0.00412458 0.0684955 0.840559 0.0366609 0.0447638 0.00539625
0.03876 0.241908 0.430342 0.155551 0.0814946 0.0519439
0.0440799 0.260416 0.450637 0.159783 0.0594031 0.0256806
9.9982E-05 0.121964 0.870003 0.00671991 0.00111358 9.9982E-05
9.99731E-05 0.824035 0.166318 0.00934673 9.99731E-05 9.99731E-05
0.199906 0.343417 0.456377 9.99731E-05 9.99731E-05 9.99731E-05
9.9973E-05 0.545686 0.35212 0.101895 9.9973E-05 9.9973E-05
9.9982E-05 0.466324 0.298701 0.201056 9.9982E-05 0.0337186
0.0327682 0.530978 0.346525 0.0676657 0.0219629 9.9991E-05
9.99731E-05 0.419476 0.493398 0.0868258 9.99731E-05 9.99731E-05
0.000602217 0.157595 0.745703 0.0959 9.9982E-05 9.9982E-05
9.99641E-05 0.559708 0.439892 9.99641E-05 9.99641E-05 9.99641E-05
0.00914473 0.280898 0.585171 0.0582137 0.0664723 9.9991E-05
9.9991E-05 0.0541702 0.791558 0.0886673 0.0194923 0.0460118
9.9991E-05 0.011414 0.840035 0.113148 0.0270202 0.00828328
0.0110391 9.99641E-05 0.988561 9.99641E-05 9.99641E-05 9.99641E-05
0.0110075 9.9982E-05 0.960065 0.0177895 0.0109381 9.9982E-05
0.0193307 0.0470417 0.844397 0.058934 9.9991E-05 0.0301967
9.9982E-05 0.025301 0.967572 9.9982E-05 0.000674087 0.00625284
0.0150186 0.0734134 0.84968 0.0546953 0.00709314 9.9991E-05
9.9982E-05 0.0140217 0.951328 0.0227233 9.9982E-05 0.0117274
9.99641E-05 9.99641E-05 0.994828 9.99641E-05 0.00477232 9.99641E-05
0.0295251 9.9982E-05 0.953677 0.0104806 9.9982E-05 0.00611699
9.996E-05 9.996E-05 0.9995 9.996E-05 9.996E-05 9.996E-05
0.0205593 9.99731E-05 0.940751 0.0383901 9.99731E-05 9.99731E-05
9.99731E-05 0.0577899 0.924469 9.99731E-05 9.99731E-05 0.0174407
0.00923666 9.99641E-05 0.990363 9.99641E-05 9.99641E-05 9.99641E-05
9.9982E-05 0.115804 0.861869 0.0115611 9.9982E-05 0.0105666
9.99641E-05 0.064059 0.935541 9.99641E-05 9.99641E-05 9.99641E-05
0.00479816 9.9982E-05 0.928882 0.0490386 0.0170809 9.9982E-05
0.00552218 0.0441235 0.871137 0.0545581 0.0245589 9.9991E-05
0.0140986 9.9991E-05 0.951185 0.0246308 0.00140719 0.00857851
0.0178879 9.99731E-05 0.953356 0.0284566 9.99731E-05 9.99731E-05
9.99731E-05 0.0796325 0.834828 0.0852397 9.99731E-05 9.99731E-05
9.99731E-05 0.0314594 0.936246 9.99731E-05 0.0319945 9.99731E-05
9.99641E-05 9.99641E-05 0.973316 9.99641E-05 0.0262845 9.99641E-05
9.9982E-05 0.000721742 0.876544 0.0971467 0.0253874 9.9982E-05
0.00550452 0.00583199 0.665506 0.254294 0.0630604 0.00580358
0.00620806 0.0237925 0.825766 0.117555 9.9991E-05 0.0265777
0.0154563 9.99731E-05 0.934369 0.0498752 9.99731E-05 9.99731E-05
9.9991E-05 0.00912984 0.823186 0.0809838 0.038635 0.0479655
9.9982E-05 9.9982E-05 0.794802 0.146954 0.0403494 0.0176947
0.0395292 0.0366126 0.740684 0.138797 0.00582229 0.0385546
0.0147368 0.00268345 0.900717 0.0816628 9.9982E-05 9.9982E-05
0.0151826 9.9982E-05 0.875119 0.0811194 0.0283793 9.9982E-05
9.9973E-05 9.9973E-05 0.858144 0.121467 9.9973E-05 0.0200892
0.0127817 0.0863287 0.752123 0.102544 0.0401595 0.00606299
0.0840889 0.228997 0.479889 0.0920204 0.112458 0.00254597
0.0315663 0.17842 0.0610712 0.626797 0.0636343 0.0385114
0.0652593 0.135124 0.0287895 0.700314 0.038498 0.0320157
0.0430706 0.118331 0.0071216 0.685302 0.0875534 0.0586215
0.0502158 0.0571172 0.0441905 0.710399 0.0800178 0.0580595
9.9973E-05 0.0427294 9.9973E-05 0.944389 9.9973E-05 0.0125819
0.072142 9.99731E-05 9.99731E-05 0.922403 9.99731E-05 0.00515512
9.9982E-05 0.0724316 9.9982E-05 0.826753 0.0402494 0.0603664
9.99731E-05 9.99731E-05 0.132022 0.859717 0.00796112 9.99731E-05
0.00389296 0.0292347 0.0341001 0.865143 0.0674532 0.000175966
9.9982E-05 9.9982E-05 0.0111795 0.925638 0.0603948 0.0025882
9.9982E-05 9.9982E-05 0.0777503 0.894164 0.00760667 0.0202793
9.99641E-05 9.99641E-05 0.107683 0.891917 9.99641E-05 9.99641E-05
9.99731E-05 9.99731E-05 0.0306134 0.942083 0.0270032 9.99731E-05
9.9982E-05 0.0323597 9.9982E-05 0.947191 0.012824 0.00742565
0.0147226 0.112253 9.9991E-05 0.851052 0.00790485 0.0139682
9.99641E-05 9.99641E-05 9.99641E-05 0.989762 9.99641E-05 0.00983826
9.99731E-05 0.0246455 0.00501458 0.97004 9.99731E-05 9.99731E-05
9.99641E-05 9.99641E-05 0.044084 0.955516 9.99641E-05 9.99641E-05
9.99731E-05 0.0786664 9.99731E-05 0.909757 0.0112762 9.99731E-05
0.0336306 0.039599 0.0470415 0.848289 0.0313394 9.9991E-05
0.0404075 9.99731E-05 9.99731E-05 0.947603 0.0116897 9.99731E-05
9.996E-05 9.996E-05 9.996E-05 0.9995 9.996E-05 9.996E-05
9.99641E-05 0.0321042 9.99641E-05 0.967496 9.99641E-05 9.99641E-05
0.0298572 0.00483749 9.9991E-05 0.962652 0.00118358 0.00137017
9.996E-05 9.996E-05 9.996E-05 0.9995 9.996E-05 9.996E-05
9.996E-05 9.996E-05 9.996E-05 0.9995 9.996E-05 9.996E-05
9.9991E-05 0.106709 0.0461102 0.748169 0.0919901 0.00692108
9.996E-05 9.996E-05 9.996E-05 0.9995 9.996E-05 9.996E-05
0.00182379 0.0152054 0.027155 0.951781 0.00393499 9.9991E-05
9.99641E-05 9.99641E-05 0.00510727 0.994493 9.99641E-05 9.99641E-05
9.99641E-05 9.99641E-05 0.0385288 0.961071 9.99641E-05 9.99641E-05
9.996E-05 9.996E-05 9.996E-05 0.9995 9.996E-05 9.996E-05
9.996E-05 9.996E-05 9.996E-05 0.9995 9.996E-05 9.996E-05
0.00495382 9.9982E-05 0.000206309 0.976832 0.0178078 9.9982E-05
9.996E-05 9.996E-05 9.996E-05 0.9995 9.996E-05 9.996E-05
9.996E-05 9.996E-05 9.996E-05 0.9995 9.996E-05 9.996E-05
9.99641E-05 9.99641E-05 0.0239663 0.975634 9.99641E-05 9.99641E-05
0.0195353 9.99731E-05 0.092772 0.887393 9.99731E-05 9.99731E-05
9.99731E-05 9.99731E-05 9.99731E-05 0.93473 0.0637902 0.00117983
0.0611631 9.99731E-05 0.11923 0.819307 9.99731E-05 9.99731E-05
9.996E-05 9.996E-05 9.996E-05 0.9995 9.996E-05 9.996E-05
9.996E-05 9.996E-05 9.996E-05 0.9995 9.996E-05 9.996E-05
9.996E-05 9.996E-05 9.996E-05 0.9995 9.996E-05 9.996E-05
9.996E-05 9.996E-05 9.996E-05 0.9995 9.996E-05 9.996E-05
9.996E-05 9.996E-05 9.996E-05 0.9995 9.996E-05 9.996E-05
0.00120665 9.99641E-05 9.99641E-05 0.998393 9.99641E-05 9.99641E-05
9.99641E-05 9.99641E-05 9.99641E-05 0.968255 0.0313452 9.99641E-05
0.00717835 0.0352209 9.9982E-05 0.951089 0.00631148 9.9982E-05
0.0053376 0.0350726 9.9982E-05 0.908182 0.0512074 9.9982E-05
0.0385362 0.117549 0.0133322 0.681344 0.0857704 0.0634676
0.00537859 0.0520246 0.0527941 0.870795 0.0133876 0.00562001
0.0110107 9.9991E-05 0.0516719 0.81175 0.0674413 0.0580257
0.046176 0.074296 9.9991E-05 0.771267 0.106965 0.0011961
0.0193866 0.0469605 0.0899192 0.755675 0.00603884 0.0820195
9.9982E-05 0.0901929 9.9982E-05 0.871403 0.0253717 0.0128326
0.0516658 0.0388168 0.0235993 0.764075 0.0677912 0.0540523
0.0230503 0.116245 0.0837628 0.665023 0.0606475 0.0512709
9.9991E-05 0.105983 0.0323422 0.860988 0.000471143 0.000115252
0.0662874 0.0581625 9.9991E-05 0.782392 0.0219492 0.0711092
0.0133945 0.0324324 9.9991E-05 0.909009 0.00585477 0.0392093
0.00110925 0.0143797 0.0226308 0.866624 0.0800944 0.0151615
0.0183281 0.0763005 0.0818868 0.744442 0.0335994 0.0454434
9.99731E-05 0.0571007 0.0244768 0.918123 9.99731E-05 9.99731E-05
9.9991E-05 0.0111658 0.0461257 0.818115 0.0815299 0.0429636
0.0414149 0.0452261 0.0609235 0.84571 0.00662533 9.9991E-05
9.9982E-05 0.0448695 9.9982E-05 0.908263 0.0345914 0.012076
0.100531 0.0495934 9.9982E-05 0.849044 0.000631065 9.9982E-05
0.111731 9.99731E-05 9.99731E-05 0.816391 0.0715779 9.99731E-05
0.0994279 0.0225118 0.0257141 0.852146 9.9982E-05 9.9982E-05
0.0767769 0.205385 9.9991E-05 0.570875 0.0825361 0.064327
0.0924535 0.0998489 9.9991E-05 0.645303 0.137704 0.0245909
