0.177755 9.9964E-05 0.0175044 9.9964E-05 0.0489001 9.9964E-05 9.9964E-05 0.710523 0.0449176
9.99372E-05 9.99372E-05 9.99372E-05 9.99372E-05 9.99372E-05 9.99372E-05 9.99372E-05 0.97676 0.0225404
9.993E-05 9.993E-05 9.993E-05 9.993E-05 9.993E-05 9.993E-05 9.993E-05 0.999201 9.993E-05
0.212882 0.0255792 0.0363432 9.9973E-05 9.9973E-05 0.0694725 9.9973E-05 0.594649 0.0607744
0.194032 9.9973E-05 0.0579034 0.0695074 0.0453538 0.00510495 9.9973E-05 0.627799 9.9973E-05
9.9964E-05 9.9964E-05 0.0347462 0.111322 0.0463524 0.00247151 9.9964E-05 0.804708 9.9964E-05
9.993E-05 9.993E-05 9.993E-05 9.993E-05 9.993E-05 9.993E-05 9.993E-05 0.999201 9.993E-05
9.993E-05 9.993E-05 9.993E-05 9.993E-05 9.993E-05 9.993E-05 9.993E-05 0.999201 9.993E-05
9.993E-05 9.993E-05 9.993E-05 9.993E-05 9.993E-05 9.993E-05 9.993E-05 0.999201 9.993E-05
0.0614162 0.0098221 0.0425045 9.9982E-05 0.064879 0.0422276 9.9982E-05 0.777407 0.00154329
9.99371E-05 9.99371E-05 9.99371E-05 9.99371E-05 0.856735 9.99371E-05 9.99371E-05 0.142565 9.99371E-05
9.99371E-05 9.99371E-05 9.99371E-05 9.99371E-05 0.952357 9.99371E-05 9.99371E-05 0.0469436 9.99371E-05
9.99371E-05 9.99371E-05 9.99371E-05 9.99371E-05 0.975273 9.99371E-05 9.99371E-05 0.024027 9.99371E-05
9.99551E-05 0.105846 0.0129115 9.99551E-05 0.851909 0.0288339 9.99551E-05 9.99551E-05 9.99551E-05
0.137789 0.0614684 9.9964E-05 0.0143147 0.711253 9.9964E-05 9.9964E-05 9.9964E-05 0.0747746
0.20915 0.043931 0.0656402 9.9991E-05 0.572109 0.0225364 0.0710505 0.0118354 0.00364772
0.0577565 9.9964E-05 9.9964E-05 9.9964E-05 0.882826 0.044138 0.00572095 9.9964E-05 0.00915915
9.99461E-05 0.0923511 9.99461E-05 9.99461E-05 0.751639 0.15541 9.99461E-05 9.99461E-05 9.99461E-05
9.9955E-05 0.0794651 0.0112889 9.9955E-05 0.841063 0.0676836 9.9955E-05 9.9955E-05 9.9955E-05
9.993E-05 0.999201 9.993E-05 9.993E-05 9.993E-05 9.993E-05 9.993E-05 9.993E-05 9.993E-05
9.993E-05 0.999201 9.993E-05 9.993E-05 9.993E-05 9.993E-05 9.993E-05 9.993E-05 9.993E-05
9.99371E-05 0.991446 9.99371E-05 9.99371E-05 9.99371E-05 9.99371E-05 9.99371E-05 0.00785421 9.99371E-05
0.0459276 0.137973 0.00316896 9.9964E-05 0.731765 0.0807649 9.9964E-05 9.9964E-05 9.9964E-05
0.422126 9.99551E-05 0.00878114 9.99551E-05 0.0394768 0.529116 9.99551E-05 9.99551E-05 9.99551E-05
0.319105 0.015188 0.0175284 9.99641E-05 9.99641E-05 0.637485 9.99641E-05 0.0102937 9.99641E-05
9.998E-05 0.0223135 9.998E-05 0.0638736 0.0218065 0.770632 0.0771408 0.0162966 0.027737
0.184709 0.0125794 9.9973E-05 0.0492455 0.0578012 0.685539 9.9973E-05 0.00982588 9.9973E-05
0.178137 0.0383022 9.9964E-05 9.9964E-05 0.0104355 0.729115 0.0436102 9.9964E-05 9.9964E-05
9.993E-05 9.993E-05 9.993E-05 9.993E-05 9.993E-05 0.999201 9.993E-05 9.993E-05 9.993E-05
9.993E-05 9.993E-05 9.993E-05 9.993E-05 9.993E-05 0.999201 9.993E-05 9.993E-05 9.993E-05
9.99461E-05 9.99461E-05 9.99461E-05 9.99461E-05 9.99461E-05 0.957595 0.0218981 9.99461E-05 0.0199075
9.99461E-05 9.99461E-05 9.99461E-05 9.99461E-05 9.99461E-05 0.94343 0.0415234 9.99461E-05 0.0144466
9.99371E-05 9.99371E-05 0.012917 9.99371E-05 9.99371E-05 0.986383 9.99371E-05 9.99371E-05 9.99371E-05
9.99461E-05 0.0228554 9.99461E-05 9.99461E-05 9.99461E-05 0.885647 0.0908982 9.99461E-05 9.99461E-05
0.197443 0.00699951 0.102043 0.0792237 0.0115955 0.505728 9.9982E-05 0.0967673 9.9982E-05
0.130597 0.0344293 9.9982E-05 0.0917688 0.0205727 0.315047 0.361941 0.0454432 9.9982E-05
9.9973E-05 0.00696598 0.00540722 0.212752 9.9973E-05 0.586888 0.08771 0.0999773 9.9973E-05
0.386488 9.99641E-05 9.99641E-05 9.99641E-05 0.0956903 0.0210935 0.375193 9.99641E-05 0.121135
0.782688 9.99551E-05 9.99551E-05 9.99551E-05 0.0119763 0.110372 9.99551E-05 9.99551E-05 0.094464
0.999201 9.993E-05 9.993E-05 9.993E-05 9.993E-05 9.993E-05 9.993E-05 9.993E-05 9.993E-05
0.424967 0.00644826 9.9964E-05 9.9964E-05 0.0551019 0.0284526 0.484631 9.9964E-05 9.9964E-05
0.161356 0.0237042 0.0170908 9.9982E-05 0.00766502 0.0706553 0.702459 0.0168701 9.9982E-05
0.999201 9.993E-05 9.993E-05 9.993E-05 9.993E-05 9.993E-05 9.993E-05 9.993E-05 9.993E-05
0.999201 9.993E-05 9.993E-05 9.993E-05 9.993E-05 9.993E-05 9.993E-05 9.993E-05 9.993E-05
0.809575 9.99461E-05 9.99461E-05 9.99461E-05 9.99461E-05 0.107416 9.99461E-05 9.99461E-05 0.0824096
0.999201 9.993E-05 9.993E-05 9.993E-05 9.993E-05 9.993E-05 9.993E-05 9.993E-05 9.993E-05
0.166521 9.99641E-05 9.99641E-05 9.99641E-05 0.00275163 0.197671 0.546889 0.0857677 9.99641E-05
0.975361 9.99551E-05 9.99551E-05 9.99551E-05 0.00144284 0.00174773 0.0209489 9.99551E-05 9.99551E-05
9.99462E-05 9.99462E-05 9.99462E-05 9.99462E-05 0.0226821 0.127482 0.849237 9.99462E-05 9.99462E-05
9.99551E-05 0.0163814 0.00589421 9.99551E-05 9.99551E-05 0.137229 0.839995 9.99551E-05 9.99551E-05
0.204226 0.0667772 0.0236305 0.1171 0.0022206 0.0724993 0.342941 0.0834556 0.0871493
0.438396 9.9964E-05 9.9964E-05 0.011764 9.9964E-05 0.00218281 0.509223 0.0380345 9.9964E-05
0.285941 0.0155996 9.9982E-05 0.0676369 0.00755719 0.0621626 0.503379 9.9982E-05 0.0575244
0.250678 9.9982E-05 0.0780354 0.0381454 9.9982E-05 0.0481718 0.437906 0.0534999 0.0933639
0.0237653 9.99731E-05 9.99731E-05 0.233404 0.0658114 0.00481444 0.634202 9.99731E-05 0.0377032
0.337401 9.9964E-05 9.9964E-05 0.40636 0.0705448 9.9964E-05 0.180926 0.00436901 9.9964E-05
0.280068 9.9964E-05 0.0376525 9.9964E-05 9.9964E-05 9.9964E-05 0.601092 0.0346722 0.0461158
9.99551E-05 0.0256996 9.99551E-05 9.99551E-05 9.99551E-05 0.068279 0.905004 9.99551E-05 0.000517972
0.674712 0.0366543 0.0344735 0.115373 9.9982E-05 0.0122732 0.0877492 9.9982E-05 0.0385652
0.220599 0.0636267 9.9982E-05 0.133037 9.9982E-05 0.0090772 0.48555 0.0385863 0.0493235
9.99372E-05 9.99372E-05 9.99372E-05 0.170003 9.99372E-05 9.99372E-05 0.829298 9.99372E-05 9.99372E-05
0.6205 9.99461E-05 9.99461E-05 0.123459 9.99461E-05 9.99461E-05 0.255441 9.99461E-05 9.99461E-05
9.99461E-05 9.99461E-05 9.99461E-05 9.99461E-05 0.0430633 9.99461E-05 0.935164 9.99461E-05 0.0211725
0.155122 0.0119755 0.0339851 9.9991E-05 0.0821444 0.0346976 0.547928 0.008087 0.12596
0.417076 0.0101141 9.9973E-05 0.0695708 9.9973E-05 0.0400234 0.451189 9.9973E-05 0.0117271
9.99371E-05 9.99371E-05 0.0113117 9.99371E-05 9.99371E-05 9.99371E-05 0.987989 9.99371E-05 9.99371E-05
9.99461E-05 9.99461E-05 9.99461E-05 0.0798363 9.99461E-05 9.99461E-05 0.902731 0.0168333 9.99461E-05
9.99461E-05 9.99461E-05 0.00686547 0.112163 9.99461E-05 9.99461E-05 0.880371 9.99461E-05 9.99461E-05
9.9973E-05 9.9973E-05 9.9973E-05 0.307506 0.00801199 0.0538226 0.618062 0.0101333 0.0021639
9.9973E-05 0.0227183 0.0654079 0.180254 0.00580988 0.0219191 0.70359 9.9973E-05 9.9973E-05
9.99371E-05 9.99371E-05 9.99371E-05 9.99371E-05 9.99371E-05 9.99371E-05 0.896785 9.99371E-05 0.102515
9.99371E-05 9.99371E-05 9.99371E-05 0.921369 9.99371E-05 9.99371E-05 0.0779316 9.99371E-05 9.99371E-05
9.99372E-05 9.99372E-05 0.0023169 9.99372E-05 9.99372E-05 9.99372E-05 0.996984 9.99372E-05 9.99372E-05
0.171248 9.99551E-05 9.99551E-05 0.740484 0.0246313 9.99551E-05 0.0631372 9.99551E-05 9.99551E-05
9.9973E-05 0.00678315 0.00660275 9.9973E-05 0.0216193 9.9973E-05 0.907826 0.00540752 0.0514613
9.993E-05 9.993E-05 9.993E-05 0.999201 9.993E-05 9.993E-05 9.993E-05 9.993E-05 9.993E-05
9.99371E-05 9.99371E-05 0.00781898 0.991481 9.99371E-05 9.99371E-05 9.99371E-05 9.99371E-05 9.99371E-05
9.99461E-05 0.0196538 0.000309889 0.979437 9.99461E-05 9.99461E-05 9.99461E-05 9.99461E-05 9.99461E-05
0.0426331 0.0192071 9.9991E-05 0.269974 0.0566835 0.0183087 0.00193362 0.0230219 0.568138
9.99371E-05 9.99371E-05 9.99371E-05 0.995391 9.99371E-05 9.99371E-05 9.99371E-05 9.99371E-05 0.00390926
9.99551E-05 9.99551E-05 9.99551E-05 0.665702 9.99551E-05 0.0655337 0.0748646 9.99551E-05 0.1934
9.99371E-05 9.99371E-05 0.008223 0.991077 9.99371E-05 9.99371E-05 9.99371E-05 9.99371E-05 9.99371E-05
9.993E-05 9.993E-05 9.993E-05 9.993E-05 9.993E-05 9.993E-05 9.993E-05 9.993E-05 0.999201
0.00636065 9.99461E-05 0.0117836 9.99461E-05 9.99461E-05 9.99461E-05 9.99461E-05 9.99461E-05 0.981256
0.000798708 9.99371E-05 9.99371E-05 9.99371E-05 9.99371E-05 9.99371E-05 9.99371E-05 9.99371E-05 0.998502
9.99372E-05 9.99372E-05 0.008872 9.99372E-05 9.99372E-05 9.99372E-05 9.99372E-05 9.99372E-05 0.990428
9.99551E-05 9.99551E-05 0.00256582 0.0163173 9.99551E-05 0.000233186 9.99551E-05 9.99551E-05 0.980384
0.00653486 0.00753287 0.036401 9.9982E-05 0.00477282 0.0203445 0.0749439 9.9982E-05 0.84927
9.9955E-05 9.9955E-05 0.0296268 0.125457 9.9955E-05 9.9955E-05 9.9955E-05 0.0117738 0.832643
9.99371E-05 9.99371E-05 0.0470052 9.99371E-05 9.99371E-05 9.99371E-05 9.99371E-05 9.99371E-05 0.952295
9.993E-05 9.993E-05 9.993E-05 9.993E-05 9.993E-05 9.993E-05 0.0147537 9.993E-05 0.984547
9.99461E-05 0.00642245 0.0316742 9.99461E-05 9.99461E-05 9.99461E-05 9.99461E-05 9.99461E-05 0.961304
9.993E-05 9.993E-05 0.999201 9.993E-05 9.993E-05 9.993E-05 9.993E-05 9.993E-05 9.993E-05
0.00470187 9.99371E-05 0.994599 9.99371E-05 9.99371E-05 9.99371E-05 9.99371E-05 9.99371E-05 9.99371E-05
9.993E-05 9.993E-05 0.999201 9.993E-05 9.993E-05 9.993E-05 9.993E-05 9.993E-05 9.993E-05
