0.0348274 0.14278 0.0451486 0.777244
9.9982E-05 9.9982E-05 0.00476 0.99504
9.998E-05 9.998E-05 9.998E-05 0.9997
0.0360774 0.174328 0.198529 0.591065
0.0133571 0.155855 0.162229 0.66856
9.9991E-05 0.069615 0.074899 0.855386
9.998E-05 9.998E-05 9.998E-05 0.9997
0.00395263 9.9982E-05 9.9982E-05 0.995847
9.998E-05 9.998E-05 9.998E-05 0.9997
0.0505937 0.116611 0.0534529 0.779342
0.370157 0.057515 9.9991E-05 0.572228
0.402624 0.111276 9.9991E-05 0.486
0.449291 0.123796 9.9991E-05 0.426813
0.661032 0.198378 9.9991E-05 0.140491
0.50376 0.205242 0.118666 0.172332
0.40759 0.351832 0.105922 0.134656
0.470284 0.322891 9.9991E-05 0.206725
0.580367 0.287405 9.9991E-05 0.132129
0.609739 0.20654 9.9991E-05 0.183621
0.9997 9.998E-05 9.998E-05 9.998E-05
0.9997 9.998E-05 9.998E-05 9.998E-05
0.9997 9.998E-05 9.998E-05 9.998E-05
0.688498 0.236538 9.9991E-05 0.074864
0.0987388 0.88885 9.9991E-05 0.0123114
0.0388704 0.896038 9.9991E-05 0.0649918
0.0880057 0.865338 9.9991E-05 0.0465561
0.0300507 0.856057 9.9991E-05 0.113793
0.100598 0.844804 9.9991E-05 0.0544977
0.0468368 0.92308 9.9991E-05 0.029983
0.0646208 0.934365 9.9991E-05 0.000914126
0.0434165 0.928825 9.9991E-05 0.0276585
0.0242937 0.975506 9.9982E-05 9.9982E-05
0.0426688 0.878959 9.9991E-05 0.0782719
0.0590733 0.903184 9.9991E-05 0.0376426
0.0810625 0.699686 0.110316 0.108936
0.019822 0.762634 0.112171 0.105373
0.0370407 0.839179 9.9991E-05 0.12368
0.053673 0.755185 0.191042 9.9991E-05
0.0539518 0.76931 0.176638 9.9991E-05
0.0244659 0.840202 0.135232 9.9991E-05
0.0283542 0.859693 0.111852 9.9991E-05
0.0470801 0.801962 0.133527 0.0174303
9.9982E-05 0.926216 0.0735842 9.9982E-05
0.0400628 0.852156 0.100323 0.00745793
9.9991E-05 0.837976 0.147043 0.0148808
9.9982E-05 0.928519 0.0712813 9.9982E-05
0.037835 0.813759 0.0768137 0.0715922
0.0267404 0.906452 0.0667071 9.9991E-05
9.99821E-05 0.921561 0.0782393 9.99821E-05
9.9982E-05 0.815133 0.184667 9.9982E-05
0.0756053 0.610371 0.246778 0.0672457
9.9991E-05 0.878046 0.111955 0.00989851
0.0225675 0.765929 0.211403 9.9991E-05
9.9991E-05 0.721385 0.21829 0.0602244
0.00687845 0.711157 0.268003 0.0139619
0.00428311 0.736008 0.243545 0.0161638
9.9991E-05 0.830757 0.161776 0.00736642
9.9982E-05 0.832019 0.167781 9.9982E-05
0.0472119 0.738835 0.213853 9.9991E-05
0.0372824 0.686548 0.237157 0.0390128
9.9982E-05 0.810163 0.189637 9.9982E-05
9.9982E-05 0.845245 0.154555 9.9982E-05
9.9982E-05 0.821843 0.177957 9.9982E-05
0.00422999 0.846551 0.138465 0.0107535
0.0062941 0.906727 0.0868791 9.9991E-05
9.9982E-05 0.792968 0.206832 9.9982E-05
9.9982E-05 0.789919 0.209881 9.9982E-05
9.9982E-05 0.812131 0.187669 9.9982E-05
9.9991E-05 0.719497 0.268047 0.0123569
0.0163591 0.739467 0.244074 9.9991E-05
9.9982E-05 0.647769 0.352031 9.9982E-05
9.9982E-05 0.689308 0.310492 9.9982E-05
9.9982E-05 0.700631 0.299169 9.9982E-05
9.9982E-05 0.696444 0.303356 9.9982E-05
0.0308022 0.658846 0.295884 0.0144676
9.9991E-05 0.456814 0.51543 0.0276565
0.0131487 0.399415 0.587337 9.9991E-05
9.9982E-05 0.506628 0.493172 9.9982E-05
0.0232282 0.332378 0.623781 0.0206137
9.9982E-05 0.499314 0.500486 9.9982E-05
0.0336806 0.48878 0.477439 9.9991E-05
9.9982E-05 0.409627 0.590173 9.9982E-05
9.998E-05 9.998E-05 0.9997 9.998E-05
9.9982E-05 0.0499844 0.949816 9.9982E-05
9.9991E-05 0.00267852 0.996974 0.000247581
9.998E-05 9.998E-05 0.9997 9.998E-05
9.9982E-05 0.0129862 0.986814 9.9982E-05
0.0231894 0.151852 0.824858 9.9991E-05
9.9982E-05 0.0915403 0.90826 9.9982E-05
9.9982E-05 0.00739175 0.992408 9.9982E-05
9.9982E-05 0.00462195 0.995178 9.9982E-05
9.998E-05 9.998E-05 0.9997 9.998E-05
9.998E-05 9.998E-05 0.9997 9.998E-05
9.9982E-05 9.9982E-05 0.961754 0.0380462
9.9982E-05 9.9982E-05 0.982914 0.0168857
