9.99371E-05 9.99371E-05 9.99371E-05 9.99371E-05 9.99371E-05 0.947918 0.0513827 9.99371E-05 9.99371E-05
9.993E-05 9.993E-05 9.993E-05 9.993E-05 9.993E-05 0.999201 9.993E-05 9.993E-05 9.993E-05
9.99371E-05 9.99371E-05 0.220671 9.99371E-05 9.99371E-05 0.778629 9.99371E-05 9.99371E-05 9.99371E-05
0.0620498 0.0433163 9.9964E-05 0.0771674 9.9964E-05 0.801562 9.9964E-05 0.0155044 9.9964E-05
9.9964E-05 9.9964E-05 9.9964E-05 0.109175 0.0271012 0.830565 0.0225656 0.0101932 9.9964E-05
9.993E-05 9.993E-05 9.993E-05 9.993E-05 9.993E-05 0.999201 9.993E-05 9.993E-05 9.993E-05
9.993E-05 9.993E-05 0.999201 9.993E-05 9.993E-05 9.993E-05 9.993E-05 9.993E-05 9.993E-05
9.99461E-05 9.99461E-05 0.857995 9.99461E-05 9.99461E-05 0.0729457 9.99461E-05 9.99461E-05 0.0684594
9.993E-05 9.993E-05 0.999201 9.993E-05 9.993E-05 9.993E-05 9.993E-05 9.993E-05 9.993E-05
9.9973E-05 9.9973E-05 0.454605 0.0596658 0.0155075 0.293636 0.0716599 9.9973E-05 0.104625
9.99371E-05 9.99371E-05 0.142524 9.99371E-05 9.99371E-05 9.99371E-05 9.99371E-05 9.99371E-05 0.856776
9.99371E-05 9.99371E-05 0.0601793 9.99371E-05 9.99371E-05 9.99371E-05 9.99371E-05 9.99371E-05 0.939121
9.99371E-05 9.99371E-05 9.99371E-05 9.99371E-05 9.99371E-05 0.0475183 9.99371E-05 9.99371E-05 0.951782
0.00467461 9.99551E-05 9.99551E-05 0.0333712 9.99551E-05 9.99551E-05 9.99551E-05 0.0793505 0.882104
9.9964E-05 0.0265875 9.9964E-05 9.9964E-05 0.034466 9.9964E-05 0.132742 0.0180138 0.787791
0.128477 0.0546486 9.9982E-05 0.125966 0.0160898 9.9982E-05 0.00200588 0.0146432 0.65797
0.0383954 0.0121945 9.9955E-05 9.9955E-05 9.9955E-05 9.9955E-05 0.026334 9.9955E-05 0.922576
0.142973 9.99461E-05 9.99461E-05 9.99461E-05 9.99461E-05 9.99461E-05 9.99461E-05 0.0430686 0.813358
0.0472146 9.9955E-05 0.00145531 9.9955E-05 9.9955E-05 9.9955E-05 9.9955E-05 0.068965 0.881865
9.993E-05 9.993E-05 9.993E-05 9.993E-05 9.993E-05 9.993E-05 9.993E-05 0.999201 9.993E-05
9.99371E-05 9.99371E-05 0.00291628 9.99371E-05 9.99371E-05 9.99371E-05 9.99371E-05 0.996384 9.99371E-05
0.000318592 9.99551E-05 0.0101666 9.99551E-05 9.99551E-05 0.00785752 9.99551E-05 0.981157 9.99551E-05
0.0616458 9.9964E-05 9.9964E-05 9.9964E-05 0.00504566 9.9964E-05 0.0522978 0.0998849 0.780726
0.636519 0.0636581 9.9982E-05 0.144992 0.00614654 0.0129433 0.0958375 9.9982E-05 0.0397029
0.798222 0.0274841 9.99641E-05 9.99641E-05 9.99641E-05 0.0496113 0.120044 0.00423835 9.99641E-05
0.861268 0.0016021 0.00445508 0.110259 9.9964E-05 9.9964E-05 9.9964E-05 9.9964E-05 0.0220164
0.740426 9.9964E-05 9.9964E-05 0.0821861 9.9964E-05 0.0638616 0.0555249 9.9964E-05 0.0576012
0.771486 9.9973E-05 9.9973E-05 0.138256 0.0140493 0.0130091 9.9973E-05 0.0233282 0.0395713
0.999201 9.993E-05 9.993E-05 9.993E-05 9.993E-05 9.993E-05 9.993E-05 9.993E-05 9.993E-05
0.999201 9.993E-05 9.993E-05 9.993E-05 9.993E-05 9.993E-05 9.993E-05 9.993E-05 9.993E-05
0.880814 9.99461E-05 9.99461E-05 9.99461E-05 0.00934781 9.99461E-05 0.109238 9.99461E-05 9.99461E-05
0.940606 9.99371E-05 9.99371E-05 0.0586943 9.99371E-05 9.99371E-05 9.99371E-05 9.99371E-05 9.99371E-05
0.995282 9.99371E-05 9.99371E-05 9.99371E-05 0.00401803 9.99371E-05 9.99371E-05 9.99371E-05 9.99371E-05
0.939302 9.99551E-05 0.0124909 9.99551E-05 9.99551E-05 9.99551E-05 0.0383776 0.00933022 9.99551E-05
0.551545 0.104757 0.0134933 0.039047 0.0189277 0.0815979 0.151978 0.0297503 0.00890367
0.380442 9.9982E-05 9.9982E-05 0.202713 0.0854138 0.064036 0.206301 0.0294326 0.0314616
0.613865 9.9955E-05 9.9955E-05 0.247514 9.9955E-05 0.136898 9.9955E-05 0.00122398 9.9955E-05
9.99641E-05 0.0579021 0.0115673 0.0367812 9.99641E-05 9.99641E-05 0.884886 0.00846306 9.99641E-05
0.191554 0.146694 9.9973E-05 0.0889935 9.9973E-05 9.9973E-05 0.512392 0.0177435 0.0423233
9.993E-05 9.993E-05 9.993E-05 9.993E-05 9.993E-05 9.993E-05 0.999201 9.993E-05 9.993E-05
0.0335746 9.9964E-05 9.9964E-05 0.137059 0.0216844 9.9964E-05 0.787663 9.9964E-05 0.0196194
9.99461E-05 9.99461E-05 0.0040418 9.99461E-05 0.0265091 9.99461E-05 0.968849 9.99461E-05 9.99461E-05
9.993E-05 9.993E-05 9.993E-05 9.993E-05 9.993E-05 9.993E-05 0.999201 9.993E-05 9.993E-05
9.99371E-05 9.99371E-05 9.99371E-05 9.99371E-05 9.99371E-05 9.99371E-05 0.99707 0.00223037 9.99371E-05
0.0219335 0.0505726 9.99461E-05 9.99461E-05 9.99461E-05 9.99461E-05 0.926894 9.99461E-05 9.99461E-05
9.993E-05 9.993E-05 9.993E-05 9.993E-05 9.993E-05 9.993E-05 0.999201 9.993E-05 9.993E-05
0.175995 0.023527 0.0695988 0.485455 9.9991E-05 0.0349961 0.183564 0.00554236 0.0212221
0.158235 9.99731E-05 9.99731E-05 0.465378 0.0229848 9.99731E-05 0.296303 0.0272717 0.0295275
0.159504 9.99462E-05 0.0298426 0.810053 9.99462E-05 9.99462E-05 9.99462E-05 9.99462E-05 9.99462E-05
0.109738 9.99551E-05 9.99551E-05 0.785126 9.99551E-05 9.99551E-05 0.100497 0.00413939 9.99551E-05
0.155737 0.157407 0.0392198 0.374659 0.00353659 0.0266803 0.169439 0.0346898 0.0386303
0.00678024 9.9955E-05 9.9955E-05 0.604103 9.9955E-05 0.0419325 0.346685 9.9955E-05 9.9955E-05
0.0534417 0.070449 0.0180823 0.546843 9.9973E-05 9.9973E-05 0.296987 0.0138964 9.9973E-05
0.0437995 0.00195881 0.0488133 0.508405 0.0896579 9.9991E-05 0.220996 0.0202506 0.0660187
0.0256955 0.124153 9.99641E-05 0.517231 9.99641E-05 9.99641E-05 0.311422 9.99641E-05 0.0210979
9.9964E-05 9.9964E-05 9.9964E-05 0.81133 0.020153 0.0365245 0.0957446 9.9964E-05 0.0358479
0.0484794 9.9982E-05 0.0249993 0.859207 0.0267968 0.0350666 9.9982E-05 0.00472709 0.000523762
0.0699779 0.025934 0.00364074 0.538091 9.99731E-05 9.99731E-05 0.333971 0.0280849 9.99731E-05
0.0865477 0.0689195 0.00940378 0.524111 0.0529831 9.9991E-05 0.216057 0.0416135 0.000264166
0.0658022 0.0382322 9.9964E-05 0.776173 9.9964E-05 0.0636251 9.9964E-05 0.0557681 9.9964E-05
0.0225038 9.99461E-05 9.99461E-05 0.975261 9.99461E-05 9.99461E-05 9.99461E-05 0.00163566 9.99461E-05
0.098126 9.99551E-05 9.99551E-05 0.805296 9.99551E-05 0.0335308 0.0625475 9.99551E-05 9.99551E-05
9.99461E-05 9.99461E-05 9.99461E-05 0.556726 9.99461E-05 9.99461E-05 0.440407 9.99461E-05 0.00226668
0.0603566 0.0726305 9.9991E-05 0.577861 0.0102751 0.0206278 0.22217 0.0242608 0.0117185
0.0921993 0.0472985 9.99641E-05 0.666324 9.99641E-05 9.99641E-05 0.162959 0.03082 9.99641E-05
9.99551E-05 9.99551E-05 0.0108935 0.971347 0.00662465 9.99551E-05 9.99551E-05 9.99551E-05 0.0106346
0.0220228 9.99461E-05 9.99461E-05 0.945794 9.99461E-05 0.031584 9.99461E-05 9.99461E-05 9.99461E-05
9.99461E-05 9.99461E-05 9.99461E-05 0.983736 0.00673998 9.99461E-05 9.99461E-05 0.00892387 9.99461E-05
0.0223021 0.0228724 0.0165375 0.932376 9.99641E-05 9.99641E-05 9.99641E-05 0.005512 9.99641E-05
9.99551E-05 9.99551E-05 9.99551E-05 0.902271 0.0630652 9.99551E-05 9.99551E-05 0.0114601 0.0227037
9.99461E-05 0.111663 9.99461E-05 0.852323 9.99461E-05 9.99461E-05 0.0354144 9.99461E-05 9.99461E-05
9.99372E-05 0.0265751 9.99372E-05 0.972725 9.99372E-05 9.99372E-05 9.99372E-05 9.99372E-05 9.99372E-05
9.99461E-05 9.99461E-05 9.99461E-05 0.873945 0.00108626 9.99461E-05 0.124369 9.99461E-05 9.99461E-05
9.99551E-05 0.0697009 9.99551E-05 0.874587 9.99551E-05 9.99551E-05 0.0352766 9.99551E-05 0.0199361
9.9973E-05 0.00328501 9.9973E-05 0.764346 0.0420783 0.0402408 0.141691 0.00805855 9.9973E-05
9.99461E-05 0.444076 0.0204009 0.534923 9.99461E-05 9.99461E-05 9.99461E-05 9.99461E-05 9.99461E-05
9.99551E-05 0.441507 9.99551E-05 0.490565 9.99551E-05 9.99551E-05 0.044705 0.0227235 9.99551E-05
9.99641E-05 0.269205 9.99641E-05 0.628438 0.038921 9.99641E-05 0.0409189 0.0221172 9.99641E-05
0.050007 0.662151 0.0188667 0.219644 9.9982E-05 0.0173844 0.0117311 9.9982E-05 0.0200154
9.99461E-05 0.296216 9.99461E-05 0.697589 9.99461E-05 9.99461E-05 9.99461E-05 9.99461E-05 0.00559515
0.00994915 0.322362 9.99641E-05 0.616083 9.99641E-05 0.0328779 9.99641E-05 0.0183277 9.99641E-05
9.99551E-05 0.414719 9.99551E-05 0.54748 9.99551E-05 0.0265664 0.0107353 9.99551E-05 9.99551E-05
9.993E-05 0.999201 9.993E-05 9.993E-05 9.993E-05 9.993E-05 9.993E-05 9.993E-05 9.993E-05
9.99461E-05 0.909431 9.99461E-05 9.99461E-05 0.0259873 9.99461E-05 0.0639819 9.99461E-05 9.99461E-05
9.993E-05 0.999201 9.993E-05 9.993E-05 9.993E-05 9.993E-05 9.993E-05 9.993E-05 9.993E-05
9.99461E-05 0.98926 0.00800676 9.99461E-05 0.00213312 9.99461E-05 9.99461E-05 9.99461E-05 9.99461E-05
9.99461E-05 0.920413 9.99461E-05 9.99461E-05 0.0788844 9.99461E-05 9.99461E-05 9.99461E-05 0.000103397
0.0656096 0.794453 0.00717373 0.0686602 0.0496293 9.9973E-05 0.0141741 9.9973E-05 9.9973E-05
9.99371E-05 0.993119 9.99371E-05 9.99371E-05 9.99371E-05 0.00618118 9.99371E-05 9.99371E-05 9.99371E-05
0.00284224 0.970791 9.99551E-05 9.99551E-05 0.0197987 9.99551E-05 9.99551E-05 9.99551E-05 0.00606876
9.993E-05 0.999201 9.993E-05 9.993E-05 9.993E-05 9.993E-05 9.993E-05 9.993E-05 9.993E-05
9.99461E-05 0.923246 9.99461E-05 0.000482442 0.0756715 9.99461E-05 9.99461E-05 9.99461E-05 9.99461E-05
9.993E-05 9.993E-05 9.993E-05 9.993E-05 0.999201 9.993E-05 9.993E-05 9.993E-05 9.993E-05
0.0145239 9.99461E-05 9.99461E-05 9.99461E-05 0.973132 0.0117447 9.99461E-05 9.99461E-05 9.99461E-05
9.993E-05 9.993E-05 9.993E-05 9.993E-05 0.999201 9.993E-05 9.993E-05 9.993E-05 9.993E-05
