0.0856492 0.0190134 0.0628842 0.774158 0.0582954
9.997E-05 9.997E-05 9.997E-05 0.9996 9.997E-05
9.997E-05 9.997E-05 9.997E-05 0.9996 9.997E-05
0.176829 0.00368316 0.0883971 0.622225 0.108867
0.0715367 0.0399324 0.0366126 0.64892 0.202999
0.0779965 9.9991E-05 0.0645143 0.842065 0.0153246
9.997E-05 9.997E-05 9.997E-05 0.9996 9.997E-05
9.997E-05 9.997E-05 9.997E-05 0.9996 9.997E-05
9.997E-05 9.997E-05 9.997E-05 0.9996 9.997E-05
0.0281261 0.0293221 0.0490483 0.792844 0.100659
9.9982E-05 0.386066 9.9982E-05 0.541139 0.0725951
9.999E-05 0.424183 0.0104427 0.475199 0.0900761
9.9991E-05 0.464827 0.0758073 0.428401 0.0308646
0.0173925 0.636747 0.206409 0.118196 0.0212558
0.100166 0.482001 0.0630984 0.176371 0.178363
0.0441788 0.355702 0.180319 0.204192 0.215608
9.999E-05 0.455145 0.244672 0.213357 0.0867263
9.9982E-05 0.517136 0.34447 0.138194 9.9982E-05
9.9991E-05 0.580446 0.228964 0.174647 0.0158422
9.997E-05 0.9996 9.997E-05 9.997E-05 9.997E-05
9.997E-05 0.9996 9.997E-05 9.997E-05 9.997E-05
9.997E-05 0.9996 9.997E-05 9.997E-05 9.997E-05
0.0166318 0.586959 0.287184 0.109124 9.9991E-05
9.99842E-05 0.0140141 0.773884 9.99842E-05 0.211902
0.063964 9.9982E-05 0.910872 0.0249638 9.9982E-05
0.0307239 0.0271825 0.855962 0.0267659 0.059366
9.9991E-05 0.0128488 0.82733 0.0330569 0.126664
9.9991E-05 0.0690939 0.791266 0.00369893 0.135841
9.997E-05 9.997E-05 0.9996 9.997E-05 9.997E-05
9.997E-05 9.997E-05 0.9996 9.997E-05 9.997E-05
9.997E-05 9.997E-05 0.9996 9.997E-05 9.997E-05
0.000547443 9.9982E-05 0.976751 9.9982E-05 0.0225019
9.997E-05 9.997E-05 0.9996 9.997E-05 9.997E-05
9.997E-05 9.997E-05 0.9996 9.997E-05 9.997E-05
0.161009 0.0645487 0.577639 0.045228 0.151575
0.06661 0.0538815 0.285898 0.0887911 0.504819
0.0203069 0.0246216 0.603804 0.0992071 0.25206
0.0442905 0.0775684 0.0403375 9.9991E-05 0.837704
0.118883 0.0483268 0.277452 9.9991E-05 0.555238
0.00242978 0.0359758 0.104811 0.00426156 0.852522
9.9982E-05 0.0466142 0.121852 9.9982E-05 0.831334
0.00303189 0.03408 0.139019 0.00612013 0.817749
9.9982E-05 9.9982E-05 0.0304822 0.0143049 0.955013
0.0247698 0.0896315 0.190756 9.9991E-05 0.694743
0.026959 9.9991E-05 0.220103 0.0272231 0.725615
9.9982E-05 0.0139755 9.9982E-05 0.0243572 0.961467
9.9991E-05 0.0305401 0.195422 0.0565927 0.717345
9.9982E-05 0.0547053 0.0934174 9.9982E-05 0.851677
9.99821E-05 0.0204488 0.123971 9.99821E-05 0.85538
0.0462821 9.9991E-05 0.0873066 0.00571192 0.860599
0.10985 0.0661444 0.163331 0.0464533 0.614221
9.9991E-05 0.0059284 0.0871864 0.026802 0.879983
0.0603988 0.0514416 0.0432832 9.9991E-05 0.844776
0.128332 0.0171638 0.177424 0.0552002 0.621879
0.0694737 9.9991E-05 0.0143404 0.048018 0.868068
0.0423293 0.00982656 9.9991E-05 0.0566127 0.891131
0.0436065 9.9991E-05 0.0718336 0.0451485 0.839311
0.00689948 9.9982E-05 0.0871982 9.9982E-05 0.905702
0.0868258 0.0595228 0.0991967 9.9991E-05 0.754355
0.0789195 0.0340191 0.0583994 0.0198511 0.808811
9.997E-05 9.997E-05 9.997E-05 9.997E-05 0.9996
9.9991E-05 0.00327735 0.0435889 0.000840065 0.952194
9.99731E-05 0.0224237 9.99731E-05 9.99731E-05 0.977276
0.069133 0.0563248 0.100333 0.0140248 0.760184
9.9982E-05 0.0338977 0.0420279 9.9982E-05 0.923874
0.0222674 9.9991E-05 0.0292026 0.0134771 0.934953
9.9982E-05 9.9982E-05 0.0229422 0.0200695 0.956788
0.0234903 9.99731E-05 9.99731E-05 9.99731E-05 0.97621
0.0660811 9.9982E-05 9.9982E-05 0.0166684 0.917051
0.0643611 0.0265915 9.9982E-05 9.9982E-05 0.908847
0.110219 9.99731E-05 9.99731E-05 9.99731E-05 0.889481
0.0805404 9.99731E-05 9.99731E-05 9.99731E-05 0.91916
0.0287799 9.99731E-05 9.99731E-05 9.99731E-05 0.97092
0.0959214 9.99731E-05 9.99731E-05 9.99731E-05 0.903779
0.068503 0.000261737 9.9991E-05 0.0370856 0.89405
0.371503 9.9982E-05 9.9982E-05 0.0152869 0.61301
0.339198 0.00252601 9.9982E-05 9.9982E-05 0.658076
0.247045 9.99731E-05 9.99731E-05 9.99731E-05 0.752655
0.555523 9.9991E-05 0.131113 0.00276852 0.310496
0.278073 9.9973E-05 9.9973E-05 9.9973E-05 0.721627
0.335592 0.00714043 0.0704885 9.99981E-05 0.586679
0.357573 9.99731E-05 9.99731E-05 9.99731E-05 0.642128
0.969339 9.99731E-05 9.99731E-05 9.99731E-05 0.0303612
0.85044 9.9973E-05 9.9973E-05 9.9973E-05 0.14926
0.938454 9.9973E-05 9.9973E-05 9.9973E-05 0.0612463
0.9996 9.997E-05 9.997E-05 9.997E-05 9.997E-05
0.937891 9.9982E-05 0.0218431 9.9982E-05 0.0400663
0.779255 9.9982E-05 0.091645 9.9982E-05 0.1289
0.880552 9.9982E-05 0.0355063 9.9982E-05 0.0837415
0.964437 9.9973E-05 0.0352631 9.9973E-05 9.9973E-05
0.885624 9.9973E-05 9.9973E-05 9.9973E-05 0.114076
0.94017 9.9982E-05 0.000692785 9.9982E-05 0.0589374
0.9996 9.997E-05 9.997E-05 9.997E-05 9.997E-05
0.956587 9.9973E-05 9.9973E-05 0.0431131 9.9973E-05
0.9996 9.997E-05 9.997E-05 9.997E-05 9.997E-05
