0.0380135 0.0156335 0.676099 0.0439846 0.226269
9.999E-05 0.02276 0.82063 0.126279 0.0302311
0.0385757 0.0118572 0.861222 0.0882451 9.9991E-05
9.9973E-05 9.9973E-05 0.888588 0.111112 9.9973E-05
0.0978828 9.9982E-05 0.834562 0.0673556 9.9982E-05
9.997E-05 9.997E-05 0.9996 9.997E-05 9.997E-05
9.9973E-05 0.00234177 0.997358 9.9973E-05 9.9973E-05
9.997E-05 9.997E-05 0.9996 9.997E-05 9.997E-05
9.9982E-05 0.00996477 0.846927 0.142909 9.9982E-05
9.9973E-05 9.9973E-05 0.961213 0.038487 9.9973E-05
0.0191643 9.9991E-05 0.848006 0.0748694 0.0578601
9.9982E-05 0.0186553 0.893965 0.0871799 9.9982E-05
0.0228596 0.00621168 0.844707 0.126122 9.9991E-05
0.00117173 0.00509258 0.715094 0.142613 0.136028
0.0256674 0.0278758 0.75521 0.143903 0.0473436
0.0999893 0.00128449 0.7524 0.111467 0.0348591
9.999E-05 0.020943 0.866272 0.0791646 0.0335201
9.9982E-05 9.9982E-05 0.922054 0.0732857 0.0044602
0.0499564 0.0251849 0.647653 0.175909 0.101297
9.99731E-05 9.99731E-05 0.929974 0.0697256 9.99731E-05
0.0262584 9.9982E-05 0.892474 0.0810674 9.9982E-05
0.0075712 9.9991E-05 0.885742 0.0879656 0.0186209
0.0557332 0.0127017 0.749862 0.111273 0.0704299
9.9982E-05 0.0350648 0.825257 0.139478 9.9982E-05
9.9982E-05 0.0108958 0.80352 0.185384 9.9982E-05
0.0519739 0.00854197 0.830432 0.0768588 0.0321931
9.99731E-05 9.99731E-05 0.95507 0.0446305 9.99731E-05
9.9991E-05 0.0344374 0.781094 0.165097 0.0192713
0.0648622 9.9982E-05 0.845089 0.0898489 9.9982E-05
0.735707 0.037907 0.211793 0.0144922 9.9991E-05
9.997E-05 0.9996 9.997E-05 9.997E-05 9.997E-05
0.630365 0.0575676 0.223219 0.0625304 0.0263182
9.9982E-05 0.00737282 0.407708 0.584719 9.9982E-05
9.9991E-05 0.000277861 0.362828 0.589272 0.0475218
9.9982E-05 0.0320244 0.30568 0.662095 9.9982E-05
0.0399872 0.0031291 0.339483 0.617301 9.9991E-05
0.0075793 0.0178043 0.304199 0.598961 0.0714564
9.9991E-05 0.010045 0.372495 0.609395 0.00796457
0.0268498 9.9991E-05 0.416075 0.536943 0.0200327
0.0186612 9.9982E-05 0.349651 0.631488 9.9982E-05
0.116226 0.000835446 0.238715 0.644124 9.9991E-05
9.9973E-05 9.9973E-05 0.396816 0.602884 9.9973E-05
9.9982E-05 9.9982E-05 0.341079 0.601954 0.056767
0.0197268 0.0166182 0.341172 0.592254 0.0302298
0.0223769 9.9982E-05 0.339492 0.637932 9.9982E-05
9.9982E-05 9.9982E-05 0.301889 0.619774 0.0781365
0.901212 0.0390065 9.9991E-05 0.0581393 0.00154213
0.925913 0.00403451 9.9982E-05 9.9982E-05 0.0698522
0.433679 0.0561141 0.106723 0.083922 0.319562
0.795416 9.9982E-05 0.036516 9.9982E-05 0.167868
0.78962 0.00404892 9.9982E-05 9.9982E-05 0.206131
0.689193 0.0340877 9.9982E-05 9.9982E-05 0.276519
0.0315889 0.0176362 0.309887 0.624197 0.0166903
0.0238785 9.9982E-05 0.326055 0.649866 9.9982E-05
0.0788732 0.0222388 0.318107 0.576657 0.00412475
0.00463947 0.0320646 0.382457 0.580739 9.9991E-05
9.9991E-05 0.00457922 0.283802 0.707713 0.00380599
9.9973E-05 9.9973E-05 0.31297 0.68673 9.9973E-05
9.9982E-05 9.9982E-05 0.391013 0.589854 0.0189334
0.0493891 0.0162145 0.331815 0.602482 9.9991E-05
0.115369 9.9982E-05 0.278371 0.60606 9.9982E-05
0.0256729 9.9982E-05 0.378361 0.595766 9.9982E-05
9.9991E-05 0.0381861 0.398166 0.499947 0.0636009
9.9991E-05 0.0302378 0.268674 0.672104 0.0288844
9.9991E-05 0.00962793 0.336897 0.51676 0.136615
9.9982E-05 9.9982E-05 0.325784 0.655454 0.0185621
0.0473068 0.00165373 0.316 0.559447 0.0755926
9.9982E-05 0.0178356 0.356588 0.625376 9.9982E-05
0.0450445 0.0131514 0.218359 0.723345 9.9991E-05
9.9991E-05 0.0204826 0.236764 0.728223 0.0144304
9.9982E-05 0.0045309 0.387736 0.607534 9.9982E-05
9.9991E-05 0.00513681 0.346095 0.628177 0.0204914
0.0724037 0.0199101 0.143607 0.717729 0.0463498
0.0425044 0.00740045 0.212323 0.731369 0.00640348
9.9982E-05 0.0125932 0.134172 0.853035 9.9982E-05
0.122939 0.034655 0.18776 0.654546 9.9991E-05
0.794606 0.00715972 0.107093 0.0225683 0.0685738
0.97916 0.0201038 9.9982E-05 9.9982E-05 0.000536132
0.860099 0.0174962 0.0253376 0.064156 0.0329112
0.884889 0.0018104 9.9991E-05 0.00157343 0.111627
0.851919 0.016451 9.9991E-05 0.0545071 0.0770226
0.47611 0.0286369 0.170692 0.146815 0.177746
0.988238 0.00229169 9.9991E-05 0.000748625 0.00862174
0.9996 9.997E-05 9.997E-05 9.997E-05 9.997E-05
0.906306 9.9973E-05 9.9973E-05 9.9973E-05 0.0933938
0.979512 9.9973E-05 9.9973E-05 9.9973E-05 0.0201883
0.984306 0.00721134 9.9982E-05 9.9982E-05 0.0082827
0.9996 9.997E-05 9.997E-05 9.997E-05 9.997E-05
0.9996 9.997E-05 9.997E-05 9.997E-05 9.997E-05
9.99731E-05 0.0177206 9.99731E-05 0.981979 9.99731E-05
0.010384 9.9991E-05 0.103036 0.752107 0.134373
0.0112973 9.9991E-05 0.161473 0.701196 0.125933
0.00997123 9.9991E-05 0.139073 0.733434 0.117422
0.00142897 0.00356651 0.0496737 0.851797 0.0935343
0.0924245 0.0107347 0.16546 0.590996 0.140385
9.9973E-05 0.0122509 9.9973E-05 0.987449 9.9973E-05
0.00644981 0.00244701 9.9982E-05 0.990903 9.9982E-05
0.0270632 0.00460432 0.0213386 0.946894 9.9991E-05
0.0554307 9.9973E-05 9.9973E-05 0.944269 9.9973E-05
0.754201 0.0176878 0.14451 0.0835009 9.9991E-05
0.660023 9.9982E-05 0.219076 0.120702 9.9982E-05
0.561387 0.0149109 0.120416 0.165523 0.137763
0.705935 9.9982E-05 0.131843 0.162022 9.9982E-05
0.69656 9.9982E-05 0.21019 0.09305 9.9982E-05
0.324401 0.0162814 9.9982E-05 9.9982E-05 0.659118
0.59157 0.00859625 0.173875 0.1998 0.0261588
0.289581 0.0282592 0.202153 0.207172 0.272835
0.198078 0.0129237 0.113825 0.131291 0.543883
0.493487 0.00164954 0.235698 0.196472 0.0726935
9.997E-05 9.997E-05 9.997E-05 0.9996 9.997E-05
9.9973E-05 0.00392329 9.9973E-05 0.995777 9.9973E-05
9.9973E-05 9.9973E-05 9.9973E-05 0.96981 0.02989
9.99731E-05 9.99731E-05 9.99731E-05 0.981858 0.0178418
0.00445967 9.9982E-05 0.024283 0.971057 9.9982E-05
9.99731E-05 9.99731E-05 9.99731E-05 0.993604 0.00609594
9.9973E-05 0.0274267 9.9973E-05 0.972273 9.9973E-05
9.997E-05 9.997E-05 9.997E-05 0.9996 9.997E-05
0.174488 0.0241678 0.0509818 0.630103 0.12026
0.0342891 0.00878915 0.0230814 0.93374 9.9991E-05
9.9973E-05 0.0218565 9.9973E-05 0.977844 9.9973E-05
9.9973E-05 9.9973E-05 9.9973E-05 0.981553 0.0181472
9.9991E-05 0.0162468 0.0589147 0.794914 0.129825
9.9982E-05 0.000342262 9.9982E-05 0.956658 0.0428003
0.0550824 0.0110418 9.9982E-05 0.933676 9.9982E-05
9.997E-05 9.997E-05 9.997E-05 0.9996 9.997E-05
9.997E-05 9.997E-05 9.997E-05 0.9996 9.997E-05
0.0578063 0.0145194 0.0529536 0.0431601 0.831561
0.15469 0.0380949 0.041704 9.9991E-05 0.765411
0.0755348 0.0487364 0.202523 0.144997 0.528209
0.182733 0.00696464 0.149849 0.12552 0.534934
0.212329 0.0124036 0.00828269 9.9991E-05 0.766885
0.227992 0.00167194 0.176756 0.153929 0.439651
9.99731E-05 0.05668 9.99731E-05 9.99731E-05 0.94302
0.117493 9.9991E-05 0.0708422 0.0844812 0.727084
0.169142 9.9991E-05 0.0669025 0.197264 0.566592
9.9982E-05 0.0440411 0.0029351 9.9982E-05 0.952824
0.0570838 0.0369745 0.187092 0.103266 0.615584
0.102014 9.9991E-05 0.0683112 0.0380892 0.791485
9.9982E-05 0.0291922 0.0212609 9.9982E-05 0.949347
0.222022 9.9982E-05 0.120086 9.9982E-05 0.657692
0.0600015 0.0225327 0.0545573 9.9991E-05 0.862809
0.00669883 0.0366108 0.164784 0.139677 0.652229
0.0579274 0.0236317 0.0425643 0.0171439 0.858733
0.150603 0.00111243 0.0128745 0.0392244 0.796186
0.185143 0.0139831 9.9982E-05 9.9982E-05 0.800674
0.020547 0.0187316 0.0268688 0.101883 0.831969
0.0316861 0.0219893 9.9991E-05 0.0415321 0.904693
0.0129051 0.00426955 0.00336599 9.9991E-05 0.979359
9.9982E-05 0.00675627 0.00432421 9.9982E-05 0.98872
0.0938323 0.0148521 0.0182867 9.9991E-05 0.872929
0.108222 9.9991E-05 0.0389848 0.0278163 0.824877
0.062877 0.0159355 0.217466 0.152843 0.550878
0.0432495 0.0152564 0.012725 0.00229842 0.926471
9.9991E-05 0.00454163 0.0102165 0.0397351 0.945407
0.168168 0.0204266 9.9982E-05 9.9982E-05 0.811206
0.0611937 0.0366327 0.009325 0.0143744 0.878474
0.0964916 0.00993302 0.103917 0.0271912 0.762467
0.212715 9.9982E-05 0.0189047 9.9982E-05 0.768181
9.997E-05 0.9996 9.997E-05 9.997E-05 9.997E-05
0.128839 0.00984601 9.9982E-05 9.9982E-05 0.861115
9.9982E-05 0.00295866 9.9982E-05 0.00885872 0.987983
0.0591566 0.00782545 9.9982E-05 9.9982E-05 0.932818
0.188125 0.0120583 0.0327619 9.9991E-05 0.766955
9.9991E-05 0.0310957 0.0152707 0.0102318 0.943302
0.118465 0.0297372 0.00676339 9.9991E-05 0.844935
9.99731E-05 0.0465717 9.99731E-05 9.99731E-05 0.953128
0.0491513 0.0416874 0.0768473 9.9991E-05 0.832214
0.0438817 9.9991E-05 0.0849589 0.0414918 0.829568
0.0166533 0.0137338 0.131141 0.181561 0.656911
0.165649 0.012909 0.11875 0.181684 0.521009
0.156903 0.00714719 0.150638 0.174463 0.510849
0.0146075 9.9991E-05 0.0627531 0.0671195 0.85542
0.107238 0.0155866 0.045041 0.0835516 0.748583
0.18545 0.00909868 0.014438 0.0339718 0.757042
0.0361677 0.0127207 0.16864 0.078478 0.703993
0.0515229 0.0019943 0.144372 0.0551994 0.746911
0.0855648 0.00931331 0.0362595 0.144868 0.723995
0.0479519 0.00821837 0.0995747 0.0407977 0.803457
9.9991E-05 0.0222428 0.0435541 0.136047 0.798056
0.0695487 0.0107197 9.9982E-05 9.9982E-05 0.919532
9.9991E-05 0.008484 0.108221 0.111414 0.771781
0.0193029 0.0125744 9.9991E-05 0.00859812 0.959425
9.9991E-05 0.0228922 0.100481 0.119037 0.75749
0.0509559 0.0135913 0.0292484 0.059237 0.846967
0.0621111 0.0173587 0.0369919 0.0761764 0.807362
9.99731E-05 0.0494733 9.99731E-05 9.99731E-05 0.950227
9.9991E-05 0.0152152 0.00128474 0.0577846 0.925616
9.99731E-05 0.0164853 9.99731E-05 9.99731E-05 0.983215
0.0313566 0.00422732 9.9982E-05 9.9982E-05 0.964216
9.99731E-05 9.99731E-05 0.0174428 9.99731E-05 0.982257
0.0867645 0.0015857 9.9991E-05 0.0137322 0.897818
0.0459316 0.028451 9.9982E-05 9.9982E-05 0.925417
0.00386305 9.99731E-05 9.99731E-05 9.99731E-05 0.995837
0.143166 0.0363989 0.180756 0.137033 0.502646
0.00315204 0.0225056 0.0280959 0.00734139 0.938905
0.0922516 0.00621926 9.9991E-05 0.00535824 0.896071
0.0068417 9.9982E-05 9.9982E-05 0.0186136 0.974345
9.9982E-05 0.0126034 0.0229376 9.9982E-05 0.964259
9.9982E-05 0.0461526 9.9982E-05 0.0384499 0.915198
0.0436626 9.9991E-05 0.0249878 0.0188881 0.912361
0.0152188 9.9982E-05 9.9982E-05 0.0718007 0.91278
9.997E-05 9.997E-05 9.997E-05 9.997E-05 0.9996
0.013857 0.00807003 9.9982E-05 9.9982E-05 0.977873
9.997E-05 9.997E-05 9.997E-05 9.997E-05 0.9996
0.0419995 0.0191782 9.9991E-05 0.0373181 0.901404
9.9973E-05 9.9973E-05 0.0622279 9.9973E-05 0.937472
9.9982E-05 0.0361914 0.0079756 9.9982E-05 0.955633
9.99731E-05 0.00100976 9.99731E-05 9.99731E-05 0.99869
0.0133658 9.9991E-05 0.13081 0.0896507 0.766073
9.99731E-05 9.99731E-05 0.0215889 9.99731E-05 0.978111
