0.0428514 0.764138 0.0514341 0.110695 0.0308819
9.99731E-05 0.991305 0.0083953 9.99731E-05 9.99731E-05
9.997E-05 0.9996 9.997E-05 9.997E-05 9.997E-05
0.059653 0.612372 0.114893 0.18501 0.0280721
0.0512433 0.634295 0.0729741 0.207475 0.0340127
0.0499836 0.823878 0.0408241 0.0852143 9.9991E-05
9.997E-05 0.9996 9.997E-05 9.997E-05 9.997E-05
9.9973E-05 0.990431 9.9973E-05 9.9973E-05 0.00926888
9.997E-05 0.9996 9.997E-05 9.997E-05 9.997E-05
0.0120205 0.779065 0.0422724 0.120827 0.0458158
0.00280446 0.551318 9.9991E-05 0.0437674 0.402011
0.039515 0.450612 9.9991E-05 0.0715872 0.438186
0.121344 0.362405 9.9982E-05 9.9982E-05 0.516051
0.212598 0.120023 9.9991E-05 0.0171646 0.650115
0.0122534 0.172446 0.0624248 0.217195 0.53568
0.151864 0.138012 0.0445458 0.280914 0.384665
0.248202 0.187445 9.9991E-05 0.078849 0.485404
0.358362 0.0926372 9.9982E-05 9.9982E-05 0.5488
0.163223 0.198514 9.9991E-05 0.0660891 0.572074
9.997E-05 9.997E-05 9.997E-05 9.997E-05 0.9996
9.997E-05 9.997E-05 9.997E-05 9.997E-05 0.9996
9.997E-05 9.997E-05 9.997E-05 9.997E-05 0.9996
0.276455 0.0860099 0.0019792 0.0143421 0.621214
0.729548 9.9991E-05 0.028972 0.206032 0.0353478
0.862207 0.032362 0.0640045 0.0413268 9.9991E-05
0.910075 9.9982E-05 0.0248807 0.0648445 9.9982E-05
0.833244 0.0302487 9.9991E-05 0.118241 0.0181658
0.743182 0.00510782 9.9991E-05 0.197145 0.0544648
0.9996 9.997E-05 9.997E-05 9.997E-05 9.997E-05
0.9996 9.997E-05 9.997E-05 9.997E-05 9.997E-05
0.9996 9.997E-05 9.997E-05 9.997E-05 9.997E-05
0.9996 9.997E-05 9.997E-05 9.997E-05 9.997E-05
0.9996 9.997E-05 9.997E-05 9.997E-05 9.997E-05
0.901627 9.9982E-05 9.9982E-05 0.0847278 0.0134453
0.640423 0.0581838 0.116883 0.18441 9.9991E-05
0.43626 0.0655788 0.0990014 0.374113 0.0250462
0.673383 0.105299 0.0373233 0.18325 0.000744823
0.0961228 0.0115387 0.0314307 0.803143 0.0577646
0.176161 9.9991E-05 0.0725778 0.702744 0.0484164
0.125515 0.00893876 0.00010678 0.847709 0.0177303
0.0935768 9.9982E-05 9.9982E-05 0.871605 0.0346183
0.129055 0.00301452 0.00244171 0.80695 0.0585386
0.0853106 0.00720149 9.9982E-05 0.907288 9.9982E-05
0.152579 0.000443627 9.9991E-05 0.772693 0.0741844
0.21978 0.010496 0.0127356 0.741051 0.0159367
9.9982E-05 0.0190007 9.9982E-05 0.979911 0.000888009
0.260099 0.0557516 9.9991E-05 0.654474 0.0295747
0.15794 9.9982E-05 9.9982E-05 0.801208 0.0406515
0.153461 9.99731E-05 9.99731E-05 0.846239 9.99731E-05
0.0342209 9.9982E-05 0.0208678 0.944711 9.9982E-05
0.12939 0.0641908 0.164078 0.560521 0.0818202
0.0359262 0.0323875 9.9991E-05 0.903526 0.0280606
0.0247319 0.0113407 0.0510287 0.869597 0.043302
0.14613 0.0664791 0.071904 0.715387 9.9991E-05
9.9991E-05 0.0238218 0.0485459 0.922667 0.00486566
9.9991E-05 0.0238409 0.0754976 0.85054 0.0500213
0.0181085 0.0424673 9.9991E-05 0.934374 0.00495011
0.0682485 9.9982E-05 0.00483839 0.926713 9.9982E-05
0.10999 9.9991E-05 0.0625199 0.807108 0.020282
0.0819179 0.0484075 0.0582107 0.774391 0.0370726
0.0614632 9.99731E-05 9.99731E-05 0.938237 9.99731E-05
0.00641163 0.0105374 9.9982E-05 0.982851 9.9982E-05
9.9982E-05 0.00471037 9.9982E-05 0.985387 0.00970258
0.113143 0.0273525 0.0508723 0.799202 0.00943038
0.104516 9.9982E-05 9.9982E-05 0.881956 0.0133287
0.0177994 9.9982E-05 0.00895755 0.973043 9.9982E-05
9.997E-05 9.997E-05 9.997E-05 0.9996 9.997E-05
9.99731E-05 9.99731E-05 0.00073559 0.998964 9.99731E-05
0.0238919 0.00882666 0.0843954 0.882786 9.9991E-05
0.0410881 9.9991E-05 0.0716497 0.859964 0.0271986
9.99731E-05 9.99731E-05 0.11243 0.88727 9.99731E-05
9.99731E-05 9.99731E-05 0.0913629 0.908337 9.99731E-05
9.997E-05 9.997E-05 9.997E-05 0.9996 9.997E-05
9.9973E-05 9.9973E-05 0.119256 0.880444 9.9973E-05
9.9991E-05 0.0200761 0.0634048 0.863228 0.0531916
9.9982E-05 0.0168867 0.331343 0.65157 9.9982E-05
9.99731E-05 9.99731E-05 0.327299 0.672401 9.99731E-05
9.99731E-05 9.99731E-05 0.324293 0.675407 9.99731E-05
0.105622 0.0122596 0.545303 0.32135 0.0154648
9.9973E-05 9.9973E-05 0.272072 0.727628 9.9973E-05
0.0233719 0.0032072 0.347147 0.614317 0.0119564
9.9982E-05 0.00821853 0.437203 0.554379 9.9982E-05
9.99731E-05 9.99731E-05 0.959957 0.0397432 9.99731E-05
9.9982E-05 9.9982E-05 0.91671 0.0814582 0.00163225
0.0227498 9.9982E-05 0.972326 0.00472415 9.9982E-05
9.99731E-05 9.99731E-05 0.984425 0.0152748 9.99731E-05
0.0243706 0.0031614 0.965571 0.00679721 9.9991E-05
0.0773485 9.9991E-05 0.765574 0.148353 0.00862407
9.9973E-05 9.9973E-05 0.869556 0.130144 9.9973E-05
0.0616246 9.9973E-05 0.938075 9.9973E-05 9.9973E-05
9.9973E-05 9.9973E-05 0.909029 0.0906708 9.9973E-05
9.9973E-05 9.9973E-05 0.898137 0.101564 9.9973E-05
9.997E-05 9.997E-05 0.9996 9.997E-05 9.997E-05
0.00151557 0.0265466 0.971738 9.9982E-05 9.9982E-05
9.997E-05 9.997E-05 0.9996 9.997E-05 9.997E-05
