0.7714 9.9973E-05 0.00349105 0.149722 9.9973E-05 0.0254316 0.0192344 0.0131408 9.9973E-05 0.0172795
0.969446 0.0222629 0.00759147 9.99372E-05 9.99372E-05 9.99372E-05 9.99372E-05 9.99372E-05 9.99372E-05 9.99372E-05
0.955151 9.99281E-05 9.99281E-05 9.99281E-05 9.99281E-05 9.99281E-05 9.99281E-05 0.0440501 9.99281E-05 9.99281E-05
0.6173 0.0411471 0.0119346 0.130283 9.9973E-05 9.9973E-05 0.0977205 9.9973E-05 0.0453629 0.0559517
0.619607 0.029474 9.9973E-05 0.144341 9.9973E-05 0.00129301 9.9973E-05 0.0211743 0.113354 0.0704564
0.825516 9.99551E-05 0.0794293 9.99551E-05 9.99551E-05 9.99551E-05 0.0694209 0.0218522 9.99551E-05 0.00328227
0.999101 9.99201E-05 9.99201E-05 9.99201E-05 9.99201E-05 9.99201E-05 9.99201E-05 9.99201E-05 9.99201E-05 9.99201E-05
0.968249 9.99281E-05 9.99281E-05 9.99281E-05 9.99281E-05 9.99281E-05 9.99281E-05 0.0309518 9.99281E-05 9.99281E-05
0.999101 9.99201E-05 9.99201E-05 9.99201E-05 9.99201E-05 9.99201E-05 9.99201E-05 9.99201E-05 9.99201E-05 9.99201E-05
0.762229 0.0990215 9.9955E-05 9.9955E-05 0.0360901 9.9955E-05 9.9955E-05 9.9955E-05 0.0506695 0.05149
9.99201E-05 9.99201E-05 9.99201E-05 9.99201E-05 9.99201E-05 9.99201E-05 9.99201E-05 0.999101 9.99201E-05 9.99201E-05
9.99201E-05 9.99201E-05 9.99201E-05 9.99201E-05 9.99201E-05 9.99201E-05 9.99201E-05 0.999101 9.99201E-05 9.99201E-05
9.99281E-05 0.0358076 9.99281E-05 9.99281E-05 9.99281E-05 9.99281E-05 9.99281E-05 0.963393 9.99281E-05 9.99281E-05
9.99201E-05 0.999101 9.99201E-05 9.99201E-05 9.99201E-05 9.99201E-05 9.99201E-05 9.99201E-05 9.99201E-05 9.99201E-05
0.00697903 0.850032 0.0372173 0.0666238 9.9973E-05 0.00905263 9.9973E-05 0.0295852 9.9973E-05 0.000210131
0.0341405 0.693737 9.9955E-05 0.250733 0.019043 9.9955E-05 9.9955E-05 9.9955E-05 9.9955E-05 0.001846
9.99201E-05 0.999101 9.99201E-05 9.99201E-05 9.99201E-05 9.99201E-05 9.99201E-05 9.99201E-05 9.99201E-05 9.99201E-05
9.99281E-05 0.969124 9.99281E-05 9.99281E-05 9.99281E-05 9.99281E-05 0.0300764 9.99281E-05 9.99281E-05 9.99281E-05
0.00240475 0.988174 9.99371E-05 9.99371E-05 9.99371E-05 0.00872164 9.99371E-05 9.99371E-05 9.99371E-05 9.99371E-05
9.99201E-05 9.99201E-05 9.99201E-05 9.99201E-05 9.99201E-05 0.999101 9.99201E-05 9.99201E-05 9.99201E-05 9.99201E-05
9.99281E-05 9.99281E-05 9.99281E-05 9.99281E-05 0.00118511 0.998015 9.99281E-05 9.99281E-05 9.99281E-05 9.99281E-05
0.0141767 9.99551E-05 0.00331442 9.99551E-05 9.99551E-05 0.968034 0.00539203 0.00858349 9.99551E-05 9.99551E-05
9.99371E-05 0.980693 9.99371E-05 9.99371E-05 9.99371E-05 0.0163116 9.99371E-05 9.99371E-05 9.99371E-05 0.00229568
9.99461E-05 0.0262005 0.0432169 0.126554 9.99461E-05 9.99461E-05 0.803429 9.99461E-05 9.99461E-05 9.99461E-05
0.014047 9.99641E-05 0.0173753 0.0849586 0.0391357 0.00271951 0.841364 9.99641E-05 9.99641E-05 9.99641E-05
9.99371E-05 0.0464536 9.99371E-05 9.99371E-05 9.99371E-05 9.99371E-05 0.922667 9.99371E-05 0.0301802 9.99371E-05
9.9946E-05 9.9946E-05 9.9946E-05 0.0621358 9.9946E-05 9.9946E-05 0.840876 0.0840963 9.9946E-05 0.0122927
9.9964E-05 0.0580281 9.9964E-05 9.9964E-05 0.0517967 0.0204568 0.693711 0.0244056 0.151201 9.9964E-05
9.99201E-05 9.99201E-05 9.99201E-05 9.99201E-05 0.999101 9.99201E-05 9.99201E-05 9.99201E-05 9.99201E-05 9.99201E-05
9.99201E-05 9.99201E-05 9.99201E-05 9.99201E-05 0.999101 9.99201E-05 9.99201E-05 9.99201E-05 9.99201E-05 9.99201E-05
9.99282E-05 9.99282E-05 9.99282E-05 9.99282E-05 0.0305125 9.99282E-05 0.968688 9.99282E-05 9.99282E-05 9.99282E-05
9.99201E-05 9.99201E-05 9.99201E-05 9.99201E-05 9.99201E-05 9.99201E-05 0.999101 9.99201E-05 9.99201E-05 9.99201E-05
9.99201E-05 9.99201E-05 9.99201E-05 9.99201E-05 9.99201E-05 9.99201E-05 0.999101 9.99201E-05 9.99201E-05 9.99201E-05
9.99282E-05 9.99282E-05 9.99282E-05 9.99282E-05 9.99282E-05 0.0211403 0.97806 9.99282E-05 9.99282E-05 9.99282E-05
0.0167027 0.085567 0.0378706 0.106273 0.0260897 9.9991E-05 0.492068 0.0437335 0.158214 0.0333817
0.055817 9.9973E-05 0.0350656 0.589735 0.0151063 0.031086 0.269249 0.00364099 9.9973E-05 9.9973E-05
0.0734525 9.9973E-05 9.9973E-05 9.9973E-05 0.0297511 0.0142951 0.769398 0.019273 0.0573462 0.0361844
9.99551E-05 0.0177181 0.0365589 0.923982 9.99551E-05 0.00490236 9.99551E-05 0.0163392 9.99551E-05 9.99551E-05
9.997E-05 0.05694 0.132453 0.72124 0.0415565 0.0181175 0.0270683 0.00232522 9.997E-05 9.997E-05
9.99201E-05 9.99201E-05 9.99201E-05 0.999101 9.99201E-05 9.99201E-05 9.99201E-05 9.99201E-05 9.99201E-05 9.99201E-05
9.99551E-05 0.0483859 9.99551E-05 0.823342 0.0497623 9.99551E-05 9.99551E-05 9.99551E-05 0.076644 0.00136614
9.99461E-05 9.99461E-05 9.99461E-05 0.852285 9.99461E-05 0.00612716 0.115884 9.99461E-05 9.99461E-05 0.0251033
9.99201E-05 9.99201E-05 9.99201E-05 0.999101 9.99201E-05 9.99201E-05 9.99201E-05 9.99201E-05 9.99201E-05 9.99201E-05
9.99371E-05 9.99371E-05 9.99371E-05 0.984856 0.0139217 9.99371E-05 9.99371E-05 0.000523126 9.99371E-05 9.99371E-05
0.00100067 9.99551E-05 0.0287785 0.799445 0.0377649 9.99551E-05 0.132511 9.99551E-05 9.99551E-05 9.99551E-05
9.99201E-05 9.99201E-05 9.99201E-05 0.999101 9.99201E-05 9.99201E-05 9.99201E-05 9.99201E-05 9.99201E-05 9.99201E-05
0.0561116 0.0470755 9.99641E-05 0.690258 0.00380082 9.99641E-05 0.126676 9.99641E-05 0.0756779 9.99641E-05
9.99641E-05 0.0157354 9.99641E-05 0.699487 9.99641E-05 0.00675884 0.147207 0.00652122 0.12389 9.99641E-05
9.99461E-05 9.99461E-05 9.99461E-05 9.99461E-05 0.000480684 9.99461E-05 0.203504 0.0405414 0.754874 9.99461E-05
9.99551E-05 9.99551E-05 9.99551E-05 0.344049 0.0359664 0.0306963 9.99551E-05 9.99551E-05 0.588468 0.000320501
0.0258832 0.0739001 0.132236 0.394884 9.9982E-05 0.0308377 0.273068 9.9982E-05 0.0435877 0.025404
0.0153746 9.99461E-05 9.99461E-05 0.752582 9.99461E-05 9.99461E-05 0.0365332 9.99461E-05 0.194911 9.99461E-05
9.99551E-05 9.99551E-05 0.0767019 0.665083 0.00571501 0.0108103 9.99551E-05 9.99551E-05 0.24119 9.99551E-05
0.0531079 0.0201164 0.0382906 0.389487 0.0279997 9.9982E-05 0.15674 9.9982E-05 0.280714 0.033343
0.0221006 9.99462E-05 0.057014 0.699744 9.99462E-05 9.99462E-05 9.99462E-05 9.99462E-05 0.220542 9.99462E-05
0.0152932 0.00414045 9.997E-05 0.366802 9.997E-05 0.00523141 9.997E-05 0.0382544 0.524748 0.0452298
0.00567306 9.99551E-05 0.0123475 0.920522 9.99551E-05 9.99551E-05 9.99551E-05 9.99551E-05 0.0440534 0.0169043
9.99461E-05 9.99461E-05 9.99461E-05 0.295791 0.0422802 0.0348536 9.99461E-05 9.99461E-05 0.626475 9.99461E-05
9.997E-05 9.997E-05 0.124052 0.461604 0.0396739 0.0429055 0.0358886 9.997E-05 0.289966 0.00561086
0.0395583 9.9955E-05 0.0224584 9.9955E-05 9.9955E-05 0.0295634 0.172818 9.9955E-05 0.735102 9.9955E-05
9.99461E-05 9.99461E-05 9.99461E-05 9.99461E-05 0.0244506 9.99461E-05 0.0339931 0.0118064 0.92915 9.99461E-05
0.00599945 9.99641E-05 9.99641E-05 0.0750002 0.00714989 0.0150043 0.150724 9.99641E-05 0.745723 9.99641E-05
9.99282E-05 9.99282E-05 9.99282E-05 0.673034 9.99282E-05 9.99282E-05 9.99282E-05 9.99282E-05 0.326166 9.99282E-05
0.0063503 0.0454836 0.132417 0.431648 9.9991E-05 0.0034488 0.0890896 0.00779759 0.280597 0.00306789
9.995E-05 9.995E-05 0.0215911 0.670069 9.995E-05 0.00479422 0.0646455 9.995E-05 0.2384 9.995E-05
9.99461E-05 0.0372073 9.99461E-05 9.99461E-05 0.0288521 9.99461E-05 9.99461E-05 9.99461E-05 0.907964 0.0253769
0.0192588 9.99372E-05 9.99372E-05 9.99372E-05 9.99372E-05 9.99372E-05 0.00484044 9.99372E-05 0.975201 9.99372E-05
9.99461E-05 0.0253319 9.99461E-05 0.0466016 9.99461E-05 0.00731549 9.99461E-05 9.99461E-05 0.920151 9.99461E-05
9.99461E-05 9.99461E-05 9.99461E-05 9.99461E-05 9.99461E-05 9.99461E-05 0.0557443 0.0349668 0.889423 0.0192661
9.99551E-05 0.063649 9.99551E-05 9.99551E-05 9.99551E-05 0.00646255 0.0111506 9.99551E-05 0.896753 0.0214853
9.99371E-05 9.99371E-05 0.102449 9.99371E-05 9.99371E-05 0.00615544 9.99371E-05 9.99371E-05 0.890696 9.99371E-05
9.99461E-05 9.99461E-05 0.00579485 9.99461E-05 0.0144806 9.99461E-05 9.99461E-05 9.99461E-05 0.973948 0.00517735
9.99201E-05 9.99201E-05 9.99201E-05 9.99201E-05 9.99201E-05 9.99201E-05 9.99201E-05 9.99201E-05 0.999101 9.99201E-05
9.995E-05 9.995E-05 0.0745422 0.0122349 0.0163634 9.995E-05 9.995E-05 0.0295453 0.866814 9.995E-05
9.9973E-05 0.0520051 0.021232 0.322035 0.0233584 9.9973E-05 9.9973E-05 0.0127214 0.550664 0.0176839
9.99461E-05 9.99461E-05 0.248004 9.99461E-05 9.99461E-05 9.99461E-05 9.99461E-05 0.0285948 0.714868 0.00793377
9.99461E-05 9.99461E-05 0.355895 9.99461E-05 9.99461E-05 0.0236027 9.99461E-05 9.99461E-05 0.618347 0.00155506
9.99641E-05 9.99641E-05 0.200339 0.230315 0.00159404 0.015836 9.99641E-05 9.99641E-05 0.52292 0.0285962
0.0185848 0.0263287 0.570028 9.9966E-05 0.0658649 9.9966E-05 0.029625 9.9966E-05 0.289169 9.9966E-05
9.99371E-05 9.99371E-05 0.254134 9.99371E-05 9.99371E-05 9.99371E-05 9.99371E-05 0.00791039 0.737257 9.99371E-05
0.0228296 9.99551E-05 0.368585 9.99551E-05 0.0264832 0.0195518 9.99551E-05 9.99551E-05 0.562051 9.99551E-05
0.00710159 9.99461E-05 0.354581 9.99461E-05 9.99461E-05 9.99461E-05 9.99461E-05 9.99461E-05 0.637114 0.000603424
9.99282E-05 9.99282E-05 0.976467 9.99282E-05 0.0227337 9.99282E-05 9.99282E-05 9.99282E-05 9.99282E-05 9.99282E-05
9.99461E-05 9.99461E-05 0.904298 9.99461E-05 9.99461E-05 0.00710961 9.99461E-05 9.99461E-05 0.030037 0.0579557
9.99201E-05 9.99201E-05 0.999101 9.99201E-05 9.99201E-05 9.99201E-05 9.99201E-05 9.99201E-05 9.99201E-05 9.99201E-05
9.99372E-05 0.00100886 0.980282 9.99372E-05 9.99372E-05 9.99372E-05 9.99372E-05 9.99372E-05 9.99372E-05 0.0180091
0.00757575 9.99282E-05 0.991625 9.99282E-05 9.99282E-05 9.99282E-05 9.99282E-05 9.99282E-05 9.99282E-05 9.99282E-05
9.9955E-05 9.9955E-05 0.880529 9.9955E-05 9.9955E-05 0.0127127 0.0748108 0.0127636 0.0186841 9.9955E-05
9.99371E-05 9.99371E-05 0.949155 9.99371E-05 0.0228078 9.99371E-05 9.99371E-05 9.99371E-05 0.0273376 9.99371E-05
9.99461E-05 0.00103967 0.964374 9.99461E-05 9.99461E-05 9.99461E-05 0.00402688 9.99461E-05 9.99461E-05 0.0299596
9.99281E-05 9.99281E-05 0.989962 9.99281E-05 9.99281E-05 9.99281E-05 9.99281E-05 0.0092381 9.99281E-05 9.99281E-05
9.99371E-05 9.99371E-05 0.919839 9.99371E-05 9.99371E-05 0.00465102 9.99371E-05 9.99371E-05 9.99371E-05 0.0748106
9.99201E-05 9.99201E-05 9.99201E-05 9.99201E-05 9.99201E-05 9.99201E-05 9.99201E-05 9.99201E-05 9.99201E-05 0.999101
9.9955E-05 0.00839839 9.9955E-05 9.9955E-05 0.00910227 9.9955E-05 0.0100828 9.9955E-05 0.0323545 0.939562
9.99201E-05 9.99201E-05 9.99201E-05 9.99201E-05 9.99201E-05 9.99201E-05 9.99201E-05 9.99201E-05 9.99201E-05 0.999101
