0.698217 0.04481 0.169593 0.0302241 0.0455434 0.0116122
0.0341784 0.639644 0.031716 0.219335 0.0291557 0.0459708
0.0322049 0.695628 0.123203 0.0952888 0.0535757 9.9991E-05
9.999E-05 0.530163 0.127411 0.224652 0.0378403 0.0798338
0.00797154 0.68908 0.113612 0.163289 0.0259469 9.9991E-05
0.0231333 0.390293 9.99821E-05 9.99821E-05 0.473469 0.112905
0.056225 9.9973E-05 9.9973E-05 9.9973E-05 0.0466964 0.896779
0.0347602 0.0256594 9.9982E-05 9.9982E-05 0.0855121 0.853868
0.0326056 0.00648994 9.9991E-05 0.0108799 0.101662 0.848263
0.000845982 0.351144 9.9982E-05 9.9982E-05 0.639608 0.00820205
9.996E-05 9.996E-05 9.996E-05 9.996E-05 0.9995 9.996E-05
9.996E-05 9.996E-05 9.996E-05 9.996E-05 0.9995 9.996E-05
0.000599909 0.508713 9.99821E-05 9.99821E-05 0.443382 0.0471045
9.996E-05 9.996E-05 9.996E-05 9.996E-05 0.9995 9.996E-05
9.99731E-05 0.039287 9.99731E-05 9.99731E-05 0.914834 0.0455796
0.0264479 0.578529 9.9982E-05 9.9982E-05 0.355684 0.0391386
0.119463 0.562647 9.9982E-05 9.9982E-05 0.233972 0.083718
0.0934719 0.146155 0.104221 0.083307 0.227816 0.345029
0.112266 0.573016 9.9982E-05 9.9982E-05 0.267039 0.0474788
0.108616 0.551298 9.9982E-05 9.9982E-05 0.248412 0.0914742
0.191763 0.403845 0.157074 9.9991E-05 0.166103 0.0811145
0.00816048 0.700202 9.9982E-05 9.9982E-05 0.237672 0.0537651
0.160558 0.563018 9.9982E-05 9.9982E-05 0.187525 0.0886988
0.0793937 0.597625 9.9982E-05 9.9982E-05 0.279973 0.0428083
9.9982E-05 0.00340569 0.00141056 0.0311616 0.963822 9.9982E-05
0.0927837 0.505653 0.105432 9.9991E-05 0.206672 0.0893592
0.031214 0.00744315 0.0520828 9.9982E-05 0.90906 9.9982E-05
0.0439442 0.034074 0.0349214 9.9982E-05 0.88686 9.9982E-05
9.996E-05 9.996E-05 9.996E-05 9.996E-05 0.9995 9.996E-05
0.12145 0.558154 9.9982E-05 9.9982E-05 0.272522 0.047674
0.157107 0.540533 9.9982E-05 9.9982E-05 0.237926 0.064234
9.9973E-05 9.9973E-05 0.00566638 0.0305007 0.963533 9.9973E-05
0.144843 0.563431 9.9982E-05 9.9982E-05 0.248733 0.0427927
9.99731E-05 0.0394281 9.99731E-05 0.00607638 0.954196 9.99731E-05
0.0591309 0.0199705 0.103362 0.188086 0.616567 0.0128842
0.131643 0.0778446 0.171053 0.052259 0.53868 0.0285212
0.0835144 0.0556487 0.087638 0.0361838 0.684533 0.0524815
0.0468689 0.0502538 0.044657 0.0277285 0.823012 0.00747968
0.0360662 0.0200695 0.0832933 0.0907739 0.750439 0.0193581
0.0135441 9.9991E-05 0.0518488 0.0327372 0.889394 0.0123756
0.0104398 9.99731E-05 0.0214283 9.99731E-05 0.967832 9.99731E-05
0.0608788 0.062118 0.129231 9.9991E-05 0.708842 0.0388305
0.134476 0.0912409 0.167465 9.9991E-05 0.570886 0.0358318
9.996E-05 9.996E-05 9.996E-05 9.996E-05 0.9995 9.996E-05
0.0873093 0.00992328 0.120571 0.0932376 0.644505 0.0444545
9.996E-05 9.996E-05 9.996E-05 9.996E-05 0.9995 9.996E-05
0.00369207 9.9982E-05 0.0267305 0.0642084 0.905169 9.9982E-05
9.996E-05 9.996E-05 9.996E-05 9.996E-05 9.996E-05 0.9995
0.176649 0.563623 9.9982E-05 9.9982E-05 0.165213 0.094315
0.0412731 9.99641E-05 9.99641E-05 9.99641E-05 0.958327 9.99641E-05
0.1379 0.617555 9.9982E-05 9.9982E-05 0.165201 0.0791433
9.9991E-05 0.0213307 0.00537721 0.0747436 0.0692839 0.829165
0.0549963 0.122986 0.187944 0.00400332 0.0220225 0.608048
9.99641E-05 9.99641E-05 9.99641E-05 9.99641E-05 0.0376748 0.961925
9.9973E-05 9.9973E-05 9.9973E-05 0.00912769 0.00852148 0.982051
0.00442688 0.0638481 0.107573 0.0894562 0.720445 0.0142507
0.695434 0.161926 0.0550827 0.0446859 0.0427722 9.9991E-05
0.744826 0.114475 0.00496747 0.0599788 0.0135701 0.062183
0.818458 0.127276 0.0204694 9.9982E-05 9.9982E-05 0.0335961
0.902046 0.0975538 9.99641E-05 9.99641E-05 9.99641E-05 9.99641E-05
0.933286 0.0663142 9.99641E-05 9.99641E-05 9.99641E-05 9.99641E-05
0.45525 0.187828 0.0908313 0.13834 0.0657042 0.0620469
0.723316 0.158839 0.0416726 0.0060542 0.0553717 0.0147461
0.8964 0.0867123 9.9982E-05 9.9982E-05 0.00732155 0.00936652
0.85638 0.0983075 9.9991E-05 0.0057773 0.00110126 0.0383344
0.837105 0.0720722 0.000118738 0.0179333 0.0124203 0.0603499
0.826956 0.102914 9.9982E-05 9.9982E-05 0.0291331 0.0407974
0.139005 0.674737 0.0377756 0.00317218 0.136138 0.00917153
0.0233243 0.751478 0.119817 9.9991E-05 0.0962135 0.00906705
9.99731E-05 0.951991 9.99731E-05 9.99731E-05 0.0341117 0.0135976
9.9991E-05 0.801841 0.00435731 0.0289227 0.106734 0.0580445
0.010873 0.594189 0.204265 0.0752775 0.08301 0.0323858
9.9982E-05 0.772981 0.101966 9.9982E-05 0.0871371 0.037716
0.16954 0.569093 0.0377708 0.152707 0.0418359 0.0290534
0.0595659 0.510313 0.240961 0.0659983 0.0971682 0.025993
9.9982E-05 0.883382 0.0115541 9.9982E-05 0.090644 0.01422
9.9973E-05 0.859939 0.0303833 9.9973E-05 0.109377 9.9973E-05
9.99731E-05 0.899974 9.99731E-05 9.99731E-05 0.0577026 0.0420234
0.128956 0.680577 9.9982E-05 9.9982E-05 0.127943 0.0623237
0.14607 0.671344 9.9982E-05 9.9982E-05 0.159605 0.0227808
0.9995 9.996E-05 9.996E-05 9.996E-05 9.996E-05 9.996E-05
0.998626 0.000973699 9.99641E-05 9.99641E-05 9.99641E-05 9.99641E-05
0.992847 9.99641E-05 9.99641E-05 9.99641E-05 9.99641E-05 0.006753
0.966313 9.99641E-05 0.0332872 9.99641E-05 9.99641E-05 9.99641E-05
0.934966 0.0270744 9.9973E-05 9.9973E-05 9.9973E-05 0.0376594
0.956893 0.00547695 0.0236807 9.9982E-05 9.9982E-05 0.0137498
0.9995 9.996E-05 9.996E-05 9.996E-05 9.996E-05 9.996E-05
0.9995 9.996E-05 9.996E-05 9.996E-05 9.996E-05 9.996E-05
0.980104 9.99641E-05 9.99641E-05 9.99641E-05 0.019496 9.99641E-05
0.9995 9.996E-05 9.996E-05 9.996E-05 9.996E-05 9.996E-05
0.996624 9.99641E-05 9.99641E-05 9.99641E-05 9.99641E-05 0.00297652
0.9995 9.996E-05 9.996E-05 9.996E-05 9.996E-05 9.996E-05
0.9995 9.996E-05 9.996E-05 9.996E-05 9.996E-05 9.996E-05
0.9995 9.996E-05 9.996E-05 9.996E-05 9.996E-05 9.996E-05
9.996E-05 9.996E-05 9.996E-05 9.996E-05 9.996E-05 0.9995
9.996E-05 9.996E-05 9.996E-05 9.996E-05 9.996E-05 0.9995
9.996E-05 9.996E-05 9.996E-05 9.996E-05 9.996E-05 0.9995
9.996E-05 9.996E-05 9.996E-05 9.996E-05 9.996E-05 0.9995
9.996E-05 9.996E-05 9.996E-05 9.996E-05 9.996E-05 0.9995
0.0263221 0.638285 0.0966441 0.238549 9.9982E-05 9.9982E-05
0.0116121 0.774122 0.00595574 0.20811 9.9982E-05 9.9982E-05
9.99731E-05 0.761091 0.0188118 0.219797 9.99731E-05 9.99731E-05
0.0139161 0.840948 9.99821E-05 0.133388 9.99821E-05 0.011548
9.99731E-05 0.828888 0.0133659 0.157446 9.99731E-05 9.99731E-05
0.00292414 0.778358 9.99731E-05 0.218418 9.99731E-05 9.99731E-05
0.0484055 0.824681 0.0418522 0.0848618 9.9982E-05 9.9982E-05
9.99641E-05 0.839302 9.99641E-05 0.160298 9.99641E-05 9.99641E-05
9.99641E-05 9.99641E-05 0.300412 9.99641E-05 9.99641E-05 0.699188
9.99641E-05 9.99641E-05 0.345461 9.99641E-05 9.99641E-05 0.654139
0.612482 9.9982E-05 0.253966 0.0540831 0.0792681 9.9982E-05
0.464698 9.9982E-05 0.287222 0.147379 0.100501 9.9982E-05
0.600848 9.9982E-05 0.222154 0.137842 0.0389556 9.9982E-05
9.99731E-05 0.790903 0.0106855 0.198111 9.99731E-05 9.99731E-05
0.0231112 0.765346 0.00468797 0.206655 9.9982E-05 9.9982E-05
0.0209716 0.724958 0.00900295 0.244867 9.99821E-05 9.99821E-05
9.9973E-05 0.714592 0.0261969 0.258911 9.9973E-05 9.9973E-05
9.99731E-05 0.770161 0.00634517 0.223194 9.99731E-05 9.99731E-05
9.99731E-05 0.625177 9.99731E-05 0.361785 9.99731E-05 0.0127381
9.9982E-05 0.714832 0.0906366 0.17651 9.9982E-05 0.0178215
9.99731E-05 0.780219 9.99731E-05 0.218668 0.00081318 9.99731E-05
9.99731E-05 0.74238 9.99731E-05 0.248955 0.00836589 9.99731E-05
0.00776272 0.676905 0.0286192 0.286114 9.9991E-05 0.000498784
9.9973E-05 0.678487 0.0353119 0.285902 9.9973E-05 9.9973E-05
9.9973E-05 0.714795 0.0303692 0.254536 9.9973E-05 9.9973E-05
0.0205159 0.586092 0.171904 0.197328 0.024061 9.9991E-05
0.0765879 0.525782 0.0919603 0.289938 9.9991E-05 0.0156324
0.02171 0.681158 0.171619 0.0870259 0.0231354 0.0153513
0.0404307 0.614712 0.126035 0.201147 9.9991E-05 0.0175746
9.9982E-05 0.689438 0.16015 0.124914 9.9982E-05 0.025298
9.9973E-05 0.648656 0.0970943 0.25395 9.9973E-05 9.9973E-05
9.9982E-05 0.601042 0.123945 0.25061 9.9982E-05 0.0242034
9.9973E-05 0.810508 0.071747 0.117445 9.9973E-05 9.9973E-05
9.99641E-05 0.85701 9.99641E-05 0.14259 9.99641E-05 9.99641E-05
9.99731E-05 0.831081 0.0138213 0.154798 9.99731E-05 9.99731E-05
0.00860595 0.764026 9.99731E-05 0.227068 9.99731E-05 9.99731E-05
9.9973E-05 0.741964 0.0396729 0.218064 9.9973E-05 9.9973E-05
9.99641E-05 0.80061 9.99641E-05 0.19899 9.99641E-05 9.99641E-05
9.99731E-05 0.651493 0.0494969 0.298711 9.99731E-05 9.99731E-05
0.0596432 0.593375 0.144597 0.18386 0.0184247 9.9991E-05
0.0543415 0.687326 0.126787 0.131346 9.9982E-05 9.9982E-05
0.0212773 0.566775 0.140419 0.199689 0.0230612 0.0487777
0.000851985 0.626089 0.194813 0.132003 0.00427364 0.0419695
0.0712581 0.622342 0.189153 0.098299 0.00941878 0.00952947
9.99731E-05 0.696157 0.0181254 0.285418 9.99731E-05 9.99731E-05
9.9973E-05 0.693897 0.046408 0.259395 9.9973E-05 9.9973E-05
9.99731E-05 0.174178 9.99731E-05 0.784836 9.99731E-05 0.0406858
0.0251404 0.14835 0.107436 0.707704 0.0112688 9.9991E-05
9.99641E-05 0.293009 9.99641E-05 0.706591 9.99641E-05 9.99641E-05
0.0556433 0.22638 0.119236 0.562955 0.0356855 9.9991E-05
0.0087704 0.093198 9.9982E-05 0.879561 9.9982E-05 0.0182706
0.0459668 0.370789 0.178966 0.310381 0.0566446 0.0372524
9.99731E-05 0.212549 9.99731E-05 0.769426 0.017725 9.99731E-05
0.0293629 0.0713192 0.0130481 0.866659 0.0195104 9.9991E-05
0.0527785 0.276506 0.212405 0.363012 0.051115 0.0441833
0.0848872 0.214502 0.215929 0.413523 0.0281745 0.0429837
9.99731E-05 0.121793 0.00108261 0.876825 9.99731E-05 9.99731E-05
9.99731E-05 0.802049 0.00861998 0.189031 9.99731E-05 9.99731E-05
9.99731E-05 0.329513 9.99731E-05 0.473523 9.99731E-05 0.196665
9.9973E-05 0.575618 0.113302 0.310781 9.9973E-05 9.9973E-05
9.9982E-05 0.506868 0.160953 0.308986 0.0229934 9.9982E-05
0.0176429 0.493838 0.0379144 0.419438 9.9991E-05 0.0310668
9.99731E-05 0.383231 0.0794633 0.537005 9.99731E-05 9.99731E-05
9.99731E-05 0.174547 0.105622 0.719531 9.99731E-05 9.99731E-05
9.99641E-05 0.556819 9.99641E-05 0.442782 9.99641E-05 9.99641E-05
0.0543567 0.29209 0.0707341 0.582619 9.9982E-05 9.9982E-05
0.0216731 0.00203531 0.0372101 0.908321 0.03066 9.9991E-05
0.0100003 9.9982E-05 0.130258 0.857076 0.00246579 9.9982E-05
0.000312597 9.9982E-05 9.9982E-05 0.974891 0.00678459 0.017812
0.0246006 9.99731E-05 9.99731E-05 0.946698 9.99731E-05 0.0284015
9.9991E-05 0.0187589 0.0697574 0.875281 0.02199 0.0141122
9.99731E-05 0.0650355 9.99731E-05 0.932164 0.00250108 9.99731E-05
0.0310645 0.0847803 0.0788546 0.780263 0.0044217 0.0206158
9.9982E-05 0.0341161 0.00347247 0.955702 0.00650941 9.9982E-05
9.996E-05 9.996E-05 9.996E-05 0.9995 9.996E-05 9.996E-05
9.9982E-05 9.9982E-05 0.0150678 0.947019 0.00737973 0.0303337
9.996E-05 9.996E-05 9.996E-05 0.9995 9.996E-05 9.996E-05
9.99731E-05 9.99731E-05 0.0370638 0.940277 9.99731E-05 0.0223592
0.0126151 0.0197187 9.9982E-05 0.951767 0.0156993 9.9982E-05
0.0038551 9.99641E-05 9.99641E-05 0.995745 9.99641E-05 9.99641E-05
9.9982E-05 0.123711 0.0179208 0.844164 0.0140041 9.9982E-05
9.99641E-05 0.0721132 9.99641E-05 0.927487 9.99641E-05 9.99641E-05
0.00156029 9.99731E-05 0.0103007 0.987839 9.99731E-05 9.99731E-05
0.0560643 0.0184924 0.0133865 0.911857 9.9982E-05 9.9982E-05
0.0222245 9.9982E-05 0.0285752 0.93153 9.9982E-05 0.0174705
0.00547736 9.9982E-05 0.0538556 0.917126 9.9982E-05 0.0233412
9.99731E-05 0.0621618 0.103703 0.833835 9.99731E-05 9.99731E-05
0.0204935 0.0316923 9.99731E-05 0.947514 9.99731E-05 9.99731E-05
0.0476747 9.99641E-05 9.99641E-05 0.951925 9.99641E-05 9.99641E-05
0.0281906 0.0147005 0.0968923 0.845042 9.9991E-05 0.0150751
0.0388389 9.99731E-05 0.235527 0.725334 9.99731E-05 9.99731E-05
0.0211556 9.9991E-05 0.0585043 0.873972 0.0207613 0.0255071
0.00234321 9.9982E-05 0.0222429 0.970437 9.9982E-05 0.0047768
0.0196754 0.0156375 0.0836223 0.822604 0.0573687 0.0010925
0.0518268 9.9982E-05 0.135147 0.798241 0.0145847 9.9982E-05
0.000376507 0.0113118 0.151048 0.767551 0.0667209 0.00299098
9.99731E-05 9.99731E-05 0.0489667 0.920386 9.99731E-05 0.0303471
0.0159109 9.9982E-05 0.0413826 0.926941 9.9982E-05 0.0155655
0.0137271 9.9991E-05 0.101768 0.843835 0.011134 0.0294358
0.033338 0.0638203 0.120551 0.777521 0.000218646 0.00455058
0.10071 0.270428 0.102959 0.456695 0.000857293 0.0683509
0.0544274 0.216576 0.635267 0.0490928 0.034087 0.0105506
0.0338832 0.11041 0.761413 0.0178676 0.0610152 0.0154113
0.131402 0.100438 0.708395 9.9991E-05 0.0395632 0.020101
0.102349 0.0249215 0.683251 0.0777109 0.0756151 0.0361531
0.0285469 9.9982E-05 0.94344 9.9982E-05 0.00981026 0.0180029
0.0281112 9.9973E-05 0.901423 9.9973E-05 9.9973E-05 0.0701656
0.0533381 0.0901046 0.822774 9.9991E-05 0.0298338 0.00384906
9.99641E-05 9.99641E-05 0.841409 0.158191 9.99641E-05 9.99641E-05
0.0447671 9.9982E-05 0.854926 0.0796909 9.9982E-05 0.0204161
0.0547962 9.9982E-05 0.92324 0.0134467 0.00831724 9.9982E-05
9.9982E-05 0.0123561 0.894834 0.0770797 0.0155305 9.9982E-05
9.99641E-05 9.99641E-05 0.904952 0.0946479 9.99641E-05 9.99641E-05
0.000955518 9.9991E-05 0.928957 0.0372985 0.0260497 0.0066389
0.0227412 9.9982E-05 0.959909 0.00987801 0.00727188 9.9982E-05
9.9991E-05 0.0982464 0.835419 0.0511867 0.0135824 0.00146589
9.996E-05 9.996E-05 0.9995 9.996E-05 9.996E-05 9.996E-05
9.99641E-05 0.0114989 0.988101 9.99641E-05 9.99641E-05 9.99641E-05
9.99641E-05 9.99641E-05 0.944644 0.0549564 9.99641E-05 9.99641E-05
0.0267583 0.0302219 0.917395 0.00376552 9.9991E-05 0.0217597
0.0384903 0.00600069 0.864943 0.0549899 9.9991E-05 0.0354763
0.00864423 9.99731E-05 0.944055 9.99731E-05 9.99731E-05 0.0470013
9.996E-05 9.996E-05 0.9995 9.996E-05 9.996E-05 9.996E-05
9.99731E-05 0.0271193 0.971238 9.99731E-05 9.99731E-05 0.00134282
0.043595 0.0095881 0.932843 9.9991E-05 0.00145928 0.0124144
9.99641E-05 9.99641E-05 0.989399 9.99641E-05 9.99641E-05 0.0102014
9.996E-05 9.996E-05 0.9995 9.996E-05 9.996E-05 9.996E-05
0.0561086 0.1069 0.687834 0.0998067 0.0088692 0.0404813
9.99641E-05 9.99641E-05 0.971376 0.0282239 9.99641E-05 9.99641E-05
9.9982E-05 0.0337234 0.947746 0.00628328 9.9982E-05 0.0120475
9.996E-05 9.996E-05 0.9995 9.996E-05 9.996E-05 9.996E-05
9.99641E-05 9.99641E-05 0.930756 0.0688446 9.99641E-05 9.99641E-05
9.99618E-05 9.99618E-05 0.9995 9.99618E-05 9.99618E-05 9.99618E-05
9.99641E-05 0.0105256 0.989074 9.99641E-05 9.99641E-05 9.99641E-05
0.00490686 9.99641E-05 0.994693 9.99641E-05 9.99641E-05 9.99641E-05
9.996E-05 9.996E-05 0.9995 9.996E-05 9.996E-05 9.996E-05
9.996E-05 9.996E-05 0.9995 9.996E-05 9.996E-05 9.996E-05
0.0304241 9.99731E-05 0.964209 0.00506679 9.99731E-05 9.99731E-05
9.9982E-05 0.00303234 0.850857 0.116787 9.9982E-05 0.0291235
0.0570603 9.99641E-05 0.94254 9.99641E-05 9.99641E-05 9.99641E-05
9.9982E-05 9.9982E-05 0.817299 0.106902 0.00020594 0.0753939
9.996E-05 9.996E-05 0.9995 9.996E-05 9.996E-05 9.996E-05
9.996E-05 9.996E-05 0.9995 9.996E-05 9.996E-05 9.996E-05
9.996E-05 9.996E-05 0.9995 9.996E-05 9.996E-05 9.996E-05
9.996E-05 9.996E-05 0.9995 9.996E-05 9.996E-05 9.996E-05
9.996E-05 9.996E-05 0.9995 9.996E-05 9.996E-05 9.996E-05
9.99641E-05 9.99641E-05 0.989717 9.99641E-05 9.99641E-05 0.0098828
0.040182 9.9973E-05 0.952017 9.9973E-05 0.00750106 9.9973E-05
0.0382465 0.0188529 0.942056 9.9982E-05 9.9982E-05 0.000644333
0.0343607 0.0137303 0.951609 9.99731E-05 9.99731E-05 9.99731E-05
0.0857534 0.102039 0.681874 0.0760335 0.0362039 0.0180966
0.000682684 0.0342607 0.843027 0.0984789 0.0234507 9.9991E-05
0.077785 9.9991E-05 0.761015 0.09117 0.0161947 0.0537352
0.0959028 0.0822021 0.795184 9.9991E-05 0.0134889 0.0131223
0.0419558 0.0966543 0.744257 0.0526437 0.0570874 0.00740174
0.0331896 0.0469507 0.867574 9.9991E-05 0.0236471 0.0285389
0.0584043 0.00536693 0.808901 0.00555429 0.0757361 0.046037
0.0464716 0.151376 0.621455 0.086677 0.0390683 0.0549525
0.0107561 0.066765 0.862274 0.0474349 0.00948147 0.00328871
0.0472778 0.0700155 0.781306 9.9991E-05 0.0435072 0.0577935
0.00226861 0.0409203 0.893886 0.0180728 0.0377058 0.00714672
0.0650901 0.0448731 0.828497 0.0193683 0.028834 0.013337
0.0335408 0.0958233 0.772221 0.0777341 0.0205808 9.9991E-05
9.9991E-05 0.0635888 0.897209 0.0244221 0.00829601 0.00638447
0.0675499 0.0319921 0.779411 0.0713741 0.0495735 9.9991E-05
0.013553 0.0867807 0.822092 0.0369684 0.00195294 0.0386528
9.9991E-05 0.0782011 0.884736 0.0060161 0.0177701 0.0131771
9.99731E-05 0.0251286 0.840481 9.99731E-05 9.99731E-05 0.134091
0.0542554 0.0099875 0.803956 0.0109156 9.9991E-05 0.120785
0.0189875 9.9982E-05 0.855691 0.024143 9.9982E-05 0.100978
0.0773062 0.157509 0.551454 0.0649604 0.0613872 0.0873837
0.0662365 0.109832 0.605873 0.0678778 0.0633282 0.0868526
