0.192157 0.0841264 0.581079 0.0101436 0.132494
9.999E-05 0.11313 0.814964 0.0343077 0.0374983
9.999E-05 0.11464 0.862301 0.017136 0.00582328
9.9973E-05 0.104355 0.895345 9.9973E-05 9.9973E-05
9.999E-05 0.073008 0.840524 0.0150885 0.0712799
0.00233035 9.9973E-05 0.99737 9.9973E-05 9.9973E-05
9.9973E-05 9.9973E-05 0.99525 0.00444998 9.9973E-05
9.997E-05 9.997E-05 0.9996 9.997E-05 9.997E-05
9.9982E-05 0.118664 0.877077 0.00405869 9.9982E-05
9.9973E-05 0.0159646 0.983735 9.9973E-05 9.9973E-05
0.0621012 0.0097782 0.906107 0.0019547 0.0200589
9.9982E-05 0.102887 0.883616 0.0132964 9.9982E-05
9.9991E-05 0.1007 0.846233 0.016556 0.0364102
0.160034 0.0751639 0.751041 0.00537411 0.0083875
9.999E-05 0.136839 0.740157 0.0208881 0.102016
0.0536762 0.138757 0.714565 0.00796808 0.0850333
0.0269631 0.0984408 0.858468 0.016028 9.9991E-05
9.9973E-05 0.0937255 0.905975 9.9973E-05 9.9973E-05
0.121949 0.13676 0.660408 0.0385235 0.0423599
9.9982E-05 0.0869233 0.908766 0.00411061 9.9982E-05
9.999E-05 0.0872469 0.863606 0.00104208 0.0480048
9.9982E-05 0.0980755 0.872268 9.9982E-05 0.0294563
0.0182011 0.175247 0.704069 0.0172905 0.0851925
9.9982E-05 0.14133 0.826163 0.0323073 9.9982E-05
9.9973E-05 0.145272 0.854428 9.9973E-05 9.9973E-05
0.0307037 0.0516717 0.849038 0.0171396 0.0514467
9.99731E-05 0.0219115 0.977789 9.99731E-05 9.99731E-05
0.0285155 0.139664 0.80193 0.0297908 9.9991E-05
9.9982E-05 0.121049 0.800268 9.9982E-05 0.0784826
9.9982E-05 9.9982E-05 0.263824 0.0311409 0.704835
9.997E-05 9.997E-05 9.997E-05 0.9996 9.997E-05
0.0557689 0.0591226 0.241103 0.0510777 0.592928
9.99731E-05 0.579128 0.420572 9.99731E-05 9.99731E-05
9.9991E-05 0.584428 0.368405 0.0109424 0.0361253
0.0176058 0.675276 0.283414 0.023604 9.9991E-05
9.9982E-05 0.594931 0.386447 9.9982E-05 0.0184226
0.0823115 0.579731 0.303711 0.020662 0.0135843
0.0399453 0.579845 0.380009 9.9982E-05 9.9982E-05
0.00425693 0.546484 0.376091 9.9991E-05 0.0730677
9.9991E-05 0.624575 0.361854 0.00860077 0.0048702
9.9991E-05 0.674411 0.22653 0.0105234 0.0884353
0.0181666 0.664637 0.316996 9.9982E-05 9.9982E-05
0.0719575 0.569512 0.357159 0.00127168 9.9991E-05
0.0565426 0.566618 0.349734 0.0270051 9.9991E-05
9.9982E-05 0.608473 0.389948 9.9982E-05 0.00137893
0.0568172 0.645855 0.275952 0.00836627 0.0130096
0.0379425 0.032273 0.0208004 0.0448881 0.864096
0.0884399 9.9982E-05 9.9982E-05 0.00233341 0.909027
0.299606 0.0503255 0.127749 0.0211542 0.501165
0.170959 9.9982E-05 0.0512715 9.9982E-05 0.77757
0.185237 9.9973E-05 9.9973E-05 9.9973E-05 0.814464
0.269403 9.9991E-05 0.0221262 0.0246603 0.68371
0.0242743 0.615141 0.330616 0.0113502 0.0186182
0.036681 0.619819 0.3433 9.9982E-05 9.9982E-05
9.9991E-05 0.534719 0.355013 0.0205812 0.0895867
9.9991E-05 0.599839 0.379868 0.0178173 0.00237632
0.00297291 0.711046 0.285781 9.9982E-05 9.9982E-05
9.9973E-05 0.720966 0.278734 9.9973E-05 9.9973E-05
9.9982E-05 0.650494 0.326832 9.9982E-05 0.022474
9.9991E-05 0.587031 0.32232 0.00816512 0.0823832
0.0481119 0.593003 0.31725 9.9991E-05 0.0415353
9.9991E-05 0.591102 0.387084 0.00878525 0.0129283
0.0829008 0.523196 0.372185 0.0216189 9.9991E-05
0.00156002 0.645174 0.294691 0.0375044 0.0210707
0.154182 0.500138 0.331545 9.9991E-05 0.0140358
0.00646205 0.699389 0.293949 9.9982E-05 9.9982E-05
0.049172 0.509504 0.344254 0.00550037 0.0915698
9.9991E-05 0.619989 0.341196 0.018491 0.0202238
9.9991E-05 0.713787 0.206424 0.0221382 0.0575509
0.00743476 0.742274 0.204527 0.025296 0.0204678
9.9973E-05 0.61432 0.38538 9.9973E-05 9.9973E-05
9.9991E-05 0.642475 0.31616 0.0111927 0.0300728
0.0547017 0.706246 0.150001 0.00768648 0.0813648
0.015576 0.785128 0.145389 0.00441465 0.049492
9.9982E-05 0.862127 0.119432 0.0182413 9.9982E-05
0.0048956 0.668999 0.167585 0.0115811 0.146939
0.0794164 0.0538176 0.0771047 0.0127955 0.776866
9.9973E-05 9.9973E-05 9.9973E-05 0.0113243 0.988376
9.9991E-05 0.0593853 0.0197447 0.0256322 0.895138
0.116419 9.9982E-05 9.9982E-05 0.0236475 0.859734
0.0643953 0.0590153 9.9991E-05 0.0220029 0.854486
0.312248 0.160321 0.149276 0.0249464 0.353208
9.997E-05 9.997E-05 9.997E-05 9.997E-05 0.9996
9.997E-05 9.997E-05 9.997E-05 9.997E-05 0.9996
0.0916359 9.9982E-05 9.9982E-05 0.0164988 0.891665
0.0634492 9.9982E-05 9.9982E-05 0.00701429 0.929337
0.0523931 9.9982E-05 9.9982E-05 0.0293968 0.91801
9.997E-05 9.997E-05 9.997E-05 9.997E-05 0.9996
9.9973E-05 9.9973E-05 9.9973E-05 0.0083353 0.991365
9.9982E-05 0.96788 0.0137287 0.0181911 9.9982E-05
0.0616005 0.724079 0.0983435 9.9991E-05 0.115877
0.12897 0.726267 0.144563 9.9982E-05 9.9982E-05
0.147362 0.749974 0.0845383 9.9991E-05 0.0180258
0.122754 0.787597 0.0451731 0.00146169 0.0430138
0.185958 0.527332 0.179602 0.0110945 0.0960143
9.997E-05 0.9996 9.997E-05 9.997E-05 9.997E-05
9.99731E-05 0.998588 9.99731E-05 0.0011125 9.99731E-05
9.9982E-05 0.966272 0.0118658 9.9982E-05 0.0216624
9.9973E-05 0.939434 9.9973E-05 9.9973E-05 0.060266
9.9991E-05 0.0776779 0.154778 0.00746019 0.759984
9.99828E-05 0.165288 0.211795 9.99828E-05 0.622716
0.0831981 0.148058 0.117643 0.0197468 0.631354
9.9982E-05 0.115465 0.212166 9.9982E-05 0.672169
9.9982E-05 0.0887702 0.217432 9.9982E-05 0.693598
0.680902 9.99731E-05 9.99731E-05 9.99731E-05 0.318798
0.0635043 0.191814 0.177684 0.0142631 0.552735
0.292946 0.246911 0.193852 0.0253124 0.240979
0.511852 0.148925 0.115647 0.00939532 0.214181
0.0879985 0.143369 0.335481 9.9991E-05 0.433051
9.997E-05 0.9996 9.997E-05 9.997E-05 9.997E-05
9.9973E-05 0.992307 9.9973E-05 0.00739287 9.9973E-05
0.0299745 0.957555 0.0122707 9.9982E-05 9.9982E-05
9.9973E-05 0.981235 9.9973E-05 9.9973E-05 0.0184652
9.9982E-05 0.969967 0.015303 9.9982E-05 0.0145301
0.00702323 0.992677 9.9973E-05 9.9973E-05 9.9973E-05
9.9973E-05 0.971222 9.9973E-05 0.0284777 9.9973E-05
9.997E-05 0.9996 9.997E-05 9.997E-05 9.997E-05
0.202684 0.637776 0.106184 0.0254442 0.0279118
0.0113746 0.9636 0.0161401 0.00878489 9.9991E-05
9.9973E-05 0.992799 9.9973E-05 0.00690058 9.9973E-05
0.0165334 0.983167 9.9973E-05 9.9973E-05 9.9973E-05
0.135525 0.790416 0.0631348 0.00989648 0.00102819
0.0506716 0.949028 9.9973E-05 9.9973E-05 9.9973E-05
9.9982E-05 0.943304 9.9982E-05 0.0105099 0.0459857
9.997E-05 0.9996 9.997E-05 9.997E-05 9.997E-05
9.997E-05 0.9996 9.997E-05 9.997E-05 9.997E-05
0.787455 0.000651116 0.113651 0.0144733 0.0837702
0.694652 9.9991E-05 0.0203347 0.0448534 0.24006
0.566793 0.197547 0.147735 0.0388959 0.0490285
0.516145 0.134751 0.135159 0.0235851 0.19036
0.707949 0.000578323 0.0269922 0.00593839 0.258542
0.397821 0.205998 0.119049 0.00960967 0.267522
0.92577 9.9982E-05 9.9982E-05 0.0421543 0.0318754
0.711341 0.0591251 0.0549239 0.0133788 0.161231
0.583464 0.147148 0.0863445 0.0125336 0.17051
0.947607 0.00898934 0.00354591 0.0264475 0.01341
0.594229 0.144461 0.138984 0.0117134 0.110612
0.827874 0.0656105 0.0548767 9.9991E-05 0.0515386
0.935012 0.019524 9.9991E-05 0.00999102 0.0353734
0.669709 9.9982E-05 0.111873 9.9982E-05 0.218218
0.815199 0.0126456 0.0314571 0.0140729 0.126626
0.637766 0.157961 0.0717453 0.0224305 0.110097
0.834632 0.0274475 0.0195326 0.0167626 0.101625
0.748811 9.9982E-05 0.0366114 9.9982E-05 0.214378
0.791017 9.99731E-05 9.99731E-05 9.99731E-05 0.208683
0.751095 0.0863885 0.011187 0.0235611 0.127769
0.92689 0.0517677 9.9982E-05 0.0211424 9.9982E-05
0.993023 9.99731E-05 9.99731E-05 0.006677 9.99731E-05
0.93603 9.99731E-05 9.99731E-05 9.99731E-05 0.0636696
0.859214 9.9991E-05 0.0355252 0.00924538 0.0959159
0.788598 0.01918 0.0386553 9.9991E-05 0.153466
0.397798 0.153234 0.172704 0.00756553 0.268699
0.911107 9.9991E-05 0.0494834 0.0041492 0.0351605
0.931401 0.0229209 0.0408746 0.00470384 9.9991E-05
0.822535 9.9982E-05 9.9982E-05 0.029412 0.147853
0.858906 9.9991E-05 0.0158304 0.019325 0.105838
0.82745 9.9991E-05 0.120007 0.0241715 0.0282719
0.774198 9.9991E-05 0.0338618 0.00589049 0.18595
9.997E-05 9.997E-05 9.997E-05 0.9996 9.997E-05
0.937612 9.9982E-05 9.9982E-05 0.00963492 0.0525536
0.9996 9.997E-05 9.997E-05 9.997E-05 9.997E-05
0.878287 9.9973E-05 9.9973E-05 9.9973E-05 0.121413
0.779036 9.9991E-05 0.0333531 0.0124439 0.175067
0.965834 9.9991E-05 0.00844781 0.0200741 0.00554409
0.873665 9.9991E-05 0.00491278 0.0350006 0.0863219
0.95849 9.99731E-05 9.99731E-05 0.04121 9.99731E-05
0.835251 9.9991E-05 0.0847591 0.0360896 0.0438004
0.787483 0.07955 0.064631 9.9991E-05 0.0682364
0.703293 0.139655 0.149066 0.00788624 9.9991E-05
0.501942 0.150845 0.102396 0.0209424 0.223874
0.540369 0.10722 0.133744 0.0247632 0.193904
0.793782 0.0648763 0.0737058 9.9991E-05 0.0675359
0.729894 0.0204619 0.113091 0.0141257 0.122427
0.741743 0.000165724 0.0680117 0.00569035 0.184389
0.688215 0.0664985 0.171894 0.000228158 0.0731641
0.689442 0.0965975 0.105249 9.9991E-05 0.108611
0.715356 0.0965298 0.0828519 0.0261931 0.079069
0.814978 0.0417247 0.0968545 0.018747 0.0276955
0.783553 0.14773 0.0426287 0.0165587 0.00952871
0.938498 9.9982E-05 9.9982E-05 0.0173601 0.0439415
0.699978 0.0963835 0.111517 0.0265862 0.0655358
0.939244 9.9982E-05 9.9982E-05 0.0111106 0.0494453
0.674215 0.123602 0.100038 0.00782321 0.094322
0.838954 0.0577247 9.9991E-05 0.0148247 0.0883971
0.776013 0.118428 9.9991E-05 0.0250545 0.0804046
0.919349 9.9982E-05 9.9982E-05 0.0473565 0.0330943
0.924456 0.0432555 0.00896202 0.0232266 9.9991E-05
0.965691 9.99731E-05 9.99731E-05 0.0340086 9.99731E-05
0.924318 9.9982E-05 9.9982E-05 0.0133062 0.0621761
0.984663 9.99731E-05 0.0150374 9.99731E-05 9.99731E-05
0.92361 0.00884372 9.9991E-05 0.00778468 0.0596621
0.971571 9.9973E-05 9.9973E-05 0.0281293 9.9973E-05
0.959613 9.99731E-05 9.99731E-05 9.99731E-05 0.0400874
0.432965 0.0875496 0.19871 0.0414374 0.239338
0.839421 0.00365845 0.0049343 0.0297373 0.122249
0.9035 0.0238231 9.9991E-05 0.0151313 0.0574451
0.873696 9.9973E-05 9.9973E-05 9.9973E-05 0.126005
0.959772 9.9982E-05 0.0390554 0.000972177 9.9982E-05
0.886377 9.9991E-05 0.0410641 0.0435198 0.0289391
0.902163 0.0262566 0.0368775 9.9991E-05 0.034603
0.902146 0.0546853 9.9991E-05 0.0118663 0.0312026
0.999393 9.99731E-05 9.99731E-05 0.000306971 9.99731E-05
0.935313 9.9991E-05 0.0229806 0.0198961 0.0217101
0.9996 9.997E-05 9.997E-05 9.997E-05 9.997E-05
0.892402 0.0293829 9.9991E-05 0.0247717 0.0533436
0.930873 9.9973E-05 0.0688269 9.9973E-05 9.9973E-05
0.949232 9.9982E-05 0.0245617 0.026006 9.9982E-05
0.994023 9.99731E-05 9.99731E-05 0.00567724 9.99731E-05
0.716672 0.112008 0.0820223 0.00971262 0.0795855
0.984661 9.99731E-05 9.99731E-05 0.0150395 9.99731E-05
