0.154638 0.0220843 0.0229814 9.9991E-05 0.800196
9.99731E-05 9.99731E-05 0.0251751 9.99731E-05 0.974525
9.997E-05 9.997E-05 9.997E-05 9.997E-05 0.9996
0.1053 0.159297 0.100835 0.0109059 0.623661
0.183999 0.0304445 0.0969593 0.0354833 0.653114
0.0080005 0.0557655 0.111509 9.9991E-05 0.824626
9.997E-05 9.997E-05 9.997E-05 9.997E-05 0.9996
9.997E-05 9.997E-05 9.997E-05 9.997E-05 0.9996
9.997E-05 9.997E-05 9.997E-05 9.997E-05 0.9996
0.0820061 0.0316664 0.0470816 0.0629351 0.776311
0.0401212 0.0342395 9.9991E-05 0.396041 0.529498
0.0438133 0.0686534 9.9991E-05 0.408985 0.478449
0.0333418 0.104974 9.9991E-05 0.426092 0.435493
0.0525058 0.210307 9.9991E-05 0.606649 0.130439
0.156193 0.123216 0.0498595 0.483478 0.187254
0.251633 0.212741 0.0171629 0.326954 0.191509
0.10528 0.245638 9.9991E-05 0.438321 0.210661
9.9982E-05 0.338808 9.9982E-05 0.521935 0.139057
0.0782801 0.168039 9.9991E-05 0.581938 0.171643
9.997E-05 9.997E-05 9.997E-05 0.9996 9.997E-05
9.997E-05 9.997E-05 9.997E-05 0.9996 9.997E-05
9.997E-05 9.997E-05 9.997E-05 0.9996 9.997E-05
0.0532311 0.221147 0.0121748 0.613792 0.0996543
0.253088 0.70983 0.0113767 0.0256058 9.9991E-05
0.111685 0.833019 0.00756944 0.034942 0.0127845
0.114912 0.790224 0.0316046 0.0366927 0.0265669
0.179789 0.789499 9.9991E-05 0.0294858 0.00112623
0.162364 0.79064 9.9982E-05 0.046796 9.9982E-05
9.997E-05 0.9996 9.997E-05 9.997E-05 9.997E-05
9.997E-05 0.9996 9.997E-05 9.997E-05 9.997E-05
9.997E-05 0.9996 9.997E-05 9.997E-05 9.997E-05
9.997E-05 0.9996 9.997E-05 9.997E-05 9.997E-05
9.997E-05 0.9996 9.997E-05 9.997E-05 9.997E-05
0.0264012 0.953234 9.9991E-05 0.00737681 0.0128876
0.246279 0.5285 0.112308 0.0359117 0.0770013
0.436135 0.37767 0.0629795 0.0107057 0.11251
0.133173 0.697111 0.0523982 9.9991E-05 0.117219
0.821597 0.0681019 0.0403717 0.054668 0.0152615
0.728096 0.128131 0.0480534 0.0956205 9.9991E-05
0.855995 0.106246 9.9991E-05 0.0351964 0.00246355
0.807472 0.154892 9.9982E-05 0.0374357 9.9982E-05
0.751138 0.185883 0.0256694 0.0161257 0.0211837
0.945009 0.0204285 9.9982E-05 9.9982E-05 0.034363
0.717359 0.196939 0.018658 0.066944 9.9991E-05
0.626184 0.271943 0.0593607 0.0125822 0.0299301
0.932868 0.0483697 9.9991E-05 0.0168324 0.00182976
0.670537 0.221096 9.9991E-05 0.0248368 0.0834298
0.803558 0.16703 9.9982E-05 0.0292118 9.9982E-05
0.85941 0.121087 9.99821E-05 0.0193034 9.99821E-05
0.863072 0.0819954 0.0505158 0.00431676 9.9991E-05
0.444619 0.25669 0.17584 0.0602886 0.0625616
0.900713 0.0483895 9.9991E-05 0.0304816 0.0203164
0.86456 0.0661869 0.0337746 0.0336107 0.00186798
0.621301 0.120353 0.153081 0.0183587 0.0869062
0.889566 0.0127116 0.0565836 0.017686 0.0234524
0.864416 9.9991E-05 0.0533362 0.0167868 0.0653614
0.880893 0.0288011 0.0285744 0.0123329 0.0493986
0.871943 0.0916949 0.026243 0.0100187 9.9991E-05
0.709034 0.151233 0.112915 0.0267184 9.9991E-05
0.830609 0.0814411 9.9991E-05 0.0559568 0.031893
0.959342 0.0371216 9.9982E-05 9.9982E-05 0.0033364
0.888129 0.10302 9.9982E-05 9.9982E-05 0.0086509
0.998139 9.99731E-05 9.99731E-05 0.00156114 9.99731E-05
0.756304 0.101155 0.101032 0.0301406 0.0113672
0.889014 0.0853797 9.9982E-05 0.0254062 9.9982E-05
0.872259 0.0945841 0.032957 9.9982E-05 9.9982E-05
0.981896 9.99731E-05 9.99731E-05 9.99731E-05 0.0178045
0.9996 9.997E-05 9.997E-05 9.997E-05 9.997E-05
0.832764 0.0761821 0.0908538 9.9982E-05 9.9982E-05
0.920059 9.9982E-05 0.064207 0.0155338 9.9982E-05
0.892183 9.99731E-05 0.107517 9.99731E-05 9.99731E-05
0.945307 9.99731E-05 0.0543934 9.99731E-05 9.99731E-05
0.933219 9.99731E-05 0.0664815 9.99731E-05 9.99731E-05
0.93739 9.9973E-05 0.0623097 9.9973E-05 9.9973E-05
0.867075 9.9991E-05 0.0926551 0.0355226 0.00464754
0.590842 9.9982E-05 0.376345 9.9982E-05 0.0326126
0.628873 9.99731E-05 0.370828 9.99731E-05 9.99731E-05
0.713153 9.99731E-05 0.286547 9.99731E-05 9.99731E-05
0.256588 0.107571 0.601468 0.0238091 0.0105634
0.683859 9.9973E-05 0.315841 9.9973E-05 9.9973E-05
0.569468 0.0513556 0.359924 0.00586519 0.0133877
0.617126 9.99731E-05 0.382574 9.99731E-05 9.99731E-05
9.997E-05 9.997E-05 0.9996 9.997E-05 9.997E-05
0.0983251 9.9973E-05 0.901375 9.9973E-05 9.9973E-05
0.0321537 0.011359 0.956287 9.9982E-05 9.9982E-05
0.0574147 9.99731E-05 0.942285 9.99731E-05 9.99731E-05
0.00285588 0.0679613 0.928983 9.9982E-05 9.9982E-05
0.149803 0.0889856 0.761012 9.9982E-05 9.9982E-05
0.113725 9.9973E-05 0.885975 9.9973E-05 9.9973E-05
9.9973E-05 0.0312205 0.96848 9.9973E-05 9.9973E-05
0.0707387 9.9973E-05 0.928961 9.9973E-05 9.9973E-05
0.0525775 0.00528671 0.941936 9.9982E-05 9.9982E-05
9.997E-05 9.997E-05 0.9996 9.997E-05 9.997E-05
9.9973E-05 9.9973E-05 0.960163 9.9973E-05 0.0395366
9.997E-05 9.997E-05 0.9996 9.997E-05 9.997E-05
