0.178907 0.0342152 0.786878
0.000873652 9.9991E-05 0.999026
9.999E-05 9.999E-05 0.9998
0.272079 0.116036 0.611885
0.252841 0.104979 0.64218
0.0924692 0.0474759 0.860055
9.999E-05 9.999E-05 0.9998
9.999E-05 9.999E-05 0.9998
9.999E-05 9.999E-05 0.9998
0.122126 0.0907247 0.787149
9.9991E-05 0.480406 0.519494
9.9991E-05 0.520662 0.479238
9.9991E-05 0.584612 0.415288
0.0061505 0.905432 0.0884174
0.198812 0.589798 0.21139
0.21844 0.623597 0.157963
0.0911044 0.717378 0.191518
0.0437152 0.828172 0.128113
9.9991E-05 0.81629 0.18361
9.999E-05 0.9998 9.999E-05
9.999E-05 0.9998 9.999E-05
9.999E-05 0.9998 9.999E-05
0.0551367 0.845484 0.0993794
0.554126 0.445774 9.9991E-05
0.548665 0.428575 0.0227601
0.50703 0.486159 0.00681134
0.511818 0.452608 0.035574
0.489032 0.510868 9.9991E-05
0.462023 0.537877 9.9991E-05
0.471658 0.528242 9.9991E-05
0.532465 0.467435 9.9991E-05
0.560285 0.439615 9.9991E-05
0.524697 0.443187 0.0321167
0.500242 0.499658 9.9991E-05
0.584753 0.351754 0.0634934
0.620796 0.294472 0.0847313
0.557327 0.331844 0.110829
0.741348 0.258552 9.9991E-05
0.697428 0.302472 9.9991E-05
0.749092 0.250808 9.9991E-05
0.69809 0.30181 9.9991E-05
0.721425 0.278475 9.9991E-05
0.775982 0.223918 9.9991E-05
0.658655 0.341245 9.9991E-05
0.750549 0.249351 9.9991E-05
0.750248 0.236609 0.0131429
0.633728 0.322297 0.0439752
0.680004 0.319896 9.9991E-05
0.720808 0.279092 9.9991E-05
0.775943 0.223957 9.9991E-05
0.677522 0.289227 0.0332509
0.755878 0.239264 0.00485867
0.770926 0.228974 9.9991E-05
0.729094 0.210409 0.0604977
0.807084 0.189627 0.00328923
0.772212 0.195921 0.0318675
0.749918 0.249982 9.9991E-05
0.786976 0.212924 9.9991E-05
0.760748 0.239152 9.9991E-05
0.762102 0.220235 0.0176629
0.829656 0.170244 9.9991E-05
0.79344 0.20646 9.99997E-05
0.786713 0.213187 9.9991E-05
0.757985 0.211169 0.030846
0.745246 0.254654 9.9991E-05
0.825291 0.173346 0.00136353
0.848278 0.124351 0.0273707
0.818228 0.181672 9.9991E-05
0.858486 0.123111 0.0184026
0.783318 0.216582 9.9991E-05
0.894184 0.105716 9.9991E-05
0.916489 0.0834108 9.9991E-05
0.926285 0.073615 9.9991E-05
0.879107 0.120793 9.9991E-05
0.803948 0.171791 0.0242612
0.921709 0.0104011 0.0678902
0.953381 0.0465187 9.9991E-05
0.907787 0.0921134 9.9991E-05
0.911999 0.0560162 0.0319851
0.937098 0.0628021 9.9991E-05
0.880296 0.100073 0.0196313
0.95901 0.0300469 0.0109432
0.9998 9.999E-05 9.999E-05
0.9998 9.999E-05 9.999E-05
0.9998 9.999E-05 9.999E-05
0.9998 9.999E-05 9.999E-05
0.9998 9.999E-05 9.999E-05
0.978108 9.9991E-05 0.0217923
0.9998 9.999E-05 9.999E-05
0.9998 9.999E-05 9.999E-05
0.9998 9.999E-05 9.999E-05
0.9998 9.999E-05 9.999E-05
0.950194 9.9991E-05 0.0497057
0.935627 9.9991E-05 0.0642735
0.941839 9.9991E-05 0.0580607
