9.9973E-05 0.170853 0.00901154 9.9973E-05 9.9973E-05 0.0665861 0.75325
9.99551E-05 9.99551E-05 9.99551E-05 9.99551E-05 9.99551E-05 0.0177645 0.981736
9.995E-05 9.995E-05 9.995E-05 9.995E-05 9.995E-05 9.995E-05 0.9994
9.999E-05 0.152389 0.0308874 0.0125622 0.0707923 0.129566 0.603703
0.243791 0.0170649 0.0402438 0.0124912 9.9991E-05 0.0419639 0.644345
0.00257325 0.0700253 0.0124801 9.9991E-05 0.0260525 0.0529815 0.835787
9.995E-05 9.995E-05 9.995E-05 9.995E-05 9.995E-05 9.995E-05 0.9994
9.995E-05 9.995E-05 9.995E-05 9.995E-05 9.995E-05 9.995E-05 0.9994
9.995E-05 9.995E-05 9.995E-05 9.995E-05 9.995E-05 9.995E-05 0.9994
0.0145936 9.9991E-05 0.0574991 0.00686691 0.11145 0.0296637 0.779827
9.9955E-05 9.9955E-05 0.846895 9.9955E-05 9.9955E-05 9.9955E-05 0.152605
9.99551E-05 9.99551E-05 0.923077 9.99551E-05 9.99551E-05 9.99551E-05 0.0764232
9.99551E-05 9.99551E-05 0.97301 9.99551E-05 9.99551E-05 9.99551E-05 0.02649
9.99641E-05 9.99641E-05 0.910451 0.078822 0.0103268 9.99641E-05 9.99641E-05
9.9973E-05 0.154495 0.770458 0.0399454 9.9973E-05 0.0348015 9.9973E-05
0.0936446 0.109555 0.591507 0.0122129 0.127339 0.0444313 0.021311
0.0259335 9.9964E-05 0.919553 9.9964E-05 0.0541135 9.9964E-05 9.9964E-05
9.9964E-05 9.9964E-05 0.83019 0.0585412 0.110869 9.9964E-05 9.9964E-05
0.000997502 9.9973E-05 0.855689 0.0826962 0.0603175 9.9973E-05 9.9973E-05
9.995E-05 9.995E-05 9.995E-05 0.9994 9.995E-05 9.995E-05 9.995E-05
9.995E-05 9.995E-05 9.995E-05 0.9994 9.995E-05 9.995E-05 9.995E-05
9.99641E-05 9.99641E-05 9.99641E-05 0.974864 0.00796883 9.99641E-05 0.0167671
9.9973E-05 0.0612719 0.781783 0.126584 0.0300615 9.9973E-05 9.9973E-05
9.9973E-05 0.389012 0.033814 9.9973E-05 0.566137 9.9973E-05 0.0107367
9.9973E-05 0.271813 9.9973E-05 0.0177243 0.692043 9.9973E-05 0.0181201
0.129932 9.9982E-05 9.9982E-05 0.015225 0.817986 0.0110254 0.0256312
0.0466231 0.118327 0.097689 9.9973E-05 0.737061 9.9973E-05 9.9973E-05
0.168326 9.9973E-05 0.0671317 0.0266671 0.737575 9.9973E-05 9.9973E-05
9.995E-05 9.995E-05 9.995E-05 9.995E-05 0.9994 9.995E-05 9.995E-05
9.995E-05 9.995E-05 9.995E-05 9.995E-05 0.9994 9.995E-05 9.995E-05
9.995E-05 9.995E-05 9.995E-05 9.995E-05 0.9994 9.995E-05 9.995E-05
9.995E-05 9.995E-05 9.995E-05 9.995E-05 0.9994 9.995E-05 9.995E-05
9.995E-05 9.995E-05 9.995E-05 9.995E-05 0.9994 9.995E-05 9.995E-05
9.9973E-05 0.0484534 9.9973E-05 0.0235041 0.927075 9.9973E-05 0.000667816
0.190461 9.9982E-05 0.0948392 9.9982E-05 0.564109 0.12551 0.0248815
0.148026 0.381611 0.084679 0.0164174 0.276007 0.0577541 0.0355055
0.139569 9.9973E-05 9.9973E-05 0.0295413 0.727558 9.9973E-05 0.103032
9.99731E-05 0.956422 0.0131875 0.0046006 9.99731E-05 0.0254896 9.99731E-05
9.9982E-05 0.907521 0.0092229 0.0145862 0.0318191 0.0366505 9.9982E-05
9.995E-05 0.9994 9.995E-05 9.995E-05 9.995E-05 9.995E-05 9.995E-05
9.99641E-05 0.932949 0.00834418 9.99641E-05 0.0583071 9.99641E-05 9.99641E-05
9.995E-05 0.9994 9.995E-05 9.995E-05 9.995E-05 9.995E-05 9.995E-05
9.995E-05 0.9994 9.995E-05 9.995E-05 9.995E-05 9.995E-05 9.995E-05
9.995E-05 0.9994 9.995E-05 9.995E-05 9.995E-05 9.995E-05 9.995E-05
0.113238 0.560296 9.9973E-05 9.9973E-05 0.264567 0.0615988 9.9973E-05
9.995E-05 0.9994 9.995E-05 9.995E-05 9.995E-05 9.995E-05 9.995E-05
0.384425 0.266976 9.9982E-05 0.005602 0.245633 9.9982E-05 0.0971634
0.589728 0.160402 0.0196153 0.0240533 0.206002 9.9982E-05 9.9982E-05
0.78077 9.99641E-05 0.0586592 9.99641E-05 0.160171 9.99641E-05 9.99641E-05
0.488402 0.42874 9.9973E-05 0.0227979 0.0597606 9.9973E-05 9.9973E-05
0.230249 0.277449 0.0031418 0.0486784 0.235628 0.141662 0.0631924
0.144375 0.827314 9.99641E-05 9.99641E-05 9.99641E-05 9.99641E-05 0.0279106
0.284694 0.665026 9.9982E-05 0.0118397 0.0178687 0.0203709 9.9982E-05
0.35252 0.268809 0.028957 9.9991E-05 0.198919 0.125999 0.0246956
0.36456 0.589169 0.00535269 9.99731E-05 9.99731E-05 0.0406181 9.99731E-05
0.621189 0.287591 0.0548986 9.9982E-05 9.9982E-05 0.0256174 0.0105039
0.284861 0.688131 9.99641E-05 9.99641E-05 9.99641E-05 9.99641E-05 0.0266091
0.565326 0.333683 9.9982E-05 0.0182252 0.0752258 0.00734007 9.9982E-05
0.35415 0.395275 9.9982E-05 0.0425333 0.104637 0.103205 9.9982E-05
0.493362 0.29856 0.00217507 0.0195098 0.0900279 0.0451095 0.0512558
0.908234 9.99551E-05 9.99551E-05 9.99551E-05 0.0912664 9.99551E-05 9.99551E-05
0.655943 0.200842 9.9973E-05 0.00493462 0.137981 9.9973E-05 9.9973E-05
0.337061 0.660797 0.00174142 9.99641E-05 9.99641E-05 9.99641E-05 9.99641E-05
0.498799 0.265422 0.0328611 9.9991E-05 0.117026 0.0528209 0.0329713
0.39122 0.555896 9.9973E-05 0.00374568 0.0488382 9.9973E-05 9.9973E-05
0.834939 0.106897 0.0221461 9.99731E-05 0.0357179 9.99731E-05 9.99731E-05
0.970735 9.99641E-05 9.99641E-05 9.99641E-05 0.00394588 9.99641E-05 0.0249191
0.941558 0.0165949 9.99731E-05 0.0198397 0.021708 9.99731E-05 9.99731E-05
0.863335 9.99731E-05 9.99731E-05 9.99731E-05 0.100286 0.020576 0.0155027
0.972209 9.99551E-05 9.99551E-05 0.0272907 9.99551E-05 9.99551E-05 9.99551E-05
0.832502 0.051481 9.9973E-05 0.00424484 9.9973E-05 0.111472 9.9973E-05
0.981634 9.99551E-05 9.99551E-05 9.99551E-05 9.99551E-05 0.0178659 9.99551E-05
0.894675 0.104825 9.99551E-05 9.99551E-05 9.99551E-05 9.99551E-05 9.99551E-05
0.983298 9.99641E-05 0.0143536 9.99641E-05 9.99641E-05 0.00194811 9.99641E-05
0.765886 0.129318 0.00797193 0.0224949 9.9991E-05 0.0566858 0.0175435
0.731695 9.99641E-05 9.99641E-05 9.99641E-05 9.99641E-05 0.247223 0.0206827
0.731488 9.99641E-05 9.99641E-05 0.0261509 9.99641E-05 0.241962 9.99641E-05
0.75405 9.9973E-05 9.9973E-05 0.0183633 0.0119342 0.215352 9.9973E-05
0.373456 9.9973E-05 9.9973E-05 0.0236042 0.124448 0.478191 9.9973E-05
0.816396 9.99551E-05 9.99551E-05 9.99551E-05 9.99551E-05 0.183105 9.99551E-05
0.699016 9.9982E-05 0.0192673 0.0152656 9.9982E-05 0.264328 0.00192345
0.701286 9.99641E-05 9.99641E-05 9.99641E-05 9.99641E-05 0.293996 0.00431817
9.99551E-05 0.0533699 9.99551E-05 9.99551E-05 9.99551E-05 0.94613 9.99551E-05
0.0917937 0.0603422 9.99641E-05 9.99641E-05 9.99641E-05 0.847464 9.99641E-05
9.99551E-05 0.0542883 9.99551E-05 9.99551E-05 9.99551E-05 0.945212 9.99551E-05
0.0325042 0.0366695 9.99641E-05 9.99641E-05 9.99641E-05 0.930426 9.99641E-05
0.0269564 9.99641E-05 9.99641E-05 9.99641E-05 0.0380745 0.934569 9.99641E-05
0.0519528 0.0986069 9.9982E-05 0.00944093 0.0570572 0.782742 9.9982E-05
0.168393 9.9964E-05 9.9964E-05 9.9964E-05 9.9964E-05 0.820707 0.0105001
0.00826375 0.0140776 0.00724318 9.9982E-05 0.0145785 0.955637 9.9982E-05
0.0932611 0.0101977 9.99641E-05 9.99641E-05 9.99641E-05 0.896141 9.99641E-05
9.99551E-05 0.0824717 9.99551E-05 9.99551E-05 9.99551E-05 0.917029 9.99551E-05
9.995E-05 9.995E-05 9.995E-05 9.995E-05 9.995E-05 0.9994 9.995E-05
9.9964E-05 9.9964E-05 0.0280671 9.9964E-05 9.9964E-05 0.945023 0.0265104
9.99551E-05 9.99551E-05 9.99551E-05 0.00409656 9.99551E-05 0.995404 9.99551E-05
