0.616523 0.096978 0.19072 0.0956784 9.9991E-05
0.838741 0.121318 9.9991E-05 0.0249058 0.014935
0.740648 0.0140984 9.9991E-05 0.0384789 0.206675
0.832685 0.056687 9.9982E-05 9.9982E-05 0.110428
0.782799 0.0227046 0.0230885 0.0813233 0.0900842
0.9996 9.997E-05 9.997E-05 9.997E-05 9.997E-05
0.9996 9.997E-05 9.997E-05 9.997E-05 9.997E-05
0.9996 9.997E-05 9.997E-05 9.997E-05 9.997E-05
0.779705 0.00457457 9.9982E-05 9.9982E-05 0.21552
0.82337 9.9973E-05 9.9973E-05 9.9973E-05 0.17633
0.76618 9.9991E-05 0.0578754 0.010944 0.164901
0.727845 9.9973E-05 9.9973E-05 9.9973E-05 0.271855
0.769829 0.0305795 9.9991E-05 0.0412475 0.158244
0.690863 0.0800196 0.118322 0.0320849 0.0787103
0.681299 0.104474 0.000755502 0.105485 0.107986
0.583015 9.9991E-05 0.115892 0.00574434 0.295248
0.740878 0.0559385 0.0289493 0.0350164 0.139218
0.767395 9.9973E-05 9.9973E-05 9.9973E-05 0.232305
0.570087 9.9991E-05 0.0997215 0.0459562 0.284135
0.895511 0.0535213 9.9982E-05 9.9982E-05 0.0507673
0.817068 0.0421078 9.9991E-05 0.0125166 0.128208
0.801977 9.9982E-05 9.9982E-05 0.0238545 0.173968
0.669788 0.0847843 0.0271577 0.0931165 0.125154
0.768154 0.105541 9.9991E-05 0.0297792 0.0964262
0.764651 0.0473889 9.9982E-05 9.9982E-05 0.18776
0.848231 0.0906222 0.0131239 0.0479227 9.9991E-05
0.922974 9.99731E-05 9.99731E-05 9.99731E-05 0.0767258
0.800156 0.168937 0.0280614 9.9991E-05 0.0027454
0.730097 0.059887 9.9991E-05 0.0746401 0.135276
0.213025 0.0577868 0.067926 0.661162 9.9991E-05
9.997E-05 9.997E-05 9.997E-05 0.9996 9.997E-05
0.221519 9.9991E-05 0.201392 0.487317 0.0896718
0.130317 0.0144576 9.9982E-05 9.9982E-05 0.855025
0.0884165 0.0439189 9.9991E-05 0.0164682 0.851096
0.0471348 0.0882242 0.00866248 9.9991E-05 0.855878
0.115829 0.112329 9.9991E-05 0.00574244 0.766
0.117927 0.189362 0.0573895 0.039549 0.595772
0.23003 0.21439 9.9982E-05 9.9982E-05 0.55538
0.00164594 9.9991E-05 0.0100938 0.0217823 0.966378
0.0479552 9.99731E-05 9.99731E-05 9.99731E-05 0.951745
9.9973E-05 9.9973E-05 9.9973E-05 0.0483841 0.951316
0.0745807 0.141347 9.9982E-05 9.9982E-05 0.783872
0.0944062 0.122487 0.0675532 9.9991E-05 0.715453
0.0141549 9.9991E-05 0.00879172 0.0352721 0.941681
0.0356524 0.061043 9.9991E-05 0.0184532 0.884751
0.0581723 0.13859 0.0545081 9.9991E-05 0.74863
0.00785331 0.0639963 0.263093 0.664957 9.9991E-05
0.0151786 9.9982E-05 0.320672 0.663949 9.9982E-05
0.142386 0.0382486 0.376049 0.40159 0.041727
0.0482083 9.9982E-05 0.406975 0.544617 9.9982E-05
9.9982E-05 9.9982E-05 0.41581 0.579013 0.00497758
0.00750571 9.9982E-05 0.403302 0.588992 9.9982E-05
0.0196589 0.0509225 0.012606 0.0419137 0.874899
0.0808454 0.076739 9.9982E-05 9.9982E-05 0.842216
0.124106 0.162182 0.023755 0.101542 0.588415
0.0489269 9.9982E-05 9.9982E-05 0.0179525 0.932921
9.9973E-05 0.0690014 9.9973E-05 9.9973E-05 0.930699
9.99731E-05 0.0685605 9.99731E-05 9.99731E-05 0.93114
9.997E-05 9.997E-05 9.997E-05 9.997E-05 0.9996
0.0589647 0.167127 9.9991E-05 0.0717011 0.702108
0.0538109 0.0922851 0.00421592 0.0641246 0.785563
0.106104 9.9973E-05 9.9973E-05 9.9973E-05 0.893596
9.9973E-05 9.9973E-05 0.0756371 9.9973E-05 0.924063
0.0749658 0.21169 0.0219835 0.0276584 0.663703
0.0887208 0.132092 0.107993 0.00605969 0.665135
9.99731E-05 0.0296834 9.99731E-05 9.99731E-05 0.970017
0.0714933 0.0381218 0.103081 0.0180412 0.769263
9.99731E-05 9.99731E-05 9.99731E-05 0.0188739 0.980826
9.9982E-05 0.0910147 9.9982E-05 0.0257367 0.883049
9.9982E-05 0.116057 9.9982E-05 0.00610732 0.877635
0.0877567 0.0293839 9.9982E-05 9.9982E-05 0.882659
9.9973E-05 9.9973E-05 0.00615012 9.9973E-05 0.99355
0.0184778 0.323021 0.0207371 0.0880364 0.549728
9.9991E-05 0.216944 0.0209255 0.0208728 0.741157
9.9973E-05 0.448449 9.9973E-05 9.9973E-05 0.551251
0.0862597 0.323063 0.0454909 0.0892687 0.455918
0.0472935 0.0421681 0.286417 0.614032 0.0100891
9.9973E-05 9.9973E-05 0.205393 0.794307 9.9973E-05
0.0419047 0.0515892 0.244854 0.659656 0.00199574
0.00666552 0.0393323 0.402515 0.551387 9.9991E-05
9.9982E-05 0.0681152 0.271808 0.659877 9.9982E-05
0.122791 0.125739 0.402236 0.24735 0.101884
0.00679606 9.9982E-05 0.237849 0.755155 9.9982E-05
9.9973E-05 9.9973E-05 0.243798 0.755902 9.9973E-05
9.9973E-05 9.9973E-05 0.283491 0.716209 9.9973E-05
9.9973E-05 9.9973E-05 0.316285 0.683415 9.9973E-05
9.9973E-05 9.9973E-05 0.312976 0.686724 9.9973E-05
9.9973E-05 9.9973E-05 0.244352 0.755348 9.9973E-05
9.9973E-05 9.9973E-05 0.207918 0.791782 9.9973E-05
9.99731E-05 0.672505 9.99731E-05 9.99731E-05 0.327195
0.0869682 0.665233 0.0918649 9.9991E-05 0.155834
0.0623299 0.534503 0.141966 9.9991E-05 0.261101
0.0751204 0.503227 0.10592 0.015587 0.300146
0.0114318 0.557521 0.0920269 9.9991E-05 0.33892
0.0882385 0.362777 0.153125 0.12441 0.271449
9.99731E-05 0.972407 9.99731E-05 9.99731E-05 0.0272931
9.9982E-05 0.948411 9.9982E-05 0.00586211 0.0455268
9.9973E-05 0.53351 9.9973E-05 9.9973E-05 0.46619
9.9982E-05 0.802544 9.9982E-05 0.0151575 0.182098
0.0146379 9.9991E-05 0.0911178 0.653531 0.240613
0.116006 0.012738 9.9991E-05 0.613479 0.257677
0.0288637 9.9991E-05 0.246329 0.466354 0.258353
0.0807019 0.0212559 0.0945582 0.577062 0.226422
0.118177 9.9991E-05 0.212567 0.465548 0.203608
9.9982E-05 9.9982E-05 0.778821 0.205288 0.0156911
0.086394 9.9991E-05 0.217449 0.402736 0.293321
0.160927 0.107389 0.288078 0.288091 0.155514
0.058645 0.0691047 0.582012 0.152371 0.137868
0.198197 0.0488186 0.170013 0.382027 0.200945
9.997E-05 0.9996 9.997E-05 9.997E-05 9.997E-05
9.997E-05 0.9996 9.997E-05 9.997E-05 9.997E-05
9.9973E-05 0.963701 0.0359988 9.9973E-05 9.9973E-05
9.99731E-05 0.985481 9.99731E-05 0.0142196 9.99731E-05
0.0390277 0.960672 9.9973E-05 9.9973E-05 9.9973E-05
9.9973E-05 0.973919 0.0257812 9.9973E-05 9.9973E-05
9.9973E-05 0.991792 9.9973E-05 0.00790805 9.9973E-05
9.9973E-05 0.993007 9.9973E-05 9.9973E-05 0.00669323
0.103654 0.615566 0.170265 0.052328 0.0581868
0.0242255 0.868075 0.0228471 9.9991E-05 0.0847523
0.00297411 0.996726 9.9973E-05 9.9973E-05 9.9973E-05
0.0118192 0.97555 0.0124309 9.9982E-05 9.9982E-05
0.0866938 0.754658 0.158448 9.9982E-05 9.9982E-05
9.99731E-05 0.968546 0.0311543 9.99731E-05 9.99731E-05
9.9973E-05 0.951378 9.9973E-05 0.0483217 9.9973E-05
9.997E-05 0.9996 9.997E-05 9.997E-05 9.997E-05
9.9973E-05 0.895491 9.9973E-05 9.9973E-05 0.104209
0.00572473 0.00996713 0.799371 0.0728861 0.112051
0.0334124 9.9982E-05 0.732164 0.234223 9.9982E-05
0.106884 0.165407 0.500189 0.138983 0.0885369
0.0765033 0.052786 0.610762 0.0997537 0.160195
0.00957005 9.9991E-05 0.819603 0.1311 0.039627
0.0960726 0.0665801 0.46656 0.206365 0.164423
9.9973E-05 9.9973E-05 0.897177 0.102523 9.9973E-05
0.129866 0.0570926 0.740637 0.0478371 0.0245679
0.102164 0.12134 0.591917 0.114591 0.0699874
9.9982E-05 9.9982E-05 0.926563 0.0467387 0.0264988
0.17039 0.0338339 0.634663 0.0546648 0.106449
0.0642736 0.0627185 0.807003 0.0659049 9.9991E-05
9.9982E-05 0.0453601 0.938497 0.0159426 9.9982E-05
0.0998868 9.9991E-05 0.701505 0.184447 0.014061
0.059138 9.9991E-05 0.874581 0.0453827 0.0207988
0.0754163 0.0695443 0.65573 0.0565334 0.142776
0.0493812 9.9991E-05 0.827422 0.0986095 0.0244872
0.0320346 0.054164 0.824938 0.0887637 9.9991E-05
9.9973E-05 9.9973E-05 0.853628 0.146072 9.9973E-05
9.9991E-05 0.0131153 0.796382 0.0661464 0.124257
9.9982E-05 9.9982E-05 0.890992 0.0573682 0.0514394
9.9982E-05 9.9982E-05 0.959097 0.00310294 0.0376006
0.0199566 9.9982E-05 0.923114 0.0567293 9.9982E-05
0.0452933 9.9982E-05 0.84621 0.108297 9.9982E-05
9.9991E-05 0.00015131 0.83549 0.0816887 0.0825697
0.113296 0.0900532 0.52475 0.142727 0.129174
0.0161178 9.9991E-05 0.914875 0.0214093 0.0474984
0.030405 9.9982E-05 0.942703 9.9982E-05 0.0266921
9.9973E-05 9.9973E-05 0.82415 0.17555 9.9973E-05
0.00504954 0.0180781 0.860402 0.11637 9.9991E-05
0.0842473 0.0413243 0.803711 0.070617 9.9991E-05
0.055096 0.00368862 0.837885 0.10323 9.9991E-05
9.997E-05 9.997E-05 9.997E-05 0.9996 9.997E-05
9.99731E-05 9.99731E-05 0.93985 0.0598505 9.99731E-05
9.99731E-05 0.021467 0.978233 9.99731E-05 9.99731E-05
9.99731E-05 9.99731E-05 0.956562 0.0431376 9.99731E-05
0.0432396 0.00580536 0.842147 0.0870837 0.0217243
9.9982E-05 0.00877796 0.956476 0.0345465 9.9982E-05
0.0245993 9.9982E-05 0.890427 0.0847738 9.9982E-05
9.99731E-05 0.0225583 0.977142 9.99731E-05 9.99731E-05
0.0843635 9.9991E-05 0.819148 0.0888555 0.00753254
0.0811171 0.0664063 0.818919 0.0334573 9.9991E-05
0.137355 0.156419 0.635934 0.0455104 0.0247812
0.0933645 0.121816 0.532152 0.165328 0.0873397
0.0984965 0.098515 0.530342 0.141201 0.131446
0.0012931 0.0242885 0.820015 0.0243071 0.130097
0.0748853 0.0615386 0.740652 0.0953304 0.0275941
0.0521094 0.0379881 0.791759 0.118044 9.9991E-05
0.148428 0.0383601 0.684968 0.0661767 0.0620672
0.111219 0.103608 0.718198 0.0545122 0.0124628
0.0351674 0.111871 0.740083 0.112778 9.9991E-05
0.0599805 0.101508 0.800783 0.0376286 9.9991E-05
0.0235787 0.0288697 0.771499 0.0391632 0.136889
9.9973E-05 9.9973E-05 0.973977 0.0257235 9.9973E-05
0.0826443 0.00754621 0.70948 0.0571687 0.143161
9.9982E-05 0.0372776 0.943671 0.0188511 9.9982E-05
0.0784157 0.0688914 0.713822 0.0695317 0.0693387
9.9991E-05 0.0259702 0.845323 0.0929668 0.0356401
0.0588396 0.0951672 0.840127 0.00576595 9.9991E-05
9.99731E-05 9.99731E-05 0.887265 0.112435 9.99731E-05
0.0204497 0.0470429 0.904431 0.0279765 9.9991E-05
9.997E-05 9.997E-05 0.9996 9.997E-05 9.997E-05
9.9973E-05 9.9973E-05 0.986189 0.0135108 9.9973E-05
9.9973E-05 9.9973E-05 0.951035 9.9973E-05 0.0486647
0.00597041 9.9991E-05 0.928324 0.0252878 0.0403182
9.9973E-05 9.9973E-05 0.954893 0.0448066 9.9973E-05
9.997E-05 9.997E-05 0.9996 9.997E-05 9.997E-05
0.104943 0.0482699 0.478726 0.172791 0.19527
0.0178221 9.9991E-05 0.8536 0.106274 0.0222029
9.9991E-05 0.00382532 0.923763 0.0215166 0.0507954
9.9982E-05 0.0289154 0.939053 0.0318317 9.9982E-05
0.0151063 9.9982E-05 0.935895 9.9982E-05 0.0487992
0.0362534 0.0231359 0.896056 0.0444543 9.9991E-05
0.0208854 9.9991E-05 0.90461 0.00688383 0.0675207
9.9991E-05 0.00263789 0.938351 0.00228584 0.0566249
9.997E-05 9.997E-05 0.9996 9.997E-05 9.997E-05
0.0341706 9.99731E-05 0.965529 9.99731E-05 9.99731E-05
9.997E-05 9.997E-05 0.9996 9.997E-05 9.997E-05
9.9982E-05 9.9982E-05 0.856428 0.0921275 0.0512445
0.044358 9.9982E-05 0.942802 9.9982E-05 0.01264
0.0195236 9.9991E-05 0.903643 0.0666072 0.010126
9.997E-05 9.997E-05 0.9996 9.997E-05 9.997E-05
0.11159 0.0109542 0.743668 0.0286215 0.105166
0.0240603 9.99731E-05 0.97564 9.99731E-05 9.99731E-05
