9.9973E-05 0.760791 0.0236571 9.9973E-05 0.00967763 0.164278 9.9973E-05 0.0238806 0.017416
9.99461E-05 0.975523 9.99461E-05 9.99461E-05 9.99461E-05 9.99461E-05 9.99461E-05 0.000984596 0.0228929
9.993E-05 0.999201 9.993E-05 9.993E-05 9.993E-05 9.993E-05 9.993E-05 9.993E-05 9.993E-05
0.0737433 0.533866 0.0207558 0.0186851 0.00169385 0.162838 0.168467 0.0198503 9.9991E-05
0.0145349 0.66213 9.9973E-05 0.0191314 0.00481801 0.22873 9.9973E-05 0.0703565 9.9973E-05
9.9955E-05 0.824751 0.110183 9.9955E-05 9.9955E-05 0.0101854 9.9955E-05 0.0543801 9.9955E-05
9.993E-05 0.999201 9.993E-05 9.993E-05 9.993E-05 9.993E-05 9.993E-05 9.993E-05 9.993E-05
9.993E-05 0.999201 9.993E-05 9.993E-05 9.993E-05 9.993E-05 9.993E-05 9.993E-05 9.993E-05
9.993E-05 0.999201 9.993E-05 9.993E-05 9.993E-05 9.993E-05 9.993E-05 9.993E-05 9.993E-05
0.0058867 0.775517 9.9982E-05 0.0441488 0.0130523 0.0948003 0.040211 0.0261842 9.9982E-05
9.99371E-05 0.202883 9.99371E-05 0.796417 9.99371E-05 9.99371E-05 9.99371E-05 9.99371E-05 9.99371E-05
9.99371E-05 0.0804938 9.99371E-05 0.918807 9.99371E-05 9.99371E-05 9.99371E-05 9.99371E-05 9.99371E-05
9.99371E-05 0.0290043 9.99371E-05 0.970296 9.99371E-05 9.99371E-05 9.99371E-05 9.99371E-05 9.99371E-05
9.99461E-05 9.99461E-05 9.99461E-05 0.918688 0.072801 9.99461E-05 9.99461E-05 9.99461E-05 0.00791088
9.9955E-05 9.9955E-05 9.9955E-05 0.788021 0.0682458 0.0687071 9.9955E-05 0.0745268 9.9955E-05
0.023297 0.00214078 0.0493055 0.614255 0.027847 0.227092 0.0423145 0.00603233 0.00771523
9.9955E-05 9.9955E-05 9.9955E-05 0.912021 9.9955E-05 0.00119697 0.0650759 9.9955E-05 0.0212063
9.9955E-05 9.9955E-05 9.9955E-05 0.772921 0.0816592 9.9955E-05 0.111031 9.9955E-05 0.033889
0.0275933 9.99551E-05 9.99551E-05 0.85777 0.0822719 9.99551E-05 9.99551E-05 9.99551E-05 0.0318649
9.993E-05 9.993E-05 9.993E-05 9.993E-05 0.999201 9.993E-05 9.993E-05 9.993E-05 9.993E-05
9.993E-05 9.993E-05 9.993E-05 9.993E-05 0.999201 9.993E-05 9.993E-05 9.993E-05 9.993E-05
9.99551E-05 0.0119873 9.99551E-05 9.99551E-05 0.973044 9.99551E-05 0.00192925 0.0125401 9.99551E-05
0.00363318 9.9973E-05 9.9973E-05 0.811072 0.0995771 0.013652 0.0123899 9.9973E-05 0.0593754
0.0930047 9.9973E-05 9.9973E-05 0.017291 0.000397469 0.133062 0.743694 0.0122508 9.9973E-05
9.99641E-05 0.0280144 9.99641E-05 9.99641E-05 0.00490785 0.0678759 0.870819 9.99641E-05 0.0279828
9.99461E-05 9.99461E-05 0.00767346 9.99461E-05 0.00310087 9.99461E-05 0.988626 9.99461E-05 9.99461E-05
9.9955E-05 0.0043748 9.9955E-05 0.0685583 9.9955E-05 0.164963 0.761604 9.9955E-05 9.9955E-05
9.9964E-05 9.9964E-05 0.138683 0.0583659 0.0194233 9.9964E-05 0.728318 9.9964E-05 0.05481
9.993E-05 9.993E-05 9.993E-05 9.993E-05 9.993E-05 9.993E-05 9.993E-05 9.993E-05 0.999201
9.993E-05 9.993E-05 9.993E-05 9.993E-05 9.993E-05 9.993E-05 9.993E-05 9.993E-05 0.999201
9.99371E-05 9.99371E-05 9.99371E-05 9.99371E-05 9.99371E-05 9.99371E-05 0.968191 9.99371E-05 0.031109
9.993E-05 9.993E-05 9.993E-05 9.993E-05 9.993E-05 9.993E-05 0.999201 9.993E-05 9.993E-05
9.993E-05 9.993E-05 9.993E-05 9.993E-05 9.993E-05 9.993E-05 0.999201 9.993E-05 9.993E-05
9.99371E-05 9.99371E-05 9.99371E-05 9.99371E-05 0.00716402 9.99371E-05 0.992136 9.99371E-05 9.99371E-05
9.9973E-05 0.059826 0.249061 0.0522428 9.9973E-05 0.0190574 0.59195 0.0275628 9.9973E-05
9.999E-05 0.054616 0.200831 0.013974 0.0485858 0.27311 0.299436 0.0605924 0.0487554
9.9982E-05 0.077893 0.0419235 9.9982E-05 0.01959 0.0527129 0.759129 0.0177958 0.0307562
0.935756 9.99641E-05 9.99641E-05 0.0294305 0.0179857 0.00690786 0.00951969 9.99641E-05 9.99641E-05
9.99641E-05 9.99641E-05 9.99641E-05 9.99641E-05 0.0103532 0.888273 0.0362099 0.0429724 0.0217916
9.993E-05 9.993E-05 9.993E-05 9.993E-05 9.993E-05 0.999201 9.993E-05 9.993E-05 9.993E-05
0.763958 9.99641E-05 9.99641E-05 0.011123 0.0195276 0.093903 9.99641E-05 9.99641E-05 0.111089
0.870818 9.99551E-05 9.99551E-05 0.0187079 0.00874854 9.99551E-05 0.101225 9.99551E-05 9.99551E-05
9.993E-05 9.993E-05 9.993E-05 9.993E-05 9.993E-05 0.999201 9.993E-05 9.993E-05 9.993E-05
9.993E-05 9.993E-05 9.993E-05 9.993E-05 9.993E-05 0.999201 9.993E-05 9.993E-05 9.993E-05
0.0977387 9.9973E-05 9.9973E-05 9.9973E-05 0.00281731 0.788332 0.104208 0.00296883 0.00363503
9.993E-05 9.993E-05 9.993E-05 9.993E-05 9.993E-05 0.999201 9.993E-05 9.993E-05 9.993E-05
0.126592 0.08017 0.381419 0.0198578 0.00827274 0.0939497 0.267288 9.9991E-05 0.0223512
9.99641E-05 9.99641E-05 0.0311546 0.0126557 0.000349039 0.914044 9.99641E-05 9.99641E-05 0.041397
9.99461E-05 9.99461E-05 0.805823 0.0381487 9.99461E-05 9.99461E-05 0.155429 9.99461E-05 9.99461E-05
0.619329 9.9973E-05 0.264806 0.00374759 0.0197324 0.0735655 9.9973E-05 9.9973E-05 0.0185198
0.388664 0.0576222 9.9991E-05 0.0438488 0.0313368 0.226281 0.100507 0.129382 0.0222579
0.592564 0.0151349 9.99551E-05 9.99551E-05 9.99551E-05 0.340955 0.0508465 9.99551E-05 9.99551E-05
0.803098 9.9973E-05 9.9973E-05 9.9973E-05 0.0199607 0.128905 0.0139266 0.0067729 0.0270369
0.336731 0.0230572 9.9973E-05 0.0442932 9.9973E-05 0.508412 9.9973E-05 0.0837751 0.00343103
0.89462 0.00127408 9.99641E-05 0.0439842 9.99641E-05 9.99641E-05 9.99641E-05 0.0488453 0.0108764
0.326248 9.9964E-05 0.417224 0.0553126 9.9964E-05 0.195355 9.9964E-05 0.00546106 9.9964E-05
0.705991 0.0123444 9.99641E-05 9.99641E-05 9.99641E-05 0.233441 0.0213823 0.0264423 9.99641E-05
0.443189 9.99641E-05 0.342495 9.99641E-05 0.0250372 0.122444 0.066434 9.99641E-05 9.99641E-05
9.9973E-05 9.9973E-05 0.030778 9.9973E-05 0.0147058 0.815304 0.017788 0.113105 0.0080195
0.691319 9.9964E-05 0.0713777 9.9964E-05 0.0601241 9.9964E-05 0.121785 0.0549939 9.9964E-05
0.172032 9.99461E-05 0.816434 9.99461E-05 9.99461E-05 9.99461E-05 9.99461E-05 9.99461E-05 0.0109341
9.99515E-05 9.99515E-05 0.474067 9.99515E-05 9.99515E-05 0.473072 0.0522615 9.99515E-05 9.99515E-05
0.999201 9.993E-05 9.993E-05 9.993E-05 9.993E-05 9.993E-05 9.993E-05 9.993E-05 9.993E-05
0.385218 0.024259 0.22057 0.00490128 0.0101615 0.178544 0.141278 0.0349691 9.9991E-05
0.178181 9.9964E-05 0.406807 9.9964E-05 0.0163988 0.234973 0.163239 9.9964E-05 9.9964E-05
0.945107 9.99371E-05 9.99371E-05 9.99371E-05 9.99371E-05 9.99371E-05 9.99371E-05 9.99371E-05 0.0541932
0.999201 9.993E-05 9.993E-05 9.993E-05 9.993E-05 9.993E-05 9.993E-05 9.993E-05 9.993E-05
0.205504 9.99641E-05 0.601301 9.99641E-05 0.00478686 0.166793 0.0212152 9.99641E-05 9.99641E-05
9.99461E-05 9.99461E-05 0.938365 0.0274646 9.99461E-05 9.99461E-05 0.0335709 9.99461E-05 9.99461E-05
0.269682 9.9964E-05 0.545122 9.9964E-05 0.0407503 0.106544 0.0375017 9.9964E-05 9.9964E-05
0.382412 9.99551E-05 0.554966 9.99551E-05 9.99551E-05 0.00669809 9.99551E-05 0.0554241 9.99551E-05
9.99371E-05 9.99371E-05 0.981386 9.99371E-05 9.99371E-05 9.99371E-05 9.99371E-05 9.99371E-05 0.0179142
0.972975 9.99372E-05 0.0263259 9.99372E-05 9.99372E-05 9.99372E-05 9.99372E-05 9.99372E-05 9.99372E-05
9.99551E-05 9.99551E-05 0.682843 0.0282242 9.99551E-05 0.277898 9.99551E-05 0.0105353 9.99551E-05
0.906839 9.9964E-05 9.9964E-05 0.0286148 0.0066707 9.9964E-05 9.9964E-05 0.0377653 0.0197104
0.00571482 0.0107521 0.711907 9.9964E-05 9.9964E-05 0.0864896 9.9964E-05 0.184737 9.9964E-05
9.99551E-05 9.99551E-05 0.753444 9.99551E-05 0.0175446 0.0737195 9.99551E-05 0.154792 9.99551E-05
9.99641E-05 9.99641E-05 0.605802 9.99641E-05 0.0013319 0.230791 9.99641E-05 0.155869 0.00580603
0.0733491 0.0018885 0.414899 9.9991E-05 0.0133103 0.0218474 0.0256992 0.405982 0.0429245
9.99371E-05 9.99371E-05 0.956937 9.99371E-05 9.99371E-05 9.99371E-05 9.99371E-05 0.0423634 9.99371E-05
9.99551E-05 9.99551E-05 0.759432 9.99551E-05 0.0224822 9.99551E-05 9.99551E-05 0.179783 0.0378031
9.99371E-05 9.99371E-05 0.889486 9.99371E-05 9.99371E-05 9.99371E-05 9.99371E-05 0.109814 9.99371E-05
0.0903179 9.99461E-05 9.99461E-05 9.99461E-05 9.99461E-05 9.99461E-05 9.99461E-05 0.88406 0.0250223
0.0824256 9.99641E-05 0.000119708 9.99641E-05 0.00320894 0.08188 9.99641E-05 0.831966 9.99641E-05
9.99461E-05 9.99461E-05 0.104648 9.99461E-05 9.99461E-05 0.0494973 9.99461E-05 0.845255 9.99461E-05
0.0237824 9.99461E-05 9.99461E-05 9.99461E-05 9.99461E-05 0.0213863 9.99461E-05 0.954232 9.99461E-05
0.0789243 9.99551E-05 9.99551E-05 9.99551E-05 9.99551E-05 0.0129571 0.0230665 0.884552 9.99551E-05
0.146946 9.9973E-05 9.9973E-05 0.000282234 0.00305945 9.9973E-05 0.111959 0.725115 0.0123381
9.9946E-05 9.9946E-05 0.253311 9.9946E-05 9.9946E-05 9.9946E-05 9.9946E-05 0.737194 0.00889507
9.99461E-05 9.99461E-05 0.0246661 9.99461E-05 9.99461E-05 9.99461E-05 0.0880567 0.886678 9.99461E-05
0.166852 9.99371E-05 9.99371E-05 9.99371E-05 9.99371E-05 9.99371E-05 9.99371E-05 0.832449 9.99371E-05
0.111166 9.99461E-05 9.99461E-05 9.99461E-05 9.99461E-05 9.99461E-05 0.00502677 0.883207 9.99461E-05
9.993E-05 9.993E-05 9.993E-05 9.993E-05 9.993E-05 9.993E-05 9.993E-05 0.999201 9.993E-05
9.99461E-05 0.0137554 9.99461E-05 0.0299878 9.99461E-05 9.99461E-05 9.99461E-05 0.955657 9.99461E-05
9.99371E-05 0.0150783 9.99371E-05 9.99371E-05 9.99371E-05 9.99371E-05 9.99371E-05 0.984222 9.99371E-05
