0.752751 0.150635 0.060557 0.0359578 9.9991E-05
0.980023 9.9973E-05 0.0196772 9.9973E-05 9.9973E-05
0.9996 9.997E-05 9.997E-05 9.997E-05 9.997E-05
0.583106 0.129755 0.117656 0.0271116 0.142372
0.671467 0.083553 0.106766 0.0456138 0.0926006
0.839895 9.9982E-05 0.107739 9.9982E-05 0.0521656
0.9996 9.997E-05 9.997E-05 9.997E-05 9.997E-05
0.9996 9.997E-05 9.997E-05 9.997E-05 9.997E-05
0.9996 9.997E-05 9.997E-05 9.997E-05 9.997E-05
0.811056 0.140406 0.0128169 0.0356204 9.9991E-05
0.568923 0.0653792 9.9991E-05 0.349554 0.0160438
0.486132 0.0655114 9.9991E-05 0.390735 0.0575214
0.423736 9.9982E-05 9.9982E-05 0.431689 0.144375
0.140825 0.0499618 9.9991E-05 0.610707 0.198407
0.174814 0.115199 0.0981989 0.487324 0.124464
0.141625 0.288879 0.00501615 0.346232 0.218247
0.210665 0.124807 9.9991E-05 0.448965 0.215463
0.131653 9.9982E-05 9.9982E-05 0.504912 0.363235
0.184422 0.0389397 9.9991E-05 0.537726 0.238812
9.997E-05 9.997E-05 9.997E-05 0.9996 9.997E-05
9.997E-05 9.997E-05 9.997E-05 0.9996 9.997E-05
9.997E-05 9.997E-05 9.997E-05 0.9996 9.997E-05
0.10424 0.0515244 9.9991E-05 0.594519 0.249616
9.999E-05 0.273003 0.0249138 0.0478384 0.654145
0.00877214 9.9982E-05 0.0654011 9.9982E-05 0.925627
9.9991E-05 0.136949 0.0234513 0.0241186 0.815381
0.0138039 0.155881 9.9991E-05 0.0571822 0.773033
0.00609438 0.193223 9.9991E-05 0.06383 0.736752
9.997E-05 9.997E-05 9.997E-05 9.997E-05 0.9996
9.997E-05 9.997E-05 9.997E-05 9.997E-05 0.9996
9.99731E-05 0.0086485 9.99731E-05 9.99731E-05 0.991052
9.9973E-05 0.105025 9.9973E-05 9.9973E-05 0.894676
9.997E-05 9.997E-05 9.997E-05 9.997E-05 0.9996
9.9982E-05 0.0627587 9.9982E-05 0.0120117 0.92503
0.0744673 0.236168 0.131432 0.0388608 0.519072
0.0615416 0.512454 0.0241249 0.0486839 0.353195
0.0795656 0.160682 0.0219243 9.9991E-05 0.737728
9.9982E-05 0.913184 9.9982E-05 0.0622704 0.0243458
9.9991E-05 0.671941 0.0914545 0.0878118 0.148693
9.99821E-05 0.860088 9.99821E-05 0.0417939 0.0979183
9.9982E-05 0.824181 9.9982E-05 0.0154265 0.160192
0.0077227 0.846019 0.00897822 0.037234 0.100046
0.0409355 0.958765 9.9973E-05 9.9973E-05 9.9973E-05
9.9982E-05 0.736045 9.9982E-05 0.0687119 0.195043
0.0134718 0.681128 0.0546415 0.000989414 0.24977
9.99731E-05 0.975969 9.99731E-05 9.99731E-05 0.023731
0.0885026 0.746371 9.9991E-05 0.0285756 0.136451
9.9982E-05 0.797337 9.9982E-05 0.0527628 0.1497
9.99821E-05 0.881097 9.99821E-05 0.014977 0.103726
0.00704562 0.932105 0.00945263 9.9991E-05 0.0512967
0.07646 0.53742 0.142397 0.103751 0.139972
0.0334571 0.859773 9.9982E-05 9.9982E-05 0.10657
0.00215235 0.85113 0.0619532 0.00103093 0.0837332
0.0679991 0.667992 0.142296 0.032785 0.0889278
0.0243568 0.852956 0.0798836 0.0251868 0.0176172
0.0734144 0.872321 0.0540651 9.9982E-05 9.9982E-05
0.0523662 0.804981 0.0772856 0.0180176 0.0473498
9.9982E-05 0.884745 9.9982E-05 0.00558249 0.109472
0.0122748 0.755167 0.103884 0.0322292 0.096445
0.0288469 0.807068 0.0826761 0.0707392 0.0106693
9.9982E-05 0.962664 0.00225106 9.9982E-05 0.0348849
9.9982E-05 0.837931 0.0320281 9.9982E-05 0.129841
9.9982E-05 0.984175 9.9982E-05 0.00754839 0.00807688
0.0532333 0.830085 0.0294133 0.00958311 0.0776858
9.9982E-05 0.893401 9.9982E-05 0.0303927 0.0760059
9.9982E-05 0.927475 0.0371877 9.9982E-05 0.035137
0.0118752 0.987825 9.99731E-05 9.99731E-05 9.99731E-05
9.99731E-05 0.99879 0.000910279 9.99731E-05 9.99731E-05
9.9982E-05 0.927693 0.0501445 9.9982E-05 0.0219622
9.9982E-05 0.912395 0.0741965 0.013209 9.9982E-05
9.99731E-05 0.917013 0.0826875 9.99731E-05 9.99731E-05
9.99731E-05 0.895578 0.104122 9.99731E-05 9.99731E-05
9.99731E-05 0.964879 0.0348213 9.99731E-05 9.99731E-05
9.9991E-05 0.886732 0.0948749 0.00151133 0.0167822
0.0072491 0.863448 0.0845774 0.0446258 9.9991E-05
0.0252307 0.598695 0.375874 9.9982E-05 9.9982E-05
9.9982E-05 0.666561 0.33121 0.00202906 9.9982E-05
9.99731E-05 0.714822 0.284878 9.99731E-05 9.99731E-05
0.00340926 0.329757 0.541632 0.00299426 0.122207
9.9973E-05 0.714479 0.285221 9.9973E-05 9.9973E-05
0.0231105 0.486076 0.399874 0.0141013 0.0768385
0.0125452 0.623366 0.363889 9.9982E-05 9.9982E-05
9.9982E-05 0.0205504 0.952777 9.9982E-05 0.0264723
9.9973E-05 0.0949281 0.904772 9.9973E-05 9.9973E-05
9.9973E-05 0.0296215 0.970079 9.9973E-05 9.9973E-05
9.99731E-05 0.037118 0.962582 9.99731E-05 9.99731E-05
9.9973E-05 0.0313001 0.9684 9.9973E-05 9.9973E-05
9.9982E-05 0.110948 0.797539 9.9982E-05 0.0913127
9.9973E-05 0.176086 0.823614 9.9973E-05 9.9973E-05
9.9973E-05 9.9973E-05 0.954162 9.9973E-05 0.0455377
9.9973E-05 0.103002 0.896698 9.9973E-05 9.9973E-05
9.9973E-05 0.057065 0.942635 9.9973E-05 9.9973E-05
9.997E-05 9.997E-05 0.9996 9.997E-05 9.997E-05
0.0294256 9.9982E-05 0.966399 0.003975 9.9982E-05
9.997E-05 9.997E-05 0.9996 9.997E-05 9.997E-05
