9.9973E-05 0.0425688 0.715318 0.018608 0.0707553 9.9973E-05 9.9973E-05 0.152449
9.99551E-05 9.99551E-05 0.975013 9.99551E-05 0.0181141 9.99551E-05 0.00637277 9.99551E-05
9.994E-05 9.994E-05 0.9993 9.994E-05 9.994E-05 9.994E-05 9.994E-05 9.994E-05
0.0604752 9.9991E-05 0.625244 0.016051 0.11289 0.011401 0.0750851 0.0987538
0.148134 0.0154681 0.661462 0.0239135 9.9991E-05 0.00844265 0.0531145 0.0893647
0.0331147 0.00691958 0.826686 9.9973E-05 0.0797983 9.9973E-05 0.0531818 9.9973E-05
9.994E-05 9.994E-05 0.9993 9.994E-05 9.994E-05 9.994E-05 9.994E-05 9.994E-05
9.994E-05 9.994E-05 0.9993 9.994E-05 9.994E-05 9.994E-05 9.994E-05 9.994E-05
9.994E-05 9.994E-05 0.9993 9.994E-05 9.994E-05 9.994E-05 9.994E-05 9.994E-05
9.9982E-05 0.0768238 0.743732 0.00331461 0.0184202 0.032143 9.9982E-05 0.125366
9.99461E-05 0.807293 0.192108 9.99461E-05 9.99461E-05 9.99461E-05 9.99461E-05 9.99461E-05
9.99461E-05 0.872054 0.127346 9.99461E-05 9.99461E-05 9.99461E-05 9.99461E-05 9.99461E-05
9.99461E-05 0.939664 0.0597367 9.99461E-05 9.99461E-05 9.99461E-05 9.99461E-05 9.99461E-05
9.99551E-05 0.935654 9.99551E-05 0.0560494 9.99551E-05 0.00779693 9.99551E-05 9.99551E-05
9.99551E-05 0.818074 9.99551E-05 0.0217541 9.99551E-05 9.99551E-05 9.99551E-05 0.159672
9.9982E-05 0.586389 0.0344092 0.0368979 0.105012 9.9982E-05 0.0225953 0.214496
9.99551E-05 0.930783 9.99551E-05 9.99551E-05 0.0331346 9.99551E-05 9.99551E-05 0.035583
9.9964E-05 0.803614 9.9964E-05 0.048964 0.140125 0.00689728 9.9964E-05 9.9964E-05
0.0116287 0.870509 9.9964E-05 0.0561103 0.0613525 9.9964E-05 9.9964E-05 9.9964E-05
9.994E-05 9.994E-05 9.994E-05 0.9993 9.994E-05 9.994E-05 9.994E-05 9.994E-05
9.994E-05 9.994E-05 9.994E-05 0.9993 9.994E-05 9.994E-05 9.994E-05 9.994E-05
9.99551E-05 9.99551E-05 0.0186491 0.976642 9.99551E-05 9.99551E-05 0.00420954 9.99551E-05
0.0238382 0.849049 9.9964E-05 0.0749045 9.9964E-05 0.051808 9.9964E-05 9.9964E-05
0.095727 0.0157007 9.9973E-05 9.9973E-05 0.777306 9.9973E-05 0.0355897 0.0753764
9.9973E-05 9.9973E-05 0.0141601 9.9973E-05 0.938433 0.00982877 0.019457 0.0178207
0.0643531 9.99461E-05 9.99461E-05 9.99461E-05 0.935047 9.99461E-05 9.99461E-05 9.99461E-05
9.99641E-05 0.0616286 9.99641E-05 9.99641E-05 0.808064 0.00743943 9.99641E-05 0.122468
0.158418 0.0575187 9.9982E-05 0.0375383 0.69712 0.0458169 9.9982E-05 0.0033879
9.994E-05 9.994E-05 9.994E-05 9.994E-05 9.994E-05 0.9993 9.994E-05 9.994E-05
9.994E-05 9.994E-05 9.994E-05 9.994E-05 9.994E-05 0.9993 9.994E-05 9.994E-05
9.99461E-05 9.99461E-05 9.99461E-05 9.99461E-05 0.956741 0.042659 9.99461E-05 9.99461E-05
9.994E-05 9.994E-05 9.994E-05 9.994E-05 0.9993 9.994E-05 9.994E-05 9.994E-05
9.994E-05 9.994E-05 9.994E-05 9.994E-05 0.9993 9.994E-05 9.994E-05 9.994E-05
9.99461E-05 9.99461E-05 9.99461E-05 0.00431539 0.995085 9.99461E-05 9.99461E-05 9.99461E-05
0.141137 0.0438928 0.0644927 0.0160715 0.556557 9.9991E-05 0.111046 0.066703
9.9982E-05 0.0763979 0.0388575 9.9982E-05 0.331918 0.00682856 0.0507015 0.495097
9.9991E-05 0.0373621 0.0528937 0.00756241 0.749364 0.0130634 0.0332124 0.106442
0.351629 0.0634495 9.9973E-05 0.0247711 0.0969239 9.9973E-05 9.9973E-05 0.462926
9.9982E-05 0.0319695 9.9982E-05 0.033675 0.118851 0.0235607 0.0176082 0.774136
9.99551E-05 9.99551E-05 9.99551E-05 0.0206178 0.0271433 9.99551E-05 9.99551E-05 0.951739
0.846173 0.0432174 9.9973E-05 0.0253024 0.00384051 0.081167 9.9973E-05 9.9973E-05
0.683856 0.0125984 0.0153288 0.00843491 0.178161 9.9982E-05 9.9982E-05 0.101421
0.0405027 9.99551E-05 9.99551E-05 9.99551E-05 9.99551E-05 0.0268364 9.99551E-05 0.932161
9.9973E-05 0.0350837 9.9973E-05 0.0127723 0.000541955 0.0516775 9.9973E-05 0.899625
0.0809365 9.9991E-05 0.0128303 0.0234674 0.156115 0.0728838 0.0544078 0.599259
9.99461E-05 0.0401402 9.99461E-05 9.99461E-05 9.99461E-05 9.99461E-05 9.99461E-05 0.95926
0.0283131 9.99641E-05 0.0727947 9.99641E-05 0.329856 9.99641E-05 9.99641E-05 0.568636
9.99641E-05 0.013483 9.99641E-05 0.0219814 0.180511 9.99641E-05 9.99641E-05 0.783625
0.855582 0.0236992 9.99551E-05 9.99551E-05 0.120219 9.99551E-05 9.99551E-05 9.99551E-05
0.95494 9.99551E-05 9.99551E-05 0.0232822 9.99551E-05 0.0212783 9.99551E-05 9.99551E-05
0.0647824 9.9982E-05 0.092858 0.00363167 0.173194 9.9982E-05 0.150957 0.514378
0.106196 9.9964E-05 0.0125661 9.9964E-05 0.0910684 9.9964E-05 9.9964E-05 0.78977
0.588499 9.9982E-05 0.00232329 0.0345519 0.015513 9.9982E-05 0.0284874 0.330426
0.404768 0.0990684 0.0209275 9.9982E-05 0.0617513 9.9982E-05 0.0854525 0.327832
0.0073811 0.0185718 0.0162363 0.00396435 9.9991E-05 0.00610354 0.0469924 0.900651
0.482062 0.0462365 0.0283046 9.9982E-05 0.00428667 9.9982E-05 0.0724645 0.366446
0.181261 9.9991E-05 0.0269598 0.0109821 0.0134299 0.00343849 0.0104789 0.75335
0.900217 9.99641E-05 9.99641E-05 0.0269226 9.99641E-05 0.0258698 9.99641E-05 0.0465902
0.264535 9.9982E-05 9.9982E-05 0.0205328 0.0869481 0.00468937 0.0600615 0.563034
0.545534 9.9982E-05 0.043355 0.0355585 0.073715 9.9982E-05 0.0137735 0.287864
0.993334 9.99551E-05 9.99551E-05 9.99551E-05 0.00380194 0.00236472 9.99551E-05 9.99551E-05
0.347999 9.99641E-05 0.0175794 9.99641E-05 0.123646 9.99641E-05 9.99641E-05 0.510375
0.978642 0.0207582 9.99461E-05 9.99461E-05 9.99461E-05 9.99461E-05 9.99461E-05 9.99461E-05
0.454185 0.0183154 0.0359565 0.0259565 0.104122 9.9991E-05 0.106726 0.25464
0.0069053 9.99641E-05 9.99641E-05 0.00833047 0.0942211 9.99641E-05 9.99641E-05 0.890143
0.976534 9.99461E-05 9.99461E-05 9.99461E-05 9.99461E-05 0.0228661 9.99461E-05 9.99461E-05
0.9993 9.994E-05 9.994E-05 9.994E-05 9.994E-05 9.994E-05 9.994E-05 9.994E-05
0.585503 9.99461E-05 9.99461E-05 9.99461E-05 9.99461E-05 9.99461E-05 9.99461E-05 0.413898
0.768856 9.99731E-05 0.0132309 9.99731E-05 0.0820122 9.99731E-05 0.0823005 0.0533006
0.684835 9.9973E-05 0.00267364 0.0457445 9.9973E-05 9.9973E-05 0.0271261 0.239321
0.824925 9.99551E-05 9.99551E-05 9.99551E-05 9.99551E-05 9.99551E-05 0.14275 0.0318247
0.145445 9.99641E-05 9.99641E-05 9.99641E-05 9.99641E-05 0.00502871 0.0816467 0.76748
0.9993 9.994E-05 9.994E-05 9.994E-05 9.994E-05 9.994E-05 9.994E-05 9.994E-05
0.28212 9.99551E-05 9.99551E-05 9.99551E-05 9.99551E-05 9.99551E-05 0.074142 0.643238
0.817079 0.0471677 0.0057154 0.0242575 9.9991E-05 0.0221854 0.0584791 0.025016
9.99461E-05 9.99461E-05 9.99461E-05 9.99461E-05 9.99461E-05 9.99461E-05 0.254026 0.745374
9.99461E-05 9.99461E-05 9.99461E-05 9.99461E-05 9.99461E-05 9.99461E-05 0.284927 0.714473
9.99461E-05 9.99461E-05 9.99461E-05 9.99461E-05 9.99461E-05 9.99461E-05 0.145817 0.853583
0.204341 0.000976899 0.0104492 0.0193606 0.120236 0.0270873 0.530779 0.0867694
9.99461E-05 9.99461E-05 9.99461E-05 9.99461E-05 9.99461E-05 9.99461E-05 0.228214 0.771187
0.209492 9.9991E-05 0.0238041 0.000377206 0.00849506 0.00676965 0.365832 0.38513
9.99551E-05 9.99551E-05 9.99551E-05 9.99551E-05 0.0106733 9.99551E-05 0.355682 0.633145
0.048633 9.99551E-05 9.99551E-05 9.99551E-05 9.99551E-05 0.0531949 0.897672 9.99551E-05
0.0385338 9.99551E-05 9.99551E-05 9.99551E-05 9.99551E-05 9.99551E-05 0.848984 0.111982
9.99551E-05 9.99551E-05 9.99551E-05 9.99551E-05 0.00890984 9.99551E-05 0.909329 0.0812611
9.99551E-05 9.99551E-05 9.99551E-05 9.99551E-05 9.99551E-05 0.0147508 0.932443 0.052306
0.0372328 9.99551E-05 9.99551E-05 9.99551E-05 0.0449909 9.99551E-05 0.917276 9.99551E-05
0.0866849 9.9982E-05 9.9982E-05 0.0115405 0.0514774 0.027616 0.776638 0.0458437
0.0657055 9.9964E-05 9.9964E-05 9.9964E-05 9.9964E-05 0.0278543 0.803913 0.102127
0.0101671 9.99551E-05 9.99551E-05 9.99551E-05 0.0340316 9.99551E-05 0.955302 9.99551E-05
0.116585 9.99551E-05 9.99551E-05 9.99551E-05 0.0193542 9.99551E-05 0.863561 9.99551E-05
9.9964E-05 9.9964E-05 9.9964E-05 9.9964E-05 0.00546455 0.00725862 0.904442 0.0824348
9.994E-05 9.994E-05 9.994E-05 9.994E-05 9.994E-05 9.994E-05 0.9993 9.994E-05
9.99551E-05 0.0312901 0.0305316 9.99551E-05 9.99551E-05 9.99551E-05 0.937679 9.99551E-05
9.99551E-05 9.99551E-05 0.0103933 0.00512713 9.99551E-05 9.99551E-05 0.98398 9.99551E-05
