0.00404159 0.0143433 9.9991E-05 0.160955 0.0276789 0.792881
9.99731E-05 0.000560114 0.0064275 9.99731E-05 9.99731E-05 0.992712
9.996E-05 9.996E-05 9.996E-05 9.996E-05 9.996E-05 0.9995
9.999E-05 0.0775799 0.119043 0.091238 0.105709 0.60633
0.00992642 0.030522 0.0305511 0.304053 9.9991E-05 0.624848
0.0160143 0.0131676 0.0734584 9.9991E-05 0.0586104 0.838649
9.996E-05 9.996E-05 9.996E-05 9.996E-05 9.996E-05 0.9995
9.99641E-05 0.0119069 9.99641E-05 9.99641E-05 9.99641E-05 0.987693
9.996E-05 9.996E-05 9.996E-05 9.996E-05 9.996E-05 0.9995
0.0134366 0.0474417 0.0284145 0.0759412 0.0390166 0.795749
9.9964E-05 0.852413 9.9964E-05 9.9964E-05 9.9964E-05 0.147187
9.99641E-05 0.934768 9.99641E-05 9.99641E-05 9.99641E-05 0.0648319
9.996E-05 0.9995 9.996E-05 9.996E-05 9.996E-05 9.996E-05
0.100228 0.880363 0.0112089 9.9982E-05 0.0080003 9.9982E-05
0.0655488 0.78736 0.102662 0.0442292 9.9982E-05 9.9982E-05
0.0252086 0.642919 0.0689696 0.155787 0.107016 9.9991E-05
0.00332101 0.88873 9.9982E-05 0.0591683 0.0485804 9.9982E-05
0.074331 0.784539 9.9973E-05 9.9973E-05 0.14083 9.9973E-05
0.0819345 0.862756 9.9973E-05 9.9973E-05 0.0550094 9.9973E-05
0.9995 9.996E-05 9.996E-05 9.996E-05 9.996E-05 9.996E-05
0.9995 9.996E-05 9.996E-05 9.996E-05 9.996E-05 9.996E-05
0.998485 9.99641E-05 9.99641E-05 9.99641E-05 0.00111551 9.99641E-05
0.143067 0.722337 0.0108991 9.9982E-05 0.123497 9.9982E-05
0.00622299 0.0323498 0.0410641 0.166739 0.753524 9.9991E-05
0.0145433 9.9991E-05 0.0676998 0.0131713 0.872075 0.0324102
0.00370876 0.0374666 0.0726645 0.0217935 0.864267 9.9991E-05
0.00466746 0.0742933 9.9991E-05 0.0908394 0.808812 0.0212874
0.0274956 0.0558029 9.9982E-05 0.16954 0.746962 9.9982E-05
9.996E-05 9.996E-05 9.996E-05 9.996E-05 0.9995 9.996E-05
9.996E-05 9.996E-05 9.996E-05 9.996E-05 0.9995 9.996E-05
9.996E-05 9.996E-05 9.996E-05 9.996E-05 0.9995 9.996E-05
9.99641E-05 9.99641E-05 9.99641E-05 0.0273044 0.972296 9.99641E-05
9.99641E-05 9.99641E-05 9.99641E-05 9.99641E-05 0.996156 0.00344462
0.018425 9.99731E-05 9.99731E-05 0.0339296 0.947346 9.99731E-05
9.999E-05 0.0877952 0.137453 0.231154 0.508486 0.0350113
0.0206458 0.0130932 0.0681595 0.478168 0.326281 0.093652
9.99928E-05 0.0430436 0.048186 0.133603 0.689965 0.0851024
0.0192497 0.0712032 0.00865337 0.800805 0.0999888 9.9991E-05
0.0412388 0.0457281 0.0853383 0.658243 0.169352 9.9991E-05
0.0288952 0.0051192 0.000617323 0.859763 0.0949185 0.0106867
0.000885788 0.0766091 9.9982E-05 0.827939 0.0943659 9.9982E-05
0.0223575 0.0285515 9.9991E-05 0.817433 0.120324 0.0112344
9.9982E-05 0.0519935 9.9982E-05 0.938529 0.00290787 0.0063694
0.0223112 0.0889113 9.99845E-05 0.737513 0.151064 9.99845E-05
0.00467625 0.000584544 0.000579527 0.773312 0.184634 0.0362128
9.9982E-05 0.0667391 9.9982E-05 0.912235 0.0165601 0.0042662
9.9982E-05 0.0116099 9.9982E-05 0.673014 0.223462 0.0917142
0.0194092 0.0500803 9.9982E-05 0.748001 0.18231 9.9982E-05
9.99731E-05 0.0267348 9.99731E-05 0.865241 0.107724 9.99731E-05
0.0025093 9.9991E-05 0.0452548 0.846201 0.096814 0.009121
0.0568904 0.0475889 0.193016 0.500984 0.143723 0.057798
0.0253876 9.9982E-05 9.9982E-05 0.850614 0.101039 0.0227594
0.0213003 9.9991E-05 0.0312569 0.869835 0.0532571 0.0242512
9.9991E-05 0.078509 0.0875846 0.72784 0.103549 0.00241734
9.9991E-05 0.0460381 0.106426 0.804661 0.034567 0.00820842
9.9982E-05 0.0740759 0.114405 0.802372 9.9982E-05 0.00894702
0.0201338 0.010558 0.0288883 0.785495 0.111615 0.0433091
0.0205965 9.9991E-05 0.0343956 0.830103 0.110415 0.00439003
0.0593014 9.9991E-05 0.0956019 0.726699 0.106498 0.0117995
0.0462339 9.9991E-05 0.0909159 0.768369 0.056093 0.0382879
9.99641E-05 9.99641E-05 9.99641E-05 0.917453 0.0821469 9.99641E-05
0.00493426 9.9982E-05 9.9982E-05 0.869827 0.0997224 0.0253165
9.99641E-05 0.0417808 9.99641E-05 0.957819 9.99641E-05 9.99641E-05
0.00592874 9.9991E-05 0.0312874 0.828217 0.100046 0.0344216
0.0306947 9.9973E-05 9.9973E-05 0.876685 0.0923208 9.9973E-05
9.9982E-05 0.0302345 0.0525585 0.903539 0.0134684 9.9982E-05
9.99641E-05 9.99641E-05 9.99641E-05 0.983794 9.99641E-05 0.0158064
9.996E-05 9.996E-05 9.996E-05 0.9995 9.996E-05 9.996E-05
9.9982E-05 9.9982E-05 0.0542767 0.889677 0.0521773 0.00366897
0.0261104 9.9982E-05 0.0455763 0.908507 9.9982E-05 0.0196064
0.015475 9.99731E-05 0.137445 0.84678 9.99731E-05 9.99731E-05
9.99641E-05 9.99641E-05 0.0921572 0.907443 9.99641E-05 9.99641E-05
9.99641E-05 9.99641E-05 0.0259875 0.973613 9.99641E-05 9.99641E-05
9.9973E-05 0.0204185 0.0722657 0.907016 9.9973E-05 9.9973E-05
0.0314379 0.0459909 0.0927551 0.824782 9.9991E-05 0.0049341
9.9982E-05 9.9982E-05 0.353972 0.615443 0.00911244 0.0212722
0.0136775 9.99731E-05 0.358835 0.627187 9.99731E-05 9.99731E-05
0.00655235 9.9982E-05 0.27428 0.714289 0.00467872 9.9982E-05
0.00370692 0.054476 0.563653 0.29319 0.0848739 9.9991E-05
9.99641E-05 9.99641E-05 0.299708 0.699892 9.99641E-05 9.99641E-05
0.0464421 9.9991E-05 0.351449 0.550967 0.0493903 0.00165141
9.99731E-05 9.99731E-05 0.419994 0.575276 9.99731E-05 0.00442998
9.99731E-05 9.99731E-05 0.97891 0.018684 0.00210611 9.99731E-05
9.99641E-05 9.99641E-05 0.865541 0.134059 9.99641E-05 9.99641E-05
9.9973E-05 9.9973E-05 0.958894 0.00881435 0.0319914 9.9973E-05
9.996E-05 9.996E-05 0.9995 9.996E-05 9.996E-05 9.996E-05
0.000414639 0.00309178 0.946425 0.0498689 9.9982E-05 9.9982E-05
0.0141956 9.9982E-05 0.815327 0.0833023 0.0869749 9.9982E-05
9.9964E-05 9.9964E-05 0.859436 0.140164 9.9964E-05 9.9964E-05
9.99641E-05 9.99641E-05 0.951238 9.99641E-05 0.048362 9.99641E-05
9.99641E-05 9.99641E-05 0.937943 0.0616567 9.99641E-05 9.99641E-05
0.00640449 9.9982E-05 0.928245 0.0556648 0.00948569 9.9982E-05
9.996E-05 9.996E-05 0.9995 9.996E-05 9.996E-05 9.996E-05
9.9973E-05 0.0265769 0.948653 9.9973E-05 9.9973E-05 0.0244705
9.996E-05 9.996E-05 0.9995 9.996E-05 9.996E-05 9.996E-05
