0.0232564 9.99371E-05 9.99371E-05 9.99371E-05 9.99371E-05 9.99371E-05 9.99371E-05 9.99371E-05 0.976044
9.993E-05 9.993E-05 9.993E-05 9.993E-05 9.993E-05 9.993E-05 9.993E-05 9.993E-05 0.999201
9.99371E-05 9.99371E-05 9.99371E-05 0.19368 9.99371E-05 9.99371E-05 9.99371E-05 9.99371E-05 0.805621
0.113571 0.0166497 0.0396572 9.9982E-05 0.0281544 0.0283624 0.0196869 9.9982E-05 0.753718
0.125012 9.9946E-05 9.9946E-05 9.9946E-05 9.9946E-05 9.9946E-05 0.031735 9.9946E-05 0.842653
9.993E-05 9.993E-05 9.993E-05 9.993E-05 9.993E-05 9.993E-05 9.993E-05 9.993E-05 0.999201
9.993E-05 9.993E-05 9.993E-05 0.999201 9.993E-05 9.993E-05 9.993E-05 9.993E-05 9.993E-05
9.99461E-05 9.99461E-05 9.99461E-05 0.823943 9.99461E-05 9.99461E-05 9.99461E-05 0.0683888 0.107068
9.993E-05 9.993E-05 9.993E-05 0.999201 9.993E-05 9.993E-05 9.993E-05 9.993E-05 9.993E-05
0.0757263 9.9973E-05 9.9973E-05 0.532004 9.9973E-05 0.0411974 0.0510775 0.111439 0.188256
9.99371E-05 9.99371E-05 9.99371E-05 0.131851 9.99371E-05 9.99371E-05 9.99371E-05 0.86745 9.99371E-05
9.99371E-05 9.99371E-05 9.99371E-05 0.0585375 9.99371E-05 9.99371E-05 9.99371E-05 0.940763 9.99371E-05
9.99371E-05 9.99371E-05 9.99371E-05 9.99371E-05 9.99371E-05 9.99371E-05 9.99371E-05 0.995172 0.00412864
9.99551E-05 0.0641532 9.99551E-05 9.99551E-05 0.0186869 9.99551E-05 0.00354543 0.913115 9.99551E-05
9.9973E-05 0.0480132 0.0165429 9.9973E-05 0.118706 9.9973E-05 0.0247024 0.779763 0.0119718
0.267257 0.0180281 9.9973E-05 0.0347171 9.9973E-05 0.0949184 0.0206758 0.564103 9.9973E-05
0.105998 0.00232132 9.9964E-05 9.9964E-05 9.9964E-05 0.0182386 9.9964E-05 0.866239 0.00680352
9.99461E-05 0.0863431 9.99461E-05 9.99461E-05 9.99461E-05 0.118755 9.99461E-05 0.794302 9.99461E-05
9.9955E-05 0.0850493 9.9955E-05 9.9955E-05 9.9955E-05 0.0527764 0.00476037 0.856914 9.9955E-05
9.993E-05 0.999201 9.993E-05 9.993E-05 9.993E-05 9.993E-05 9.993E-05 9.993E-05 9.993E-05
9.993E-05 0.999201 9.993E-05 9.993E-05 9.993E-05 9.993E-05 9.993E-05 9.993E-05 9.993E-05
9.99461E-05 0.977366 9.99461E-05 0.0160043 0.0060298 9.99461E-05 9.99461E-05 9.99461E-05 9.99461E-05
0.0583732 0.121498 9.99551E-05 9.99551E-05 9.99551E-05 0.0530793 9.99551E-05 0.76655 9.99551E-05
0.192326 0.0119318 0.0743346 9.9973E-05 0.0141545 0.654215 9.9973E-05 0.0527381 9.9973E-05
0.0902989 0.00331333 9.9973E-05 0.0209803 9.9973E-05 0.846688 0.0264096 9.9973E-05 0.0120101
0.0551393 0.0228044 0.0648379 9.9964E-05 9.9964E-05 0.805092 9.9964E-05 0.0517265 9.9964E-05
9.99461E-05 9.99461E-05 9.99461E-05 9.99461E-05 0.108301 0.762744 9.99461E-05 0.128355 9.99461E-05
0.171404 0.0342618 9.9964E-05 9.9964E-05 9.9964E-05 0.699252 9.9964E-05 0.0732811 0.0214011
9.993E-05 9.993E-05 9.993E-05 9.993E-05 9.993E-05 0.999201 9.993E-05 9.993E-05 9.993E-05
9.993E-05 9.993E-05 9.993E-05 9.993E-05 9.993E-05 0.999201 9.993E-05 9.993E-05 9.993E-05
0.00403493 9.99372E-05 9.99372E-05 9.99372E-05 9.99372E-05 0.995266 9.99372E-05 9.99372E-05 9.99372E-05
9.993E-05 9.993E-05 9.993E-05 9.993E-05 9.993E-05 0.999201 9.993E-05 9.993E-05 9.993E-05
9.99461E-05 9.99461E-05 9.99461E-05 9.99461E-05 9.99461E-05 0.96864 0.0118049 9.99461E-05 0.0189555
0.0528071 0.00654815 9.99551E-05 0.00882386 9.99551E-05 0.931321 9.99551E-05 9.99551E-05 9.99551E-05
0.140152 0.00195088 0.0317402 0.0235786 0.133499 0.526604 0.0553711 0.0602641 0.02684
0.34026 0.0129179 9.9982E-05 9.9982E-05 0.163018 0.306194 0.0272347 0.0322411 0.117934
9.9973E-05 0.0105425 9.9973E-05 9.9973E-05 0.21185 0.641174 0.00455654 0.0631623 0.0684143
0.86913 9.99461E-05 0.0224169 9.99461E-05 9.99461E-05 9.99461E-05 9.99461E-05 0.107854 9.99461E-05
0.734803 0.0321647 0.114043 9.99641E-05 9.99641E-05 0.0852412 9.99641E-05 0.0333483 9.99641E-05
0.901873 0.0326588 9.99731E-05 9.99731E-05 0.00259262 0.0416125 0.0076328 9.99731E-05 0.0133302
0.901607 0.0223025 9.99551E-05 9.99551E-05 9.99551E-05 0.0495404 9.99551E-05 0.02605 9.99551E-05
0.857457 0.0160213 9.99641E-05 0.0152173 9.99641E-05 0.0858724 0.0250318 9.99641E-05 9.99641E-05
0.983233 9.99371E-05 9.99371E-05 9.99371E-05 9.99371E-05 9.99371E-05 9.99371E-05 9.99371E-05 0.0160672
0.825612 0.0122344 9.9973E-05 9.9973E-05 9.9973E-05 0.0964931 0.0043112 0.0366512 0.0243982
0.541069 0.0139059 9.9964E-05 9.9964E-05 0.14623 0.268664 0.0297316 9.9964E-05 9.9964E-05
0.977107 9.99371E-05 9.99371E-05 9.99371E-05 9.99371E-05 9.99371E-05 9.99371E-05 9.99371E-05 0.0221931
0.494787 9.9973E-05 0.0512886 0.0687693 0.0453596 0.32211 9.9973E-05 0.0173852 9.9973E-05
0.726119 0.0209168 9.9982E-05 0.000269661 0.0537019 0.170966 0.0260535 0.00177366 9.9982E-05
0.495929 9.99641E-05 9.99641E-05 0.0128876 0.324677 0.13855 9.99641E-05 0.027556 9.99641E-05
0.685254 0.0291406 9.9973E-05 0.00732722 0.231585 0.0377761 0.00861648 9.9973E-05 9.9973E-05
0.39256 0.0360909 0.163602 9.999E-05 0.123864 0.204877 0.0231229 0.0105301 0.0452529
0.946931 9.99551E-05 9.99551E-05 0.0472785 0.000989924 0.00430088 9.99551E-05 9.99551E-05 9.99551E-05
0.793259 0.0227063 0.117364 9.99551E-05 9.99551E-05 0.0661714 9.99551E-05 9.99551E-05 9.99551E-05
0.670381 9.9982E-05 0.0828492 9.9982E-05 0.000861329 0.0483381 0.0877556 0.0721673 0.0374478
0.800385 0.0073359 0.047356 0.0150158 0.0805098 9.9982E-05 0.0206003 9.9982E-05 0.0285968
0.634059 9.9982E-05 0.0864268 0.0074293 0.201013 9.9982E-05 0.0320939 0.0307758 0.00800255
0.899471 0.0089415 0.0287943 0.0136968 0.000707722 9.9982E-05 0.0217157 9.9982E-05 0.0264726
0.864527 0.0293318 0.061202 9.99731E-05 0.000876133 0.0406372 0.00312644 9.99731E-05 9.99731E-05
0.322333 0.0450846 9.9964E-05 9.9964E-05 0.404974 0.211693 0.0155159 9.9964E-05 9.9964E-05
0.598149 0.0521985 0.0130446 0.00034861 0.236013 0.0517886 9.9982E-05 9.9982E-05 0.0482579
0.433456 9.99461E-05 9.99461E-05 9.99461E-05 0.494311 0.0716332 9.99461E-05 9.99461E-05 9.99461E-05
0.510101 0.00421099 9.9982E-05 0.00518212 0.31274 0.143395 0.00366805 9.9982E-05 0.0205028
0.969799 9.99372E-05 0.0295019 9.99372E-05 9.99372E-05 9.99372E-05 9.99372E-05 9.99372E-05 9.99372E-05
0.712566 0.0147359 0.101988 9.9973E-05 9.9973E-05 0.076809 0.0071681 9.9973E-05 0.0864325
0.642363 0.025488 0.00718704 9.99641E-05 0.230299 0.0942638 9.99641E-05 9.99641E-05 9.99641E-05
0.928653 9.99461E-05 9.99461E-05 9.99461E-05 9.99461E-05 9.99461E-05 0.0575653 9.99461E-05 0.0131819
0.842902 9.99641E-05 0.0113339 9.99641E-05 0.130977 9.99641E-05 0.0015223 9.99641E-05 0.012865
0.745626 9.99461E-05 9.99461E-05 9.99461E-05 0.23993 9.99461E-05 0.013844 9.99461E-05 9.99461E-05
0.105351 9.99551E-05 9.99551E-05 0.0136799 0.741678 0.138791 9.99551E-05 9.99551E-05 9.99551E-05
0.462365 0.0172328 9.9964E-05 9.9964E-05 0.468939 9.9964E-05 0.0373727 0.0136908 9.9964E-05
0.631406 9.99551E-05 0.0973164 9.99551E-05 0.249087 9.99551E-05 0.0216906 9.99551E-05 9.99551E-05
0.0910129 9.99371E-05 9.99371E-05 9.99371E-05 0.908288 9.99371E-05 9.99371E-05 9.99371E-05 9.99371E-05
0.848197 9.99551E-05 0.00392968 9.99551E-05 0.142249 9.99551E-05 0.00512418 9.99551E-05 9.99551E-05
0.509429 9.99461E-05 0.0406986 9.99461E-05 0.449273 9.99461E-05 9.99461E-05 9.99461E-05 9.99461E-05
0.864094 0.0152971 0.0862736 9.9973E-05 9.9973E-05 9.9973E-05 0.0311289 0.00212865 0.000777596
9.99371E-05 9.99371E-05 9.99371E-05 9.99371E-05 0.977885 9.99371E-05 0.0214152 9.99371E-05 9.99371E-05
9.99461E-05 0.0149185 0.0506085 9.99461E-05 0.933873 9.99461E-05 9.99461E-05 9.99461E-05 9.99461E-05
9.99371E-05 0.00950691 9.99371E-05 9.99371E-05 0.989794 9.99371E-05 9.99371E-05 9.99371E-05 9.99371E-05
0.244469 0.011735 0.651626 0.0184738 9.9982E-05 0.0394983 9.9982E-05 0.00652232 0.0274756
9.993E-05 9.993E-05 9.993E-05 9.993E-05 0.999201 9.993E-05 9.993E-05 9.993E-05 9.993E-05
0.129519 0.0341678 0.282274 0.0183271 0.52415 0.0112614 9.9973E-05 9.9973E-05 9.9973E-05
9.99461E-05 9.99461E-05 0.017328 9.99461E-05 0.973088 9.99461E-05 9.99461E-05 9.99461E-05 0.00898472
9.993E-05 9.993E-05 0.999201 9.993E-05 9.993E-05 9.993E-05 9.993E-05 9.993E-05 9.993E-05
0.0197729 9.99461E-05 0.94528 9.99461E-05 9.99461E-05 9.99461E-05 0.0343477 9.99461E-05 9.99461E-05
9.993E-05 9.993E-05 0.999201 9.993E-05 9.993E-05 9.993E-05 9.993E-05 9.993E-05 9.993E-05
9.99372E-05 9.99372E-05 0.966547 9.99372E-05 9.99372E-05 9.99372E-05 0.0327538 9.99372E-05 9.99372E-05
9.99461E-05 9.99461E-05 0.952824 0.00564692 9.99461E-05 9.99461E-05 0.0409291 9.99461E-05 9.99461E-05
0.0517203 9.9973E-05 0.849224 0.0158681 9.9973E-05 0.0653202 0.00638512 0.0111827 9.9973E-05
9.99551E-05 9.99551E-05 0.901297 9.99551E-05 0.0847072 9.99551E-05 0.0127729 9.99551E-05 0.000723108
9.99461E-05 9.99461E-05 0.94712 9.99461E-05 9.99461E-05 9.99461E-05 0.0173622 9.99461E-05 0.0349178
9.993E-05 9.993E-05 0.999201 9.993E-05 9.993E-05 9.993E-05 9.993E-05 9.993E-05 9.993E-05
9.99461E-05 0.00100206 0.908368 9.99461E-05 9.99461E-05 9.99461E-05 0.0900305 9.99461E-05 9.99461E-05
9.993E-05 9.993E-05 9.993E-05 9.993E-05 9.993E-05 9.993E-05 0.999201 9.993E-05 9.993E-05
9.99371E-05 9.99371E-05 9.99371E-05 9.99371E-05 9.99371E-05 0.0566217 0.942679 9.99371E-05 9.99371E-05
9.993E-05 9.993E-05 9.993E-05 9.993E-05 9.993E-05 9.993E-05 0.999201 9.993E-05 9.993E-05
