9.9982E-05 0.765582 0.109161 0.0378658 9.9982E-05 0.0871908
9.99641E-05 0.97954 0.0200602 9.99641E-05 9.99641E-05 9.99641E-05
9.996E-05 0.9995 9.996E-05 9.996E-05 9.996E-05 9.996E-05
0.036523 0.565165 0.0773503 0.0154676 0.147924 0.15757
0.0564441 0.632871 0.00211472 0.0419234 9.9991E-05 0.266547
0.0289138 0.818336 0.0609969 9.9982E-05 0.0915532 9.9982E-05
9.996E-05 0.9995 9.996E-05 9.996E-05 9.996E-05 9.996E-05
9.996E-05 0.9995 9.996E-05 9.996E-05 9.996E-05 9.996E-05
9.996E-05 0.9995 9.996E-05 9.996E-05 9.996E-05 9.996E-05
0.0614796 0.739804 9.9991E-05 0.0282541 0.108449 0.0619135
9.9973E-05 0.564073 9.9973E-05 0.348453 9.9973E-05 0.0871746
9.9982E-05 0.520025 9.9982E-05 0.359111 0.0603265 0.0603371
9.9982E-05 0.451015 9.9982E-05 0.412836 0.10505 0.0308989
0.0188008 0.139921 9.9991E-05 0.597322 0.150962 0.092895
0.0443984 0.190836 0.034831 0.448415 0.083138 0.198382
0.0189706 0.169081 0.000303991 0.320127 0.11613 0.375387
9.9982E-05 0.232382 9.9982E-05 0.408829 0.227702 0.130886
9.9973E-05 0.143185 9.9973E-05 0.50295 0.353565 9.9973E-05
0.0112766 0.198668 9.9991E-05 0.522696 0.22472 0.0425381
9.996E-05 9.996E-05 9.996E-05 0.9995 9.996E-05 9.996E-05
9.996E-05 9.996E-05 9.996E-05 0.9995 9.996E-05 9.996E-05
9.996E-05 9.996E-05 9.996E-05 0.9995 9.996E-05 9.996E-05
0.0459188 0.102473 9.9991E-05 0.591549 0.218124 0.0418347
9.9982E-05 9.9982E-05 0.024962 0.0384022 0.711956 0.22448
9.9982E-05 0.00830875 0.0827468 9.9982E-05 0.895576 0.0131687
9.9982E-05 9.9982E-05 0.0799996 0.0395704 0.879852 0.000377959
0.0186032 0.0117203 9.9991E-05 0.0144312 0.848443 0.106702
9.9982E-05 9.9982E-05 0.00248997 0.064454 0.769093 0.163763
9.996E-05 9.996E-05 9.996E-05 9.996E-05 0.9995 9.996E-05
9.996E-05 9.996E-05 9.996E-05 9.996E-05 0.9995 9.996E-05
9.99641E-05 9.99641E-05 9.99641E-05 9.99641E-05 0.997051 0.00254921
9.99641E-05 9.99641E-05 9.99641E-05 9.99641E-05 0.989477 0.0101229
0.00215415 9.99641E-05 9.99641E-05 9.99641E-05 0.997446 9.99641E-05
9.996E-05 9.996E-05 9.996E-05 9.996E-05 0.9995 9.996E-05
0.0555541 0.0526932 0.114579 0.043502 0.650307 0.0833655
0.0353998 0.0682271 9.9991E-05 0.0581966 0.316426 0.52165
0.0239268 0.0577676 9.9991E-05 0.00763285 0.75049 0.160083
9.9982E-05 9.9982E-05 0.107845 0.0475365 0.119911 0.724508
9.9982E-05 9.9982E-05 0.140015 0.0682659 0.128371 0.663149
9.99821E-05 0.0117458 9.99821E-05 0.0448546 0.048342 0.894858
9.9973E-05 9.9973E-05 9.9973E-05 0.0601308 0.110006 0.829563
0.0162025 9.9991E-05 0.00770902 0.0389525 0.132719 0.804317
9.99641E-05 9.99641E-05 9.99641E-05 9.99641E-05 0.0343726 0.965228
9.9973E-05 9.9973E-05 9.9973E-05 0.0523882 0.127556 0.819756
0.0205163 0.00589818 0.0559922 9.9991E-05 0.264677 0.652817
0.0116329 9.9982E-05 9.9982E-05 0.0160486 0.0281895 0.943929
0.000629796 0.0639735 9.9991E-05 0.0108478 0.295559 0.62889
0.000293478 9.9982E-05 9.9982E-05 0.049314 0.163409 0.786783
9.99641E-05 9.99641E-05 9.99641E-05 9.99641E-05 0.088003 0.911597
9.9973E-05 9.9973E-05 0.0440827 9.9973E-05 0.0486953 0.906922
0.0111684 0.0795021 0.134366 0.0454276 0.139301 0.590235
9.9973E-05 0.0202345 9.9973E-05 9.9973E-05 0.0190531 0.960413
9.9982E-05 9.9982E-05 0.119431 0.0338998 0.0538894 0.79258
0.0271206 0.0614121 0.141359 0.0132987 0.156471 0.600338
0.00642603 0.041159 0.0802428 0.0165232 0.080853 0.774796
0.0343274 0.033854 9.9982E-05 0.0107771 9.9982E-05 0.920842
0.018104 0.0467415 9.9991E-05 0.00843632 0.0269933 0.899625
0.0179055 9.9991E-05 0.00940303 0.00317163 0.0748627 0.894557
0.0192679 9.9991E-05 0.0523455 0.0472042 0.122002 0.75908
9.9991E-05 0.0471192 0.0649855 0.034732 0.0805 0.772563
0.016821 9.9982E-05 0.00671813 9.9982E-05 0.0130161 0.963245
9.99641E-05 9.99641E-05 9.99641E-05 9.99641E-05 0.101002 0.898598
9.99731E-05 9.99731E-05 0.0228997 9.99731E-05 0.0201627 0.956638
0.0369871 0.00837764 0.0775932 0.0141244 0.136182 0.726736
9.9973E-05 9.9973E-05 0.0359618 9.9973E-05 0.113896 0.849843
0.0541793 9.99731E-05 9.99731E-05 9.99731E-05 0.018415 0.927106
9.99731E-05 0.00180408 9.99731E-05 9.99731E-05 0.00727195 0.990624
0.0477432 9.99641E-05 9.99641E-05 9.99641E-05 9.99641E-05 0.951857
9.9982E-05 0.0220326 0.121256 9.9982E-05 0.0375585 0.818953
0.0766858 9.9973E-05 9.9973E-05 0.028734 9.9973E-05 0.89428
9.99641E-05 9.99641E-05 0.143565 9.99641E-05 9.99641E-05 0.856035
9.99641E-05 9.99641E-05 0.140206 9.99641E-05 9.99641E-05 0.859394
0.0193608 9.99731E-05 0.0571722 9.99731E-05 9.99731E-05 0.923167
9.9973E-05 9.9973E-05 0.112322 9.9973E-05 0.00922291 0.878156
0.00272882 9.9982E-05 0.106191 0.0289765 9.9982E-05 0.861904
0.014951 0.0163038 0.388743 9.9982E-05 9.9982E-05 0.579802
0.0293592 9.9982E-05 0.435651 0.0204977 9.9982E-05 0.514293
0.0439024 9.99731E-05 0.28392 9.99731E-05 9.99731E-05 0.671877
9.9991E-05 0.00967037 0.686847 0.0165282 0.0679039 0.218951
0.0257216 9.9973E-05 0.265929 9.9973E-05 9.9973E-05 0.708049
9.9991E-05 0.0156963 0.391053 0.00107968 0.0445057 0.547566
9.99641E-05 9.99641E-05 0.474329 9.99641E-05 9.99641E-05 0.525271
9.996E-05 9.996E-05 0.9995 9.996E-05 9.996E-05 9.996E-05
0.0351921 9.9973E-05 0.961926 0.00258208 9.9973E-05 9.9973E-05
9.996E-05 9.996E-05 0.9995 9.996E-05 9.996E-05 9.996E-05
0.0388396 9.99641E-05 0.960761 9.99641E-05 9.99641E-05 9.99641E-05
0.00469835 9.99641E-05 0.994902 9.99641E-05 9.99641E-05 9.99641E-05
0.0115603 0.00202561 0.906635 0.00292841 0.0767503 9.9991E-05
9.9973E-05 0.00213152 0.972425 9.9973E-05 0.0251437 9.9973E-05
0.0307536 9.9973E-05 0.961908 9.9973E-05 0.00703804 9.9973E-05
9.996E-05 9.996E-05 0.9995 9.996E-05 9.996E-05 9.996E-05
0.0397697 9.99641E-05 0.95983 9.99641E-05 9.99641E-05 9.99641E-05
0.9995 9.996E-05 9.996E-05 9.996E-05 9.996E-05 9.996E-05
0.943764 9.9973E-05 9.9973E-05 9.9973E-05 0.00527236 0.0506637
0.9995 9.996E-05 9.996E-05 9.996E-05 9.996E-05 9.996E-05
