0.115444 0.00983291 0.0326386 0.0182382 0.73106 9.9991E-05 0.0618645 0.0143372 0.0164845
9.99372E-05 9.99372E-05 9.99372E-05 9.99372E-05 0.961413 9.99372E-05 0.0378875 9.99372E-05 9.99372E-05
9.993E-05 9.993E-05 9.993E-05 9.993E-05 0.999201 9.993E-05 9.993E-05 9.993E-05 9.993E-05
9.9982E-05 0.129994 0.025044 0.0843867 0.581917 9.9982E-05 0.10548 0.0511296 0.0218488
0.173452 0.148946 0.0556555 9.9982E-05 0.54818 9.9982E-05 0.0149 0.00797674 0.0506902
9.9964E-05 9.9964E-05 9.9964E-05 0.0391449 0.788026 0.059351 0.0869669 9.9964E-05 0.0261113
9.993E-05 9.993E-05 9.993E-05 9.993E-05 0.999201 9.993E-05 9.993E-05 9.993E-05 9.993E-05
9.993E-05 9.993E-05 9.993E-05 9.993E-05 0.999201 9.993E-05 9.993E-05 9.993E-05 9.993E-05
9.993E-05 9.993E-05 9.993E-05 9.993E-05 0.999201 9.993E-05 9.993E-05 9.993E-05 9.993E-05
0.136868 9.9973E-05 0.030496 0.0246234 0.759878 9.9973E-05 9.9973E-05 0.0262771 0.0215576
9.99371E-05 9.99371E-05 9.99371E-05 9.99371E-05 0.162238 9.99371E-05 9.99371E-05 9.99371E-05 0.837062
9.99371E-05 9.99371E-05 9.99371E-05 9.99371E-05 0.137992 9.99371E-05 9.99371E-05 9.99371E-05 0.861309
9.99371E-05 9.99371E-05 9.99371E-05 9.99371E-05 0.0553506 9.99371E-05 9.99371E-05 9.99371E-05 0.94395
9.99461E-05 9.99461E-05 0.00813619 9.99461E-05 9.99461E-05 9.99461E-05 9.99461E-05 0.0666216 0.924643
0.192345 9.9955E-05 0.0120501 9.9955E-05 9.9955E-05 9.9955E-05 9.9955E-05 0.0277453 0.76736
0.133322 0.0390334 0.0180506 0.0637211 9.9991E-05 0.000256393 0.0494556 0.031468 0.664593
0.0211726 9.99461E-05 9.99461E-05 0.0257402 9.99461E-05 9.99461E-05 9.99461E-05 9.99461E-05 0.952487
9.99461E-05 9.99461E-05 9.99461E-05 0.140313 9.99461E-05 9.99461E-05 9.99461E-05 0.053895 0.805192
9.9955E-05 9.9955E-05 0.00366091 0.0768199 9.9955E-05 9.9955E-05 9.9955E-05 0.07456 0.844459
9.993E-05 9.993E-05 9.993E-05 9.993E-05 9.993E-05 9.993E-05 9.993E-05 0.999201 9.993E-05
9.993E-05 9.993E-05 9.993E-05 9.993E-05 9.993E-05 9.993E-05 9.993E-05 0.999201 9.993E-05
9.99371E-05 9.99371E-05 9.99371E-05 9.99371E-05 0.0131593 9.99371E-05 9.99371E-05 0.986141 9.99371E-05
9.9955E-05 9.9955E-05 0.0333634 0.0548095 9.9955E-05 9.9955E-05 9.9955E-05 0.13018 0.781147
0.299457 9.99641E-05 0.00477901 0.641796 9.99641E-05 9.99641E-05 0.0139922 9.99641E-05 0.0395751
0.139083 9.99641E-05 0.0279918 0.788579 0.0302105 9.99641E-05 9.99641E-05 0.0137364 9.99641E-05
9.9964E-05 0.0854896 9.9964E-05 0.867764 9.9964E-05 0.015085 9.9964E-05 0.00614362 0.0251176
0.098217 9.9973E-05 9.9973E-05 0.744659 0.0184515 0.06843 9.9973E-05 0.00347579 0.0664668
9.9964E-05 0.212246 9.9964E-05 0.681125 0.00528923 9.9964E-05 9.9964E-05 0.0364872 0.0644528
9.993E-05 9.993E-05 9.993E-05 0.999201 9.993E-05 9.993E-05 9.993E-05 9.993E-05 9.993E-05
9.993E-05 9.993E-05 9.993E-05 0.999201 9.993E-05 9.993E-05 9.993E-05 9.993E-05 9.993E-05
0.0924077 9.99371E-05 9.99371E-05 0.906893 9.99371E-05 9.99371E-05 9.99371E-05 9.99371E-05 9.99371E-05
9.99371E-05 0.0666978 9.99371E-05 0.932603 9.99371E-05 9.99371E-05 9.99371E-05 9.99371E-05 9.99371E-05
9.993E-05 9.993E-05 9.993E-05 0.999201 9.993E-05 9.993E-05 9.993E-05 9.993E-05 9.993E-05
9.99461E-05 0.0438226 9.99461E-05 0.928823 9.99461E-05 9.99461E-05 9.99461E-05 0.0267551 9.99461E-05
0.119166 0.0534032 0.0679011 0.509481 0.00958359 0.101202 0.0331043 9.9991E-05 0.106059
0.224149 0.0921933 0.0354406 0.320391 0.0355366 0.134716 0.0306165 9.9991E-05 0.126858
9.9973E-05 0.0446492 0.0361671 0.687324 0.0831407 0.103511 9.9973E-05 0.044908 9.9973E-05
0.959662 9.99371E-05 9.99371E-05 9.99371E-05 9.99371E-05 9.99371E-05 0.0396386 9.99371E-05 9.99371E-05
0.656026 0.0472627 9.9973E-05 0.131303 9.9973E-05 0.0343019 0.101143 9.9973E-05 0.0296627
0.975168 9.99372E-05 9.99372E-05 9.99372E-05 9.99372E-05 0.0241326 9.99372E-05 9.99372E-05 9.99372E-05
0.803704 0.135597 0.00233523 0.0431128 9.9973E-05 9.9973E-05 9.9973E-05 0.0125561 0.00239505
0.669003 0.232529 0.0205143 0.0687349 9.99641E-05 9.99641E-05 9.99641E-05 0.00881915 9.99641E-05
0.999201 9.993E-05 9.993E-05 9.993E-05 9.993E-05 9.993E-05 9.993E-05 9.993E-05 9.993E-05
0.999201 9.993E-05 9.993E-05 9.993E-05 9.993E-05 9.993E-05 9.993E-05 9.993E-05 9.993E-05
0.838013 9.9955E-05 9.9955E-05 0.0977749 9.9955E-05 0.0379417 0.0257709 9.9955E-05 9.9955E-05
0.999201 9.993E-05 9.993E-05 9.993E-05 9.993E-05 9.993E-05 9.993E-05 9.993E-05 9.993E-05
9.99641E-05 0.632804 9.99641E-05 0.171085 0.104701 9.99641E-05 0.0637542 9.99641E-05 0.0272552
0.607679 0.272981 0.00217716 0.0764048 9.99731E-05 9.99731E-05 9.99731E-05 0.0141315 0.0263268
9.99462E-05 0.929228 9.99462E-05 0.0332769 9.99462E-05 9.99462E-05 9.99462E-05 9.99462E-05 0.0368953
0.0892708 0.788892 9.99641E-05 0.0814515 9.99641E-05 0.0304896 9.99641E-05 0.00949577 9.99641E-05
0.346542 0.258219 0.0399028 0.100596 0.0580752 9.9991E-05 0.0950718 0.045476 0.0560171
0.457531 0.457109 9.99551E-05 0.0712892 9.99551E-05 9.99551E-05 0.0135712 9.99551E-05 9.99551E-05
0.397233 0.512403 9.9964E-05 9.9964E-05 9.9964E-05 0.0237438 0.0535068 0.0127133 9.9964E-05
0.407154 0.326776 0.0287727 0.0631572 0.0396926 9.9982E-05 0.0632159 9.9982E-05 0.0710321
0.181567 0.461456 9.99641E-05 9.99641E-05 9.99641E-05 0.209993 0.0848651 9.99641E-05 0.0617195
9.9964E-05 0.777372 0.0112595 9.9964E-05 9.9964E-05 0.105012 0.00400855 9.9964E-05 0.101948
0.843304 0.0933651 0.0625479 9.99551E-05 0.000282835 9.99551E-05 9.99551E-05 9.99551E-05 9.99551E-05
0.0508614 0.81218 9.99641E-05 0.0629736 9.99641E-05 0.0444672 9.99641E-05 0.029118 9.99641E-05
0.525613 0.300705 0.0164762 0.0361269 9.9982E-05 0.0300073 0.0428028 0.0480688 9.9982E-05
9.9982E-05 0.689413 9.9982E-05 0.0753694 0.0425227 0.0663042 0.0672232 0.0569854 0.00198188
9.99551E-05 0.85179 9.99551E-05 0.0228088 0.000595719 0.124306 9.99551E-05 9.99551E-05 9.99551E-05
0.0535211 0.823188 0.0012354 0.0899366 0.0169882 9.9982E-05 0.0094731 0.00545805 9.9982E-05
0.110497 0.888804 9.99372E-05 9.99372E-05 9.99372E-05 9.99372E-05 9.99372E-05 9.99372E-05 9.99372E-05
0.0787289 0.750723 0.0299243 0.0216922 0.0256469 9.9991E-05 0.0412284 0.0240814 0.0278746
0.134797 0.772095 9.9964E-05 0.0605812 9.9964E-05 9.9964E-05 0.0106893 0.0214373 9.9964E-05
9.99371E-05 0.938369 0.060931 9.99371E-05 9.99371E-05 9.99371E-05 9.99371E-05 9.99371E-05 9.99371E-05
9.993E-05 0.999201 9.993E-05 9.993E-05 9.993E-05 9.993E-05 9.993E-05 9.993E-05 9.993E-05
9.99551E-05 0.968669 0.0127481 9.99551E-05 9.99551E-05 0.00647951 9.99551E-05 0.011604 9.99551E-05
9.99641E-05 0.948281 0.0055286 9.99641E-05 0.000530933 0.00176295 0.0434965 9.99641E-05 9.99641E-05
9.99551E-05 0.904347 0.0419104 9.99551E-05 9.99551E-05 0.0192454 9.99551E-05 0.0339974 9.99551E-05
0.124434 0.687929 0.0137505 9.99641E-05 9.99641E-05 0.12348 0.0500062 9.99641E-05 9.99641E-05
9.99371E-05 0.670044 9.99371E-05 9.99371E-05 9.99371E-05 0.329256 9.99371E-05 9.99371E-05 9.99371E-05
0.0715061 0.868256 0.0567708 9.99551E-05 9.99551E-05 9.99551E-05 0.00296778 9.99551E-05 9.99551E-05
0.114247 0.542184 9.99641E-05 9.99641E-05 9.99641E-05 0.323139 9.99641E-05 0.0145738 0.00545688
0.362652 0.536376 0.049726 9.9964E-05 9.9964E-05 9.9964E-05 0.0211507 0.029696 9.9964E-05
9.993E-05 9.993E-05 9.993E-05 9.993E-05 9.993E-05 0.999201 9.993E-05 9.993E-05 9.993E-05
9.99371E-05 9.99371E-05 9.99371E-05 9.99371E-05 9.99371E-05 0.987001 9.99371E-05 0.0122994 9.99371E-05
0.00525276 9.99461E-05 9.99461E-05 9.99461E-05 9.99461E-05 0.988509 9.99461E-05 0.00563809 9.99461E-05
9.9982E-05 0.234978 9.9982E-05 0.0602496 0.00937749 0.0583213 0.592048 0.0172291 0.0275967
9.9955E-05 0.197998 0.0208113 9.9955E-05 9.9955E-05 0.763988 9.9955E-05 9.9955E-05 0.0167027
9.99551E-05 9.99551E-05 9.99551E-05 0.0679667 0.0053772 0.875081 0.0510754 9.99551E-05 9.99551E-05
9.993E-05 9.993E-05 9.993E-05 9.993E-05 9.993E-05 0.999201 9.993E-05 9.993E-05 9.993E-05
9.993E-05 9.993E-05 9.993E-05 9.993E-05 9.993E-05 9.993E-05 0.999201 9.993E-05 9.993E-05
0.0570735 9.99461E-05 0.0274755 9.99461E-05 9.99461E-05 9.99461E-05 0.914851 9.99461E-05 9.99461E-05
9.993E-05 9.993E-05 9.993E-05 9.993E-05 9.993E-05 9.993E-05 0.999201 9.993E-05 9.993E-05
9.99462E-05 9.99462E-05 0.0666007 9.99462E-05 9.99462E-05 0.037142 0.895658 9.99462E-05 9.99462E-05
9.99371E-05 9.99371E-05 0.034838 9.99371E-05 9.99371E-05 9.99371E-05 0.964462 9.99371E-05 9.99371E-05
0.0014697 0.102309 0.0317898 0.00323472 9.9982E-05 9.9982E-05 0.844623 0.0105278 0.00584622
9.99551E-05 0.0662778 0.0156498 9.99551E-05 9.99551E-05 0.0118635 0.905709 9.99551E-05 9.99551E-05
9.99371E-05 9.99371E-05 9.99371E-05 9.99371E-05 9.99371E-05 9.99371E-05 0.996941 9.99371E-05 0.00235933
9.993E-05 9.993E-05 9.993E-05 9.993E-05 9.993E-05 9.993E-05 0.999201 9.993E-05 9.993E-05
9.99371E-05 9.99371E-05 0.0175725 9.99371E-05 9.99371E-05 9.99371E-05 0.981728 9.99371E-05 9.99371E-05
9.993E-05 9.993E-05 0.999201 9.993E-05 9.993E-05 9.993E-05 9.993E-05 9.993E-05 9.993E-05
9.9955E-05 0.0284564 0.950143 0.00624804 9.9955E-05 0.0146526 9.9955E-05 9.9955E-05 9.9955E-05
9.993E-05 9.993E-05 0.999201 9.993E-05 9.993E-05 9.993E-05 9.993E-05 9.993E-05 9.993E-05
