9.9982E-05 0.137878 0.0724511 9.9982E-05 0.78947
9.9982E-05 9.9982E-05 0.0302464 0.0193753 0.950178
9.997E-05 9.997E-05 9.997E-05 9.997E-05 0.9996
0.036143 0.21426 0.0621541 0.112556 0.574887
9.999E-05 0.20558 0.0594712 0.0894694 0.645379
9.999E-05 0.0728994 0.00845149 0.0778637 0.840685
9.997E-05 9.997E-05 9.997E-05 9.997E-05 0.9996
9.9973E-05 9.9973E-05 0.00963475 9.9973E-05 0.990065
9.997E-05 9.997E-05 9.997E-05 9.997E-05 0.9996
0.0175019 0.153076 0.0446089 0.0218996 0.762914
9.9973E-05 9.9973E-05 0.771988 9.9973E-05 0.227712
9.9973E-05 9.9973E-05 0.792773 9.9973E-05 0.206927
9.9973E-05 9.9973E-05 0.90403 9.9973E-05 0.09567
0.0909137 9.9973E-05 0.908786 9.9973E-05 9.9973E-05
0.0499064 9.9982E-05 0.817292 0.132602 9.9982E-05
0.0333231 0.155994 0.70174 0.0897014 0.0192416
9.9982E-05 0.0329711 0.960154 0.00667442 9.9982E-05
0.0442075 9.9973E-05 0.955493 9.9973E-05 9.9973E-05
0.0917366 9.9973E-05 0.907963 9.9973E-05 9.9973E-05
0.9996 9.997E-05 9.997E-05 9.997E-05 9.997E-05
0.9996 9.997E-05 9.997E-05 9.997E-05 9.997E-05
0.98582 9.9982E-05 9.9982E-05 0.00672928 0.00725082
0.0986264 9.9982E-05 0.872214 0.0289601 9.9982E-05
9.9973E-05 0.742394 0.257306 9.9973E-05 9.9973E-05
0.0159134 0.698159 0.244348 9.9991E-05 0.0414791
9.9973E-05 0.690905 0.308795 9.9973E-05 9.9973E-05
9.9973E-05 0.663125 0.336575 9.9973E-05 9.9973E-05
0.0182157 0.730587 0.241823 9.9991E-05 0.00927443
9.9973E-05 0.608622 0.391078 9.9973E-05 9.9973E-05
9.99731E-05 0.635596 0.364104 9.99731E-05 9.99731E-05
9.99731E-05 0.770581 0.229119 9.99731E-05 9.99731E-05
9.99731E-05 0.788885 0.210815 9.99731E-05 9.99731E-05
9.99731E-05 0.658676 0.341024 9.99731E-05 9.99731E-05
9.99731E-05 0.743453 0.256247 9.99731E-05 9.99731E-05
9.9991E-05 0.617488 0.236407 0.0993843 0.046621
0.0256331 0.720931 0.133197 0.0236427 0.0965966
0.00444785 0.700506 0.187516 9.9991E-05 0.10743
0.00576521 0.878254 0.0737863 0.0393743 0.00282067
0.0461946 0.774712 0.069202 0.109792 9.9991E-05
0.0294958 0.892411 0.00948557 0.0453184 0.0232892
0.00743724 0.913022 0.0793408 9.9982E-05 9.9982E-05
0.0155842 0.836599 0.0555594 0.0659803 0.0262774
9.99731E-05 0.970504 0.0291956 9.99731E-05 9.99731E-05
0.0280345 0.884906 0.0838661 0.00309374 9.9991E-05
9.9991E-05 0.942379 0.0143199 0.00251647 0.0406847
0.003151 0.9581 0.0385487 9.9982E-05 9.9982E-05
0.0110142 0.774665 0.1101 0.0208217 0.0833999
0.0257398 0.899064 0.0749965 9.9982E-05 9.9982E-05
9.99731E-05 0.983224 9.99731E-05 9.99731E-05 0.0164762
0.0363013 0.897038 0.00631344 0.0602476 9.9991E-05
0.0268278 0.577119 0.0492254 0.253707 0.0931214
0.0236636 0.953347 9.9982E-05 9.9982E-05 0.0227894
0.0323545 0.878379 9.9991E-05 0.0774076 0.011759
9.9991E-05 0.750626 0.0716807 0.140043 0.0375504
0.00294818 0.798852 0.00534236 0.144785 0.0480725
9.9991E-05 0.788552 0.0251752 0.136899 0.049274
0.0106883 0.865629 0.0152437 0.0683785 0.0400601
0.0270603 0.93467 9.9982E-05 0.0380694 9.9982E-05
0.053497 0.833333 9.9982E-05 0.11297 9.9982E-05
0.0427839 0.778778 0.0328511 0.125307 0.0202799
9.99731E-05 0.963149 9.99731E-05 0.0365514 9.99731E-05
0.00484049 0.901205 9.9991E-05 0.0667611 0.0270935
9.9982E-05 0.935808 0.0146283 0.0493633 9.9982E-05
0.0100594 0.822882 9.9991E-05 0.11492 0.0520387
0.0304212 0.914977 9.9982E-05 0.0544016 9.9982E-05
9.9982E-05 0.887759 0.00845994 0.103581 9.9982E-05
9.9982E-05 0.949444 9.9982E-05 0.0424974 0.00785823
0.014933 0.876774 9.9982E-05 0.108093 9.9982E-05
0.00606778 0.827278 9.9991E-05 0.138292 0.028262
0.0231175 0.837835 9.9982E-05 0.138848 9.9982E-05
9.9973E-05 0.792176 9.9973E-05 0.207524 9.9973E-05
9.99731E-05 0.823258 9.99731E-05 0.176442 9.99731E-05
9.99731E-05 0.869009 9.99731E-05 0.130691 9.99731E-05
9.9973E-05 0.853576 9.9973E-05 0.146124 9.9973E-05
0.0407239 0.790619 9.9991E-05 0.149384 0.0191737
9.9982E-05 0.536889 9.9982E-05 0.452178 0.010733
0.0210737 0.55359 9.9982E-05 0.425136 9.9982E-05
0.00494979 0.641294 9.9982E-05 0.353556 9.9982E-05
0.00555525 0.381243 0.050996 0.562106 9.9991E-05
9.9973E-05 0.626158 9.9973E-05 0.373542 9.9973E-05
0.0106996 0.564342 0.0134529 0.411405 9.9991E-05
9.99731E-05 0.492847 9.99731E-05 0.506853 9.99731E-05
9.997E-05 9.997E-05 9.997E-05 0.9996 9.997E-05
9.9973E-05 0.0824259 9.9973E-05 0.917274 9.9973E-05
9.9973E-05 0.0276737 9.9973E-05 0.972026 9.9973E-05
9.997E-05 9.997E-05 9.997E-05 0.9996 9.997E-05
9.9973E-05 0.0138524 9.9973E-05 0.985848 9.9973E-05
0.00908634 0.209402 9.9982E-05 0.781312 9.9982E-05
9.9982E-05 0.102463 9.9982E-05 0.888833 0.00850429
9.9982E-05 0.0378974 0.00466778 0.957235 9.9982E-05
9.9973E-05 0.0406429 9.9973E-05 0.959057 9.9973E-05
9.9973E-05 0.0508412 9.9973E-05 0.948859 9.9973E-05
9.997E-05 9.997E-05 9.997E-05 0.9996 9.997E-05
9.9982E-05 9.9982E-05 0.0262311 0.948332 0.0252365
9.997E-05 9.997E-05 9.997E-05 0.9996 9.997E-05
