9.9991E-05 0.582686 0.107348 0.24841 0.0614563
0.0314698 0.827887 0.112693 0.00836956 0.0195809
9.9982E-05 0.868046 0.118369 9.9982E-05 0.0133851
9.9982E-05 0.896084 0.0967311 9.9982E-05 0.0069846
0.00339134 0.892261 0.0394814 9.9991E-05 0.0647663
0.00643144 0.993269 9.9973E-05 9.9973E-05 9.9973E-05
0.00123055 0.99847 9.9973E-05 9.9973E-05 9.9973E-05
9.997E-05 0.9996 9.997E-05 9.997E-05 9.997E-05
0.018075 0.830699 0.151026 9.9982E-05 9.9982E-05
9.9973E-05 0.985036 0.0146643 9.9973E-05 9.9973E-05
0.00235629 0.9 0.00994371 0.0334341 0.0542661
0.0140824 0.892567 0.0931505 9.9982E-05 9.9982E-05
0.00998342 0.871033 0.0995604 9.9991E-05 0.0193229
0.00382269 0.714355 0.111692 0.0966374 0.0734924
0.0280583 0.737858 0.16418 9.9991E-05 0.069804
0.00869451 0.699298 0.180188 0.0568926 0.0549264
0.0363212 0.844723 0.112489 0.00636698 9.9991E-05
9.9973E-05 0.92603 0.0736699 9.9973E-05 9.9973E-05
0.0321862 0.65881 0.147061 0.0605467 0.101396
0.0113492 0.913556 0.0748944 9.9982E-05 9.9982E-05
9.9982E-05 0.830466 0.100134 9.9982E-05 0.0691997
9.999E-05 0.923298 0.0572183 0.00506618 0.0143176
0.00449055 0.727895 0.12316 0.000603254 0.143851
0.0304879 0.856111 0.113201 9.9982E-05 9.9982E-05
9.9973E-05 0.845971 0.153729 9.9973E-05 9.9973E-05
0.00192057 0.881313 0.00461133 0.0137062 0.0984494
9.99731E-05 0.965437 0.0342629 9.99731E-05 9.99731E-05
0.035307 0.778794 0.16585 0.0199488 9.9991E-05
0.00620951 0.758011 0.164939 0.00718258 0.0636584
0.0242483 0.242219 0.00750737 9.9991E-05 0.725926
0.9996 9.997E-05 9.997E-05 9.997E-05 9.997E-05
0.0846121 0.204322 0.0607862 0.0558092 0.59447
0.00367355 0.39668 0.599447 9.9982E-05 9.9982E-05
0.00185746 0.330421 0.626508 0.0261413 0.0150714
0.0284557 0.3318 0.635947 0.00369727 9.9991E-05
9.9982E-05 0.374891 0.606611 9.9982E-05 0.0182971
0.00104941 0.324794 0.588505 0.0378914 0.0477603
9.9982E-05 0.390801 0.587534 0.021465 9.9982E-05
9.9982E-05 0.411548 0.51527 9.9982E-05 0.0729812
0.0023125 0.362217 0.63527 9.9982E-05 9.9982E-05
0.00531462 0.305054 0.626098 9.9991E-05 0.0634332
9.9982E-05 0.333035 0.658101 0.00866459 9.9982E-05
0.0084232 0.339582 0.587173 0.0647215 9.9991E-05
0.0118876 0.363398 0.599884 0.0210588 0.0037715
9.9982E-05 0.354491 0.599073 9.9982E-05 0.0462362
9.9982E-05 0.31743 0.622451 0.0599187 9.9982E-05
0.0412211 9.9991E-05 0.0581765 0.033624 0.866878
9.9973E-05 9.9973E-05 9.9973E-05 0.0136824 0.986018
0.0268277 0.143665 0.0448946 0.285312 0.499301
9.9982E-05 0.053522 9.9982E-05 0.183419 0.762859
0.0077583 9.9982E-05 9.9982E-05 0.155266 0.836776
0.0321023 0.00322312 9.9991E-05 0.182705 0.781869
9.9982E-05 0.328137 0.636856 0.0348067 9.9982E-05
9.9982E-05 0.357487 0.62955 0.0127632 9.9982E-05
0.0173711 0.29441 0.618972 0.0691465 9.9991E-05
0.0245189 0.377576 0.597705 9.9982E-05 9.9982E-05
0.00806542 0.270669 0.719827 0.0013385 9.9991E-05
0.00738059 0.299045 0.693375 9.9982E-05 9.9982E-05
9.9991E-05 0.324417 0.654364 0.00557846 0.0155404
0.0213402 0.318346 0.59292 9.9991E-05 0.0672933
0.00406543 0.345941 0.55662 9.9991E-05 0.0932727
9.9982E-05 0.406478 0.578638 9.9982E-05 0.0146833
0.0293433 0.340748 0.534221 0.0955879 9.9991E-05
0.0229657 0.285149 0.653041 0.0271129 0.0117314
0.00588121 0.300045 0.557144 0.0848837 0.0520461
9.9982E-05 0.347809 0.63167 0.0203218 9.9982E-05
0.0171837 0.339388 0.493823 0.0587904 0.0908155
9.9982E-05 0.36302 0.596587 9.9982E-05 0.0401931
0.00344566 0.207753 0.710448 9.9991E-05 0.0782536
0.0189956 0.254374 0.715746 0.00219864 0.00868488
9.9973E-05 0.430632 0.569068 9.9973E-05 9.9973E-05
9.9982E-05 0.369923 0.598563 0.0313142 9.9982E-05
9.9991E-05 0.162848 0.74488 0.0370532 0.055118
0.000431853 0.192332 0.76208 0.0271244 0.0180319
9.9973E-05 0.154475 0.845225 9.9973E-05 9.9973E-05
0.0140832 0.186295 0.666025 9.9991E-05 0.133497
0.00496831 0.0942876 0.0416409 0.131768 0.727336
0.00396113 9.9973E-05 9.9973E-05 9.9973E-05 0.995739
0.0204484 0.0309806 0.0840489 9.9991E-05 0.864422
0.0176146 9.9991E-05 0.00658597 0.158651 0.817048
0.02257 9.9991E-05 0.0769402 0.0826888 0.817701
0.00459719 0.099872 0.176785 0.288504 0.430242
9.9982E-05 9.9982E-05 0.00487477 0.00872039 0.986205
9.997E-05 9.997E-05 9.997E-05 9.997E-05 0.9996
0.000859919 9.9982E-05 9.9982E-05 0.0156885 0.983252
0.00710914 9.9982E-05 9.9982E-05 0.0126625 0.980028
0.0131157 9.9982E-05 9.9982E-05 0.0638902 0.922794
9.997E-05 9.997E-05 9.997E-05 9.997E-05 0.9996
0.00928904 9.9973E-05 9.9973E-05 9.9973E-05 0.990411
0.0143157 9.99731E-05 0.985384 9.99731E-05 9.99731E-05
9.9991E-05 0.134264 0.722869 0.133137 0.0096297
9.9991E-05 0.126727 0.734725 0.112577 0.0258713
9.9991E-05 0.127599 0.706812 0.0780226 0.0874662
0.0182702 0.0661469 0.807827 0.092209 0.0155466
9.9991E-05 0.159466 0.558215 0.136841 0.145377
9.997E-05 9.997E-05 0.9996 9.997E-05 9.997E-05
0.00985801 9.9982E-05 0.970371 9.9982E-05 0.0195708
0.00354774 0.0137911 0.962369 9.9991E-05 0.0201923
9.9973E-05 9.9973E-05 0.965631 9.9973E-05 0.0340689
0.0171905 0.117394 0.110349 9.9991E-05 0.754967
9.9982E-05 0.203227 0.176671 9.9982E-05 0.619902
0.00887487 0.132097 0.164898 0.106176 0.587955
9.9982E-05 0.171771 0.177543 9.9982E-05 0.650487
9.9982E-05 0.173058 0.109762 9.9982E-05 0.71698
0.00686408 9.9982E-05 9.9982E-05 0.646435 0.346501
0.0199941 0.14371 0.221047 0.0488978 0.566351
0.0418065 0.221614 0.165955 0.225666 0.344958
0.0101695 0.141838 0.173169 0.540313 0.134511
0.00609853 0.212924 0.202654 0.058541 0.519783
0.00457829 9.9973E-05 0.995122 9.9973E-05 9.9973E-05
0.00723765 9.9973E-05 0.992462 9.9973E-05 9.9973E-05
9.9982E-05 0.00138322 0.957498 0.040919 9.9982E-05
9.9973E-05 9.9973E-05 0.9761 0.0236005 9.9973E-05
9.9973E-05 9.9973E-05 0.990017 9.9973E-05 0.00968288
9.99731E-05 9.99731E-05 0.998267 0.0014334 9.99731E-05
0.0121228 9.9973E-05 0.987577 9.9973E-05 9.9973E-05
9.9973E-05 9.9973E-05 0.989999 9.9973E-05 0.00970127
0.0136842 0.0782902 0.665434 0.173508 0.0690837
0.0148249 9.9982E-05 0.982277 9.9982E-05 0.0026979
9.9973E-05 9.9973E-05 0.989797 9.9973E-05 0.00990336
9.9973E-05 9.9973E-05 0.968268 0.0314319 9.9973E-05
0.0173798 0.123441 0.770319 0.0887608 9.9991E-05
9.9973E-05 9.9973E-05 0.946026 0.053674 9.9973E-05
0.0111201 9.9982E-05 0.948255 9.9982E-05 0.0404254
9.997E-05 9.997E-05 0.9996 9.997E-05 9.997E-05
9.997E-05 9.997E-05 0.9996 9.997E-05 9.997E-05
0.00923457 0.0368512 0.0464115 0.759271 0.148232
0.0350543 9.9982E-05 9.9982E-05 0.705352 0.259393
0.0247103 0.128459 0.142167 0.469204 0.235459
0.00964991 0.0739499 0.153522 0.525201 0.237677
0.00987084 0.042321 9.9991E-05 0.832541 0.115168
9.9991E-05 0.115807 0.202825 0.438896 0.242372
0.0451419 9.9973E-05 9.9973E-05 0.954558 9.9973E-05
9.9991E-05 0.084837 0.0883311 0.729986 0.0967464
9.9991E-05 0.12069 0.120372 0.620007 0.13883
0.0232277 0.016613 9.9982E-05 0.959959 9.9982E-05
0.0303545 0.122314 0.125357 0.629727 0.0922481
0.0107774 0.0836381 0.0279747 0.800206 0.0774042
0.0182475 9.9982E-05 0.0267258 0.954827 9.9982E-05
9.9982E-05 0.112488 9.9982E-05 0.665303 0.22201
0.0110108 0.0383039 0.0156272 0.807779 0.127279
0.00910074 0.162869 0.148724 0.588245 0.0910606
0.0126754 0.0273245 0.0179772 0.784746 0.157276
9.9991E-05 0.0414712 0.0192487 0.76161 0.17757
0.00711899 9.9982E-05 9.9982E-05 0.779507 0.213174
0.00477073 0.0232752 0.105613 0.802653 0.0636875
0.0297838 0.0223575 0.0306116 0.846135 0.0711124
0.00522124 0.0116162 9.9991E-05 0.951408 0.031655
0.00549303 0.0101328 9.9991E-05 0.965943 0.0183309
0.010297 0.0103617 9.9991E-05 0.904271 0.0749698
9.9982E-05 9.9982E-05 0.0415042 0.815836 0.14246
0.00280557 0.212684 0.130654 0.458914 0.194944
0.0156794 0.053472 9.9982E-05 0.930649 9.9982E-05
0.00584429 9.9982E-05 0.0443197 0.949636 9.9982E-05
0.0238171 9.9982E-05 9.9982E-05 0.758964 0.217019
0.0498495 9.9991E-05 0.00827382 0.89474 0.0470368
0.0281204 0.0741801 0.0391991 0.751525 0.106975
0.000647485 0.025224 0.0168103 0.809353 0.147965
0.9996 9.997E-05 9.997E-05 9.997E-05 9.997E-05
0.00981998 9.9982E-05 9.9982E-05 0.917369 0.0726109
0.00842607 9.99731E-05 9.99731E-05 0.991274 9.99731E-05
0.00170266 9.9982E-05 9.9982E-05 0.963388 0.0347097
0.021169 0.0446157 9.9991E-05 0.81415 0.119966
0.0290396 9.9991E-05 0.00552948 0.919501 0.0458296
0.034054 0.000891463 9.9991E-05 0.89745 0.0675042
0.036409 9.99731E-05 9.99731E-05 0.963291 9.99731E-05
0.0277172 0.0948147 9.9991E-05 0.841235 0.0361329
0.00860406 0.11474 9.9991E-05 0.803254 0.0733013
0.00646908 0.10966 0.16736 0.5768 0.139711
0.036434 0.0632849 0.172029 0.460235 0.268018
0.00920361 0.206758 0.108976 0.496684 0.178379
9.9991E-05 0.0836102 0.027035 0.823575 0.0656799
0.0168988 0.0788688 0.0751001 0.759354 0.0697779
0.0173658 0.0483848 0.019998 0.795838 0.118414
0.00253697 0.16825 0.114025 0.67265 0.0425378
9.9991E-05 0.121189 0.0830568 0.717185 0.0784685
0.0213197 0.110264 0.0603807 0.775581 0.0324547
0.0147694 0.105259 0.0517685 0.828103 9.9991E-05
0.0186159 0.0279673 0.132038 0.765363 0.0560155
0.00813925 9.9982E-05 9.9982E-05 0.963077 0.0285841
0.0192727 0.116129 0.124306 0.740192 9.9991E-05
0.00740188 9.9991E-05 0.0294793 0.913238 0.049781
0.0282591 0.187545 0.0614493 0.708509 0.0142371
0.0130023 0.000639846 0.0682588 0.846448 0.0716507
9.9982E-05 0.0600175 0.0857525 0.85403 9.9982E-05
0.0473142 9.99731E-05 9.99731E-05 0.952386 9.99731E-05
0.0213933 9.9982E-05 0.0470615 0.931345 9.9982E-05
0.0243246 9.99731E-05 9.99731E-05 0.975375 9.99731E-05
0.00874685 9.9982E-05 9.9982E-05 0.923405 0.0676484
9.9982E-05 0.0295067 0.000971762 0.969322 9.9982E-05
9.9991E-05 0.0201811 0.0115169 0.928173 0.0400288
0.0405268 9.9973E-05 9.9973E-05 0.959173 9.9973E-05
9.99731E-05 9.99731E-05 9.99731E-05 0.987225 0.0124747
0.0264038 0.210703 0.12988 0.48855 0.144463
0.0311692 9.9982E-05 9.9982E-05 0.911786 0.0568449
0.0140631 9.9991E-05 0.0164845 0.945981 0.023371
9.9973E-05 9.9973E-05 9.9973E-05 0.917792 0.0819084
0.0189181 0.0276213 9.9982E-05 0.953261 9.9982E-05
0.0435943 0.0155894 0.00538514 0.935331 9.9991E-05
9.9991E-05 0.0385167 0.00688355 0.915453 0.039047
0.0127258 9.9982E-05 0.0637653 0.923309 9.9982E-05
9.997E-05 9.997E-05 9.997E-05 0.9996 9.997E-05
0.00765413 9.99731E-05 9.99731E-05 0.992046 9.99731E-05
9.997E-05 9.997E-05 9.997E-05 0.9996 9.997E-05
0.0148835 9.9991E-05 0.0309884 0.878161 0.0758672
9.9982E-05 0.0300242 0.0556411 0.914135 9.9982E-05
0.0389851 0.0036001 9.9982E-05 0.957215 9.9982E-05
0.00769911 9.9982E-05 9.9982E-05 0.989706 0.00239453
9.9991E-05 0.105819 0.101948 0.754273 0.0378604
0.0005929 0.0203516 9.9982E-05 0.978856 9.9982E-05
