0.053867 9.9973E-05 9.9973E-05 9.9973E-05 0.767367 0.178466
0.023566 9.99641E-05 9.99641E-05 9.99641E-05 0.976034 9.99641E-05
9.996E-05 9.996E-05 9.996E-05 9.996E-05 0.9995 9.996E-05
0.121285 0.0544993 0.0125629 9.9991E-05 0.591067 0.220485
0.0969545 9.9982E-05 0.0369372 9.9982E-05 0.639302 0.226606
0.0418739 0.0322082 9.9991E-05 0.0772432 0.833953 0.0146214
9.996E-05 9.996E-05 9.996E-05 9.996E-05 0.9995 9.996E-05
9.996E-05 9.996E-05 9.996E-05 9.996E-05 0.9995 9.996E-05
9.996E-05 9.996E-05 9.996E-05 9.996E-05 0.9995 9.996E-05
0.0349397 0.0367036 0.0534392 0.0321808 0.790718 0.0520189
9.9973E-05 9.9973E-05 0.382075 9.9973E-05 0.536662 0.0809635
9.9982E-05 0.041198 0.392993 0.0565935 0.509015 9.9982E-05
9.9991E-05 0.0911259 0.423578 0.000584844 0.426652 0.0579587
0.0111765 0.228867 0.624734 9.9991E-05 0.118313 0.0168096
0.00432323 0.0113388 0.509943 9.9991E-05 0.193692 0.280603
0.0719805 0.11005 0.399789 0.0205336 0.167617 0.23003
9.9982E-05 0.180955 0.459388 9.9982E-05 0.203693 0.155764
9.9973E-05 0.323408 0.555594 9.9973E-05 0.120698 9.9973E-05
9.9982E-05 0.186026 0.522922 9.9982E-05 0.183752 0.1071
9.996E-05 9.996E-05 0.9995 9.996E-05 9.996E-05 9.996E-05
9.996E-05 9.996E-05 0.9995 9.996E-05 9.996E-05 9.996E-05
9.996E-05 9.996E-05 0.9995 9.996E-05 9.996E-05 9.996E-05
9.9982E-05 0.177222 0.617442 9.9982E-05 0.0873082 0.117828
0.019858 0.636489 0.0342605 0.0513529 9.9991E-05 0.25794
0.00855591 0.721757 9.9973E-05 9.9973E-05 9.9973E-05 0.269387
0.0150419 0.847821 0.0200056 0.116932 9.9982E-05 9.9982E-05
9.9982E-05 0.674597 0.0306279 9.9982E-05 0.0142321 0.280343
9.999E-05 0.763707 0.0623451 0.135975 0.00660529 0.0312682
9.996E-05 0.9995 9.996E-05 9.996E-05 9.996E-05 9.996E-05
9.996E-05 0.9995 9.996E-05 9.996E-05 9.996E-05 9.996E-05
0.000435024 0.969299 9.9982E-05 0.0264789 9.9982E-05 0.00358705
9.99641E-05 0.949291 9.99641E-05 0.0503093 9.99641E-05 9.99641E-05
9.996E-05 0.9995 9.996E-05 9.996E-05 9.996E-05 9.996E-05
9.99641E-05 0.939971 9.99641E-05 9.99641E-05 9.99641E-05 0.0596291
0.0796585 0.467306 0.00769277 0.0194048 0.0854506 0.340487
0.0416638 0.234784 0.0143504 9.9991E-05 0.0946422 0.61446
0.0417577 0.613114 0.0123442 0.0607541 0.0992596 0.172771
9.9982E-05 9.9982E-05 0.00384666 0.241273 0.0215625 0.733118
0.0469374 0.0134888 9.9973E-05 9.9973E-05 9.9973E-05 0.939274
9.996E-05 9.996E-05 9.996E-05 9.996E-05 9.996E-05 0.9995
9.9982E-05 0.0752967 0.0224155 0.286317 9.9982E-05 0.615771
9.99731E-05 0.0605409 9.99731E-05 0.159766 9.99731E-05 0.779393
9.996E-05 9.996E-05 9.996E-05 9.996E-05 9.996E-05 0.9995
9.996E-05 9.996E-05 9.996E-05 9.996E-05 9.996E-05 0.9995
0.0346461 0.141763 9.9973E-05 9.9973E-05 9.9973E-05 0.823291
9.996E-05 9.996E-05 9.996E-05 9.996E-05 9.996E-05 0.9995
9.9991E-05 0.168597 0.000711887 0.124941 0.073926 0.631724
9.99731E-05 0.0351453 0.00225181 9.99731E-05 9.99731E-05 0.962303
9.99731E-05 0.147818 0.0451888 0.806693 9.99731E-05 9.99731E-05
9.9982E-05 0.111052 0.00605282 0.634828 9.9982E-05 0.247867
0.133431 0.163306 0.0545119 0.122432 0.0545834 0.471736
9.996E-05 9.996E-05 9.996E-05 9.996E-05 9.996E-05 0.9995
0.000176843 0.040507 0.0214505 0.541079 9.9991E-05 0.396686
0.114106 0.107724 0.02883 0.203171 0.0628829 0.483286
0.0247254 0.0648561 0.0275121 0.776897 0.0350817 0.0709274
0.0629892 9.9991E-05 0.00483194 0.209137 0.0212177 0.701724
0.0197796 9.9982E-05 9.9982E-05 0.162961 0.0254646 0.791595
9.99641E-05 9.99641E-05 9.99641E-05 0.260127 9.99641E-05 0.739473
0.109949 0.0234852 9.9973E-05 9.9973E-05 9.9973E-05 0.866266
0.0259714 0.00657217 0.0329674 0.436378 0.0591247 0.438986
9.9973E-05 0.0233184 9.9973E-05 0.964822 0.0115599 9.9973E-05
9.9973E-05 0.0507035 9.9973E-05 0.232638 9.9973E-05 0.716358
9.99641E-05 9.99641E-05 9.99641E-05 0.483787 9.99641E-05 0.515814
0.085964 0.00372219 9.9991E-05 0.0573353 0.0235207 0.829358
9.9982E-05 0.0435587 0.0259091 0.488213 9.9982E-05 0.442119
9.99731E-05 0.0836711 9.99731E-05 0.909324 0.0067052 9.99731E-05
9.9982E-05 0.0417997 9.9982E-05 0.725562 0.0120077 0.220431
9.9982E-05 0.000441237 0.010133 0.737798 9.9982E-05 0.251428
9.9973E-05 0.10921 9.9973E-05 0.876191 0.0142989 9.9973E-05
0.0129647 9.9982E-05 0.00640821 0.325169 9.9982E-05 0.655258
0.0488788 9.9973E-05 9.9973E-05 0.812459 9.9973E-05 0.138362
9.996E-05 9.996E-05 9.996E-05 0.9995 9.996E-05 9.996E-05
9.996E-05 9.996E-05 9.996E-05 0.9995 9.996E-05 9.996E-05
0.0458259 9.9973E-05 9.9973E-05 0.424414 9.9973E-05 0.52946
0.0583992 9.9982E-05 0.0389849 0.368814 9.9982E-05 0.533602
0.212441 9.99641E-05 9.99641E-05 0.78716 9.99641E-05 9.99641E-05
0.211162 9.9973E-05 0.0178861 0.770652 9.9973E-05 9.9973E-05
0.182851 9.9973E-05 9.9973E-05 0.656683 9.9973E-05 0.160166
0.483596 0.0815349 0.0365239 0.389575 0.00866959 9.9991E-05
0.0912986 9.9964E-05 9.9964E-05 0.908302 9.9964E-05 9.9964E-05
0.201938 9.9973E-05 9.9973E-05 0.754921 0.0428406 9.9973E-05
0.17213 9.99641E-05 9.99641E-05 0.82747 9.99641E-05 9.99641E-05
0.932293 0.00910176 9.99731E-05 0.0583055 9.99731E-05 9.99731E-05
0.844865 9.99641E-05 9.99641E-05 9.99641E-05 9.99641E-05 0.154735
0.951266 9.99641E-05 9.99641E-05 9.99641E-05 9.99641E-05 0.0483342
0.936783 9.99641E-05 9.99641E-05 9.99641E-05 9.99641E-05 0.0628173
0.893762 9.9964E-05 9.9964E-05 0.105838 9.9964E-05 9.9964E-05
0.749234 0.0329104 0.00397875 0.213677 9.9982E-05 9.9982E-05
0.79024 0.0118107 9.9973E-05 0.197649 9.9973E-05 9.9973E-05
0.924264 0.022443 9.9973E-05 0.0529927 9.9973E-05 9.9973E-05
0.851225 9.99641E-05 9.99641E-05 0.148375 9.99641E-05 9.99641E-05
0.929698 9.99641E-05 9.99641E-05 0.0699018 9.99641E-05 9.99641E-05
0.9995 9.996E-05 9.996E-05 9.996E-05 9.996E-05 9.996E-05
0.964048 9.9964E-05 9.9964E-05 9.9964E-05 0.0355516 9.9964E-05
0.9995 9.996E-05 9.996E-05 9.996E-05 9.996E-05 9.996E-05
