0.156624 0.7921 0.0512762
0.040781 0.959119 9.9991E-05
9.999E-05 0.9998 9.999E-05
0.258553 0.627046 0.114401
0.224544 0.696187 0.0792688
0.173144 0.826756 9.9991E-05
9.999E-05 0.9998 9.999E-05
9.999E-05 0.9998 9.999E-05
9.999E-05 0.9998 9.999E-05
0.130026 0.841595 0.0283786
9.9991E-05 0.873096 0.126804
9.9991E-05 0.808513 0.191387
9.9991E-05 0.791264 0.208636
9.9991E-05 0.575913 0.423987
0.0464312 0.519078 0.43449
0.0669303 0.461172 0.471898
9.9991E-05 0.522201 0.477699
9.9991E-05 0.52851 0.47139
9.9991E-05 0.574114 0.425786
9.9991E-05 0.645754 0.354146
9.9991E-05 0.652119 0.347781
9.9991E-05 0.676538 0.323363
9.9991E-05 0.531474 0.468426
0.0323452 0.0659438 0.901711
9.9991E-05 0.0720417 0.927858
9.9991E-05 0.0403787 0.959521
9.9991E-05 0.0576013 0.942299
9.9991E-05 0.102561 0.897339
9.9991E-05 0.0108328 0.989067
9.9991E-05 0.00660568 0.993294
9.9991E-05 0.00236979 0.99753
9.999E-05 9.999E-05 0.9998
0.00689042 0.0703778 0.922732
9.9991E-05 0.032437 0.967463
0.145421 0.103573 0.751006
0.160729 0.120475 0.718796
0.0449445 0.138629 0.816426
0.229911 9.9991E-05 0.769989
0.232842 0.0233458 0.743812
0.223567 9.9991E-05 0.776333
0.167333 9.9991E-05 0.832567
0.223341 0.00415518 0.772504
0.1796 9.9991E-05 0.8203
0.154573 0.00999099 0.835436
0.186087 9.9991E-05 0.813813
0.209514 9.9991E-05 0.790386
0.156456 0.0815917 0.761952
0.17657 9.9991E-05 0.82333
0.174796 9.9991E-05 0.825104
0.246585 9.9991E-05 0.753315
0.29248 0.110587 0.596933
0.210827 0.00439507 0.784778
0.270752 9.9991E-05 0.729148
0.359105 0.0728837 0.568011
0.328773 0.0122453 0.658982
0.34928 0.0320973 0.618622
0.266935 0.0270675 0.705997
0.243536 9.9991E-05 0.756364
0.273188 0.00436386 0.722448
0.321759 0.0426103 0.635631
0.264845 9.9991E-05 0.735055
0.237519 9.9991E-05 0.762381
0.25763 9.9991E-05 0.74227
0.321863 0.0154848 0.662652
0.219597 9.9991E-05 0.780303
0.291166 9.9991E-05 0.708734
0.304116 9.9991E-05 0.695784
0.315788 9.9991E-05 0.684112
0.344606 9.9991E-05 0.655294
0.335541 9.9991E-05 0.664359
0.448086 9.9991E-05 0.551814
0.383037 9.9991E-05 0.616863
0.405535 9.9991E-05 0.594365
0.35211 9.9991E-05 0.64779
0.310602 0.00971609 0.679682
0.625576 9.9991E-05 0.374324
0.618179 9.9991E-05 0.381721
0.559972 9.9991E-05 0.439928
0.690723 0.0228658 0.286411
0.568443 9.9991E-05 0.431457
0.546361 9.9991E-05 0.453539
0.655796 9.9991E-05 0.344104
0.9998 9.999E-05 9.999E-05
0.987507 9.9991E-05 0.0123933
0.991784 9.9991E-05 0.00811556
0.9998 9.999E-05 9.999E-05
0.9998 9.999E-05 9.999E-05
0.851095 9.9991E-05 0.148805
0.944209 9.9991E-05 0.0556913
0.9998 9.999E-05 9.999E-05
0.992074 9.9991E-05 0.00782642
0.981328 9.9991E-05 0.0185723
0.9998 9.999E-05 9.999E-05
0.9444 0.0555001 9.9991E-05
0.988313 0.011587 9.9991E-05
