0.714441 0.00395191 0.0228722 0.179325 0.00368966 0.0757204
0.0299537 0.0348603 0.0324187 0.0431008 0.217249 0.642417
0.0410246 9.9991E-05 0.0305928 0.116483 0.0986121 0.713187
0.033373 0.0733486 0.034762 0.14202 0.160543 0.555953
0.057193 0.0215421 9.9991E-05 0.054233 0.181301 0.685631
0.0418263 0.102061 0.47546 9.99821E-05 9.99821E-05 0.380452
0.0852873 0.870708 0.0437051 9.9973E-05 9.9973E-05 9.9973E-05
0.0579684 0.835807 0.0751099 9.9982E-05 9.9982E-05 0.0309149
0.0358121 0.829273 0.103566 0.00927898 0.0219703 9.9991E-05
0.0357415 0.00717731 0.625805 9.9982E-05 9.9982E-05 0.331076
9.996E-05 9.996E-05 0.9995 9.996E-05 9.996E-05 9.996E-05
9.996E-05 9.996E-05 0.9995 9.996E-05 9.996E-05 9.996E-05
9.99731E-05 0.044567 0.455444 9.99731E-05 9.99731E-05 0.499689
9.996E-05 9.996E-05 0.9995 9.996E-05 9.996E-05 9.996E-05
9.99731E-05 0.0381876 0.899706 9.99731E-05 9.99731E-05 0.061806
0.0357171 0.0390658 0.370602 9.9982E-05 9.9982E-05 0.554415
0.119249 0.0572387 0.235579 9.9982E-05 9.9982E-05 0.587733
0.0964275 0.351558 0.210241 0.157533 9.9991E-05 0.18414
0.135875 0.0583196 0.260274 9.9982E-05 9.9982E-05 0.545332
0.104588 0.0796191 0.249539 9.9982E-05 9.9982E-05 0.566053
0.188644 0.121332 0.172788 0.0792909 0.0970311 0.340914
9.9973E-05 0.0540755 0.265461 9.9973E-05 9.9973E-05 0.680164
0.1236 0.100591 0.231926 9.9982E-05 9.9982E-05 0.543683
0.0978873 0.0609673 0.281439 9.9982E-05 9.9982E-05 0.559507
9.9973E-05 9.9973E-05 0.9655 9.9973E-05 0.0210275 0.0131722
0.186287 0.094753 0.211201 0.0589156 9.9991E-05 0.448743
0.0222804 9.9982E-05 0.944323 0.0318958 9.9982E-05 0.0013009
0.0329771 9.9982E-05 0.882506 0.036958 9.9982E-05 0.0473594
9.996E-05 9.996E-05 0.9995 9.996E-05 9.996E-05 9.996E-05
0.11132 0.0832483 0.287182 9.9982E-05 9.9982E-05 0.518049
0.140549 0.0512549 0.251911 9.9982E-05 9.9982E-05 0.556085
9.99641E-05 9.99641E-05 0.951359 9.99641E-05 0.0482413 9.99641E-05
0.141351 0.0426431 0.262095 9.9982E-05 9.9982E-05 0.553711
9.99641E-05 9.99641E-05 0.975181 9.99641E-05 9.99641E-05 0.0244195
0.0793733 0.0223495 0.592191 0.140492 0.116554 0.04904
0.10729 0.0581421 0.523679 0.118259 0.143175 0.0494552
0.0853175 0.0636529 0.672231 0.125964 0.00642626 0.0464084
0.0416949 0.00742056 0.819836 0.00235767 0.128591 9.9991E-05
0.0755537 0.00924972 0.737732 0.0856514 0.0708005 0.0210131
0.0227388 0.00404836 0.885518 0.0418007 0.0457944 9.9991E-05
0.00300752 9.99731E-05 0.977497 0.0191957 9.99731E-05 9.99731E-05
0.036138 0.0348449 0.72439 0.0670689 0.0798031 0.0577553
0.103281 0.0414782 0.595352 0.109432 0.115472 0.0349848
9.99641E-05 9.99641E-05 0.989675 0.00992553 9.99641E-05 9.99641E-05
0.0780221 0.0296748 0.645748 0.0920938 0.106987 0.0474737
9.996E-05 9.996E-05 0.9995 9.996E-05 9.996E-05 9.996E-05
9.9973E-05 9.9973E-05 0.906281 0.0217974 0.0716218 9.9973E-05
9.996E-05 0.9995 9.996E-05 9.996E-05 9.996E-05 9.996E-05
0.181376 0.104532 0.174218 9.9982E-05 9.9982E-05 0.539673
0.0222478 9.99641E-05 0.977352 9.99641E-05 9.99641E-05 9.99641E-05
0.142453 0.0767915 0.195892 9.9982E-05 9.9982E-05 0.584663
0.00280861 0.827903 0.0204025 0.0577704 0.0267148 0.064401
9.9991E-05 0.615029 0.0583751 0.129556 0.0896578 0.107282
9.99641E-05 0.95376 0.0458406 9.99641E-05 9.99641E-05 9.99641E-05
9.99641E-05 0.989909 9.99641E-05 9.99641E-05 0.00969096 9.99641E-05
9.9991E-05 0.0355784 0.727012 0.0694306 0.132135 0.0357438
0.687434 0.025948 0.0334488 0.0110972 0.0809731 0.161099
0.755295 0.0282274 0.000926764 0.0371289 0.0332976 0.145124
0.793857 0.0477412 0.00323391 9.9991E-05 0.0639603 0.0911073
0.910113 9.99641E-05 9.99641E-05 9.99641E-05 9.99641E-05 0.0894876
0.949703 9.99641E-05 9.99641E-05 9.99641E-05 9.99641E-05 0.0498969
0.43085 0.0593673 0.0649441 0.174751 0.0938284 0.176259
0.716258 0.0147213 0.0822494 9.9991E-05 0.0341406 0.15253
0.934918 0.0218043 9.99731E-05 9.99731E-05 9.99731E-05 0.0429779
0.841648 0.0351907 0.0153453 9.9982E-05 9.9982E-05 0.107616
0.848992 0.0560888 0.0158101 0.00698149 9.9991E-05 0.0720279
0.811346 0.0351924 0.0440883 0.00643451 9.9991E-05 0.102839
0.138821 0.0349486 0.134569 0.0453954 9.9991E-05 0.646166
9.9982E-05 0.00774672 0.0976436 0.120318 9.9982E-05 0.774091
9.99731E-05 0.0255765 0.0416168 9.99731E-05 9.99731E-05 0.932507
9.9982E-05 0.0358203 0.117788 0.0392144 9.9982E-05 0.806977
0.0481678 0.0595681 0.0877807 0.16573 0.0806345 0.558119
0.00961324 0.0342638 0.0778892 0.089082 0.0481253 0.741026
0.14604 0.0253704 0.0510027 0.0363059 0.173864 0.567417
0.125428 0.0637992 0.106083 0.249127 0.0274865 0.428076
9.99731E-05 0.0298769 0.0914438 9.99731E-05 9.99731E-05 0.878379
0.0251071 0.00883195 0.109657 0.00672539 9.9991E-05 0.849579
9.99731E-05 0.0353999 0.0699519 9.99731E-05 9.99731E-05 0.894348
0.168599 0.0832668 0.122386 9.9982E-05 9.9982E-05 0.625548
0.145861 0.03579 0.164968 9.9982E-05 9.9982E-05 0.653181
0.9995 9.996E-05 9.996E-05 9.996E-05 9.996E-05 9.996E-05
0.984381 9.99641E-05 9.99641E-05 9.99641E-05 9.99641E-05 0.0152188
0.987952 9.99641E-05 0.011648 9.99641E-05 9.99641E-05 9.99641E-05
0.962407 9.99731E-05 9.99731E-05 0.0136676 0.0236255 9.99731E-05
0.933142 0.0271274 9.9973E-05 9.9973E-05 9.9973E-05 0.0394308
0.958141 0.0156254 9.9973E-05 0.0259334 9.9973E-05 9.9973E-05
0.9995 9.996E-05 9.996E-05 9.996E-05 9.996E-05 9.996E-05
0.9995 9.996E-05 9.996E-05 9.996E-05 9.996E-05 9.996E-05
0.999342 9.99641E-05 0.000258215 9.99641E-05 9.99641E-05 9.99641E-05
0.9995 9.996E-05 9.996E-05 9.996E-05 9.996E-05 9.996E-05
0.9995 9.996E-05 9.996E-05 9.996E-05 9.996E-05 9.996E-05
0.9995 9.996E-05 9.996E-05 9.996E-05 9.996E-05 9.996E-05
0.9995 9.996E-05 9.996E-05 9.996E-05 9.996E-05 9.996E-05
0.9995 9.996E-05 9.996E-05 9.996E-05 9.996E-05 9.996E-05
9.996E-05 0.9995 9.996E-05 9.996E-05 9.996E-05 9.996E-05
9.996E-05 0.9995 9.996E-05 9.996E-05 9.996E-05 9.996E-05
9.996E-05 0.9995 9.996E-05 9.996E-05 9.996E-05 9.996E-05
9.996E-05 0.9995 9.996E-05 9.996E-05 9.996E-05 9.996E-05
9.996E-05 0.9995 9.996E-05 9.996E-05 9.996E-05 9.996E-05
0.0207121 9.9991E-05 0.019516 0.0588912 0.254164 0.646617
0.0182373 9.9982E-05 9.9982E-05 0.0367377 0.161933 0.782892
9.99731E-05 9.99731E-05 9.99731E-05 0.0433208 0.127314 0.829065
9.99752E-05 0.012109 9.99752E-05 9.99752E-05 0.164944 0.822647
9.99731E-05 9.99731E-05 9.99731E-05 0.0194069 0.143394 0.836899
0.0121737 9.99731E-05 9.99731E-05 9.99731E-05 0.178332 0.809194
0.0493983 9.9991E-05 0.00432734 0.0613315 0.0554876 0.829355
9.99641E-05 9.99641E-05 9.99641E-05 9.99641E-05 0.16336 0.83624
9.99641E-05 0.691518 9.99641E-05 0.308082 9.99641E-05 9.99641E-05
9.99641E-05 0.670147 9.99641E-05 0.329453 9.99641E-05 9.99641E-05
0.621518 9.9982E-05 0.0719428 0.21739 0.0889495 9.9982E-05
0.425017 9.9982E-05 0.116511 0.289056 0.169215 9.9982E-05
0.593851 9.9982E-05 0.0333075 0.207408 0.165233 9.9982E-05
9.99731E-05 9.99731E-05 9.99731E-05 0.010034 0.200463 0.789203
0.043148 9.99731E-05 9.99731E-05 9.99731E-05 0.220419 0.736133
0.0238168 9.99821E-05 9.99821E-05 0.00464041 0.245637 0.725706
9.9973E-05 9.9973E-05 9.9973E-05 0.0346388 0.189076 0.775985
9.99641E-05 9.99641E-05 9.99641E-05 9.99641E-05 0.190675 0.808925
9.9982E-05 0.0122201 9.9982E-05 0.0203149 0.307546 0.659719
9.9982E-05 0.0137174 9.9982E-05 0.0853929 0.184461 0.716229
9.99731E-05 9.99731E-05 9.99731E-05 0.0382379 0.14273 0.818732
9.9982E-05 9.9982E-05 0.000991196 0.0102311 0.279839 0.708739
0.00911632 9.9982E-05 9.9982E-05 0.0304207 0.279876 0.680387
9.9973E-05 9.9973E-05 9.9973E-05 0.082829 0.194289 0.722583
9.99731E-05 9.99731E-05 9.99731E-05 0.0378139 0.210572 0.751314
9.9991E-05 0.0104392 0.0287065 0.188756 0.165413 0.606585
0.0486579 0.0235309 9.9991E-05 0.13746 0.255386 0.534865
0.0709237 0.0220929 0.0156819 0.140118 0.122165 0.629018
0.0252667 0.0353065 9.9991E-05 0.0973726 0.209408 0.632547
9.9991E-05 0.00188305 0.00732894 0.162644 0.181826 0.646218
0.0027073 9.9982E-05 9.9982E-05 0.129735 0.210741 0.656617
9.9982E-05 0.032859 9.9982E-05 0.111737 0.25997 0.595234
9.9973E-05 9.9973E-05 9.9973E-05 0.0741648 0.0958039 0.829731
9.9973E-05 9.9973E-05 9.9973E-05 0.00981652 0.102215 0.887669
9.9982E-05 0.0125779 9.9982E-05 0.0106695 0.138057 0.838495
0.00869691 9.9982E-05 9.9982E-05 0.0328849 0.167715 0.790503
9.9973E-05 9.9973E-05 9.9973E-05 0.062683 0.20488 0.732137
9.99731E-05 9.99731E-05 9.99731E-05 0.0538675 0.126344 0.819489
9.99731E-05 9.99731E-05 9.99731E-05 0.0714085 0.285589 0.642703
0.0369739 9.9991E-05 0.0386673 0.198362 0.133534 0.592362
0.0726959 0.0196404 9.9991E-05 0.132399 0.124443 0.650722
0.0505586 0.0483581 0.0185845 0.1508 0.168532 0.563166
9.9982E-05 0.0564197 9.9982E-05 0.230301 0.087519 0.62556
0.0773065 9.9991E-05 0.0197433 0.19411 0.115989 0.592751
9.99731E-05 9.99731E-05 9.99731E-05 0.00407728 0.296888 0.698734
9.9973E-05 9.9973E-05 9.9973E-05 0.0376578 0.262488 0.699554
9.99731E-05 0.0338028 9.99731E-05 9.99731E-05 0.773194 0.192704
0.0173415 9.9991E-05 0.00892065 0.0954921 0.700218 0.177928
9.99641E-05 9.99641E-05 9.99641E-05 9.99641E-05 0.72655 0.27305
0.0587282 9.9991E-05 0.00472925 0.10427 0.570157 0.262015
0.0136327 0.00606578 9.9982E-05 9.9982E-05 0.897451 0.0826507
0.090451 0.0319941 0.0656663 0.193363 0.296881 0.321645
9.99731E-05 9.99731E-05 0.034896 9.99731E-05 0.755013 0.209791
0.0419069 9.9982E-05 9.9982E-05 0.0257402 0.814651 0.117502
0.0585295 0.0510273 0.0547597 0.200025 0.372403 0.263256
0.116837 0.0557284 0.0386375 0.152813 0.418338 0.217647
9.99641E-05 9.99641E-05 9.99641E-05 9.99641E-05 0.842888 0.156712
9.99731E-05 9.99731E-05 9.99731E-05 0.0126897 0.179098 0.807912
9.99731E-05 0.197208 9.99731E-05 9.99731E-05 0.490182 0.312311
9.9973E-05 9.9973E-05 9.9973E-05 0.113101 0.299763 0.586837
9.9982E-05 9.9982E-05 0.0187348 0.173761 0.292647 0.514657
0.00910612 0.0411936 9.9991E-05 0.0347021 0.423261 0.491637
9.99731E-05 9.99731E-05 9.99731E-05 0.0889893 0.491833 0.418878
9.9982E-05 0.0158901 9.9982E-05 0.0976486 0.736495 0.149766
9.99641E-05 9.99641E-05 9.99641E-05 9.99641E-05 0.418044 0.581557
0.0278934 0.00916102 9.9991E-05 0.0573457 0.582816 0.322684
0.00368249 9.9991E-05 0.0500686 0.0331631 0.892433 0.0205532
0.0075664 0.006651 0.00376698 0.147868 0.823909 0.0102394
9.99641E-05 0.00707633 9.99641E-05 9.99641E-05 0.992524 9.99641E-05
0.0266265 0.00423827 9.9982E-05 0.0119579 0.956977 9.9982E-05
9.9991E-05 0.0173351 0.0237172 0.0472032 0.893699 0.0179459
9.99731E-05 9.99731E-05 0.00195871 9.99731E-05 0.934134 0.063607
0.00678675 0.00980401 9.9991E-05 0.0835122 0.791613 0.108184
9.9982E-05 9.9982E-05 0.00866841 0.00927575 0.977616 0.00423948
9.99641E-05 9.99641E-05 9.99641E-05 9.99641E-05 0.981746 0.0178537
9.9982E-05 0.0341654 0.0150035 0.0422281 0.908403 9.9982E-05
9.996E-05 9.996E-05 9.996E-05 9.996E-05 0.9995 9.996E-05
9.99731E-05 0.0322716 9.99731E-05 0.0591616 0.908267 9.99731E-05
9.9973E-05 9.9973E-05 0.00023251 9.9973E-05 0.934452 0.065016
9.99641E-05 0.0116522 9.99641E-05 9.99641E-05 0.987948 9.99641E-05
9.9982E-05 9.9982E-05 0.00700676 0.00605516 0.863794 0.122944
9.99641E-05 9.99641E-05 9.99641E-05 9.99641E-05 0.91503 0.08457
0.00628419 0.00225572 9.99731E-05 9.99731E-05 0.99116 9.99731E-05
0.0519386 9.9982E-05 9.9982E-05 0.0436197 0.851523 0.0527183
0.019449 0.0134529 9.9982E-05 0.0248397 0.942058 9.9982E-05
9.99731E-05 0.0115173 9.99731E-05 0.0325932 0.95559 9.99731E-05
9.99731E-05 9.99731E-05 9.99731E-05 0.087391 0.826768 0.085541
0.0133088 9.99641E-05 9.99641E-05 9.99641E-05 0.986291 9.99641E-05
0.0452804 9.99641E-05 9.99641E-05 9.99641E-05 0.95432 9.99641E-05
0.00499689 0.0175732 9.9982E-05 0.0492952 0.927935 9.9982E-05
0.0682314 0.00436714 0.026371 0.251664 0.649266 9.9991E-05
9.9982E-05 0.0222593 0.0487352 0.0560241 0.872782 9.9982E-05
0.0195296 0.0166998 0.00552602 0.0180177 0.940127 9.9991E-05
0.0720317 9.9991E-05 0.0318019 0.0489531 0.837246 0.00986728
0.0394448 9.9991E-05 0.000292747 0.176735 0.776963 0.00646483
0.0497888 0.0175817 0.0488688 0.121472 0.716211 0.0460782
9.9982E-05 0.0172534 0.00807421 0.0657864 0.908686 9.9982E-05
0.0420157 0.00227616 9.9982E-05 0.053 0.902508 9.9982E-05
0.0311638 0.012579 0.00022542 0.142829 0.800193 0.0130093
0.0510844 9.9982E-05 9.9982E-05 0.0833721 0.756741 0.108602
0.0798183 0.0917124 0.0235243 0.103598 0.444296 0.257051
0.0785842 0.0697287 0.0265535 0.614199 0.0248537 0.186081
0.0752115 0.0661802 0.0196838 0.66944 0.0864708 0.0830137
0.0930854 0.0742677 0.0563139 0.658249 0.0824648 0.0356189
0.0807125 0.0487619 0.0685884 0.600912 0.135131 0.0658941
0.0200818 0.00195568 0.0136127 0.926757 0.0374925 9.9991E-05
0.0172224 0.0739769 0.0168631 0.891738 9.9982E-05 9.9982E-05
0.0828478 0.0377645 0.0315614 0.785594 9.9991E-05 0.0621318
0.019653 9.99731E-05 9.99731E-05 0.852752 0.127295 9.99731E-05
0.0283811 0.0139393 0.0125992 0.886235 0.0457923 0.0130532
0.048683 9.9982E-05 0.00581986 0.919589 0.0257079 9.9982E-05
0.0239692 9.9991E-05 0.0069667 0.884871 0.0772662 0.00682728
9.99641E-05 9.99641E-05 9.99641E-05 0.902495 0.097105 9.99641E-05
0.0337845 9.99821E-05 0.0242433 0.938413 0.00335968 9.99821E-05
0.00444397 9.9991E-05 0.0207037 0.921659 0.0425602 0.0105336
0.0336075 0.027054 9.9982E-05 0.848244 9.9982E-05 0.0908943
9.996E-05 9.996E-05 9.996E-05 0.9995 9.996E-05 9.996E-05
9.99731E-05 9.99731E-05 9.99731E-05 0.952908 0.0361637 0.010628
9.99731E-05 9.99731E-05 0.0139664 0.964215 0.0215189 9.99731E-05
0.0361793 0.000175733 9.9982E-05 0.877786 9.9982E-05 0.0856594
0.0406213 0.0436947 9.9991E-05 0.845293 0.0426093 0.0276817
0.0126403 0.0427634 9.99731E-05 0.944296 9.99731E-05 9.99731E-05
9.996E-05 9.996E-05 9.996E-05 0.9995 9.996E-05 9.996E-05
9.99731E-05 0.0123498 9.99731E-05 0.97476 0.0125906 9.99731E-05
0.0376679 0.0235705 0.00149557 0.937066 9.9982E-05 9.9982E-05
9.99641E-05 0.00137596 9.99641E-05 0.998224 9.99641E-05 9.99641E-05
9.996E-05 9.996E-05 9.996E-05 0.9995 9.996E-05 9.996E-05
0.025571 0.0655821 0.00381708 0.694886 0.111631 0.0985126
9.99731E-05 9.99731E-05 0.0196658 0.976591 0.0034431 9.99731E-05
9.9991E-05 0.00158051 0.00473141 0.961923 0.00442392 0.0272416
9.996E-05 9.996E-05 9.996E-05 0.9995 9.996E-05 9.996E-05
9.99641E-05 9.99641E-05 9.99641E-05 0.930232 0.0693677 9.99641E-05
9.996E-05 9.996E-05 9.996E-05 0.9995 9.996E-05 9.996E-05
9.99641E-05 9.99641E-05 9.99641E-05 0.996091 9.99641E-05 0.0035088
9.99641E-05 9.99641E-05 9.99641E-05 0.971131 0.0284687 9.99641E-05
9.996E-05 9.996E-05 9.996E-05 0.9995 9.996E-05 9.996E-05
9.996E-05 9.996E-05 9.996E-05 0.9995 9.996E-05 9.996E-05
0.00100882 9.99731E-05 9.99731E-05 0.983444 0.0152476 9.99731E-05
9.99731E-05 0.0299617 9.99731E-05 0.886034 0.0837047 9.99731E-05
0.0716466 0.0027732 9.99731E-05 0.92528 9.99731E-05 9.99731E-05
9.9973E-05 0.0629992 9.9973E-05 0.82319 0.113511 9.9973E-05
9.996E-05 9.996E-05 9.996E-05 0.9995 9.996E-05 9.996E-05
9.996E-05 9.996E-05 9.996E-05 0.9995 9.996E-05 9.996E-05
9.996E-05 9.996E-05 9.996E-05 0.9995 9.996E-05 9.996E-05
9.996E-05 9.996E-05 9.996E-05 0.9995 9.996E-05 9.996E-05
9.996E-05 9.996E-05 9.996E-05 0.9995 9.996E-05 9.996E-05
9.996E-05 9.996E-05 9.996E-05 0.9995 9.996E-05 9.996E-05
0.0210226 9.9973E-05 9.9973E-05 0.972623 9.9973E-05 0.00605458
0.00304215 0.0132872 9.9982E-05 0.951779 9.9982E-05 0.0316913
0.014685 9.99731E-05 9.99731E-05 0.936883 9.99731E-05 0.0481322
0.0739093 0.0290034 0.0679606 0.712994 0.0204188 0.0957145
0.000675481 0.013481 9.9991E-05 0.836726 0.112065 0.0369524
0.0528595 0.0130519 0.0404438 0.804071 0.089474 9.9991E-05
0.0621916 0.0546327 0.00279365 0.76124 9.9991E-05 0.119042
9.9991E-05 0.0259957 0.0325594 0.770667 0.0590585 0.111619
0.0106083 0.0393445 0.0232487 0.873928 0.00162993 0.0512405
0.0825342 0.0627734 0.0585012 0.776085 0.0200063 9.9991E-05
0.108658 0.0615296 0.0144251 0.639546 9.9991E-05 0.175741
0.00801601 9.9991E-05 0.00936841 0.861637 0.0619808 0.058898
0.0339472 0.0579243 0.0385701 0.781389 9.9991E-05 0.0880692
0.00852901 0.0159463 0.039571 0.896106 9.9991E-05 0.0397476
0.0793349 0.019281 0.0177335 0.826172 0.0358692 0.0216093
0.048092 9.9991E-05 0.00919634 0.757422 0.0725156 0.112674
9.9982E-05 9.9982E-05 0.00472157 0.933613 0.0235286 0.0379371
0.101143 9.9991E-05 0.0204512 0.792926 0.0420322 0.0433476
0.0251265 0.0318078 0.00729182 0.88078 0.0367106 0.018283
0.0240467 0.0202373 0.00479752 0.880524 9.9991E-05 0.0702942
9.99731E-05 0.124909 9.99731E-05 0.817671 9.99731E-05 0.0571198
0.0597909 0.109938 9.9982E-05 0.814646 9.9982E-05 0.0154257
0.0227201 0.111252 9.9982E-05 0.806284 0.0595442 9.9982E-05
0.11003 0.109572 0.0385454 0.567004 0.00139458 0.173455
0.0773649 0.0841597 0.04369 0.627163 0.0836059 0.0840166
