0.0341481 0.00261271 0.243695 0.0704661 0.649078
0.0494911 9.9982E-05 9.9982E-05 0.124875 0.825434
0.016965 0.169435 9.9991E-05 0.00540234 0.808098
9.9982E-05 0.106363 9.9982E-05 0.0654629 0.827974
0.0441633 0.0777334 0.00617111 0.031519 0.840413
9.997E-05 9.997E-05 9.997E-05 9.997E-05 0.9996
9.997E-05 9.997E-05 9.997E-05 9.997E-05 0.9996
9.997E-05 9.997E-05 9.997E-05 9.997E-05 0.9996
9.9973E-05 0.247082 9.9973E-05 9.9973E-05 0.752619
9.9973E-05 0.195841 9.9973E-05 9.9973E-05 0.803859
0.0144451 0.180757 0.0372057 9.9991E-05 0.767492
9.9973E-05 0.298701 9.9973E-05 9.9973E-05 0.700999
0.0305876 0.146217 9.9991E-05 0.0175409 0.805555
0.00694437 0.102765 0.11965 0.0775481 0.693093
0.0920237 0.157727 9.9991E-05 0.0930181 0.657131
0.0380398 0.231316 0.0914884 9.9991E-05 0.639056
9.999E-05 0.145428 0.024957 0.0351447 0.79437
9.9973E-05 0.235683 9.9973E-05 9.9973E-05 0.764017
0.109034 0.219046 0.0637666 0.0294946 0.578659
9.9982E-05 0.13189 9.9982E-05 0.0291561 0.838754
0.00269671 0.115436 9.9991E-05 0.0672588 0.814509
9.9982E-05 0.107801 9.9982E-05 0.0595612 0.832438
0.087929 0.137541 0.0160422 0.0496233 0.708865
9.9982E-05 0.0525519 9.9982E-05 0.130959 0.81629
9.9982E-05 0.171705 9.9982E-05 0.0765658 0.751529
0.027718 9.9982E-05 9.9982E-05 0.0691226 0.902959
9.9991E-05 0.136807 0.00440947 0.0036286 0.855055
9.9982E-05 9.9982E-05 0.0119742 0.162558 0.825267
0.0699724 0.12594 9.9991E-05 0.0878454 0.716142
0.584717 9.9991E-05 0.137517 0.0285749 0.249091
0.9996 9.997E-05 9.997E-05 9.997E-05 9.997E-05
0.535065 0.117997 0.175717 0.0257463 0.145475
9.9991E-05 0.854563 0.00352191 0.0554952 0.0863201
9.9991E-05 0.871136 0.0198167 0.0614136 0.0475338
9.9991E-05 0.912232 0.00776607 0.0653649 0.0145372
0.00475111 0.76217 9.9991E-05 0.112778 0.120201
9.9991E-05 0.719615 0.0704762 0.129169 0.0806393
9.9982E-05 0.618761 9.9982E-05 0.163587 0.217452
0.0122097 0.977083 9.9982E-05 9.9982E-05 0.0105075
9.99731E-05 0.948228 9.99731E-05 9.99731E-05 0.0514716
0.0292293 0.970471 9.9973E-05 9.9973E-05 9.9973E-05
9.9991E-05 0.719169 0.00163452 0.206397 0.0726999
9.9991E-05 0.703798 0.0676234 0.130359 0.0981203
0.0126466 0.897387 0.0178701 9.9991E-05 0.0719958
9.9982E-05 0.837465 9.9982E-05 0.045044 0.117291
9.9991E-05 0.81791 0.0375993 0.0828698 0.0615212
0.677172 9.9991E-05 0.262448 0.05586 0.0044197
0.649679 9.9973E-05 0.350021 9.9973E-05 9.9973E-05
0.376604 0.0772789 0.40935 9.9991E-05 0.136667
0.55199 9.9982E-05 0.402768 9.9982E-05 0.0450419
0.521128 0.0224955 0.456176 9.9982E-05 9.9982E-05
0.568637 9.9982E-05 0.429399 9.9982E-05 0.00176351
0.0364831 0.933098 9.9982E-05 0.0302189 9.9982E-05
9.9991E-05 0.905301 0.000990867 0.0488664 0.0447416
0.0796621 0.753702 9.9991E-05 0.0639249 0.102611
0.0323564 0.902795 9.9991E-05 0.00749126 0.0572576
9.9973E-05 0.905847 9.9973E-05 0.0938532 9.9973E-05
9.9973E-05 0.960595 9.9973E-05 0.0391051 9.9973E-05
9.997E-05 0.9996 9.997E-05 9.997E-05 9.997E-05
0.0723028 0.696854 9.9991E-05 0.114725 0.116018
0.0342001 0.741406 0.0421206 0.137784 0.0444895
0.0134602 0.906043 9.9991E-05 0.0416532 0.0387432
9.9982E-05 0.925767 0.0575507 9.9982E-05 0.0164828
0.0401125 0.739427 0.00805925 0.163271 0.0491299
0.0457693 0.587904 0.069805 0.169807 0.126714
9.99731E-05 0.972377 9.99731E-05 0.0273227 9.99731E-05
0.0197446 0.671096 0.0718472 0.0596697 0.177642
0.0417229 0.957977 9.99731E-05 9.99731E-05 9.99731E-05
0.034941 0.846826 9.9982E-05 0.118033 9.9982E-05
0.00812028 0.861714 9.9982E-05 0.129966 9.9982E-05
9.9982E-05 0.860669 9.9982E-05 0.0260412 0.11309
9.997E-05 0.9996 9.997E-05 9.997E-05 9.997E-05
0.0562516 0.518923 0.0483987 0.323712 0.052715
0.00124909 0.76382 0.0240541 0.210777 9.9991E-05
9.9982E-05 0.51708 9.9982E-05 0.479854 0.00286628
0.0907168 0.322558 0.0327556 0.410939 0.14303
0.56858 0.0340545 0.270373 0.0386697 0.0883234
0.758508 9.9973E-05 0.241192 9.9973E-05 9.9973E-05
0.689176 0.0478392 0.237011 0.0258743 9.9991E-05
0.580712 9.9982E-05 0.386614 0.0324743 9.9982E-05
0.6296 9.9982E-05 0.304772 0.0654275 9.9982E-05
0.315165 9.9991E-05 0.36038 0.159927 0.164428
0.687022 9.9991E-05 0.287938 0.0241411 0.000799165
0.685901 9.9973E-05 0.313799 9.9973E-05 9.9973E-05
0.629789 9.9973E-05 0.369911 9.9973E-05 9.9973E-05
0.689229 9.9973E-05 0.310471 9.9973E-05 9.9973E-05
0.655192 9.9973E-05 0.344508 9.9973E-05 9.9973E-05
0.725185 9.9973E-05 0.274515 9.9973E-05 9.9973E-05
0.745589 9.9973E-05 0.254111 9.9973E-05 9.9973E-05
9.99731E-05 0.289303 9.99731E-05 0.710397 9.99731E-05
9.9991E-05 0.147894 0.102714 0.660186 0.0891065
9.9991E-05 0.335631 0.134161 0.483045 0.0470634
9.9991E-05 0.312911 0.145887 0.456326 0.0847761
9.9991E-05 0.231556 0.096934 0.661008 0.0104022
0.0603204 0.159191 0.203362 0.498071 0.0790561
9.997E-05 9.997E-05 9.997E-05 0.9996 9.997E-05
0.00460227 0.0309232 9.9982E-05 0.964275 9.9982E-05
9.9973E-05 0.405917 9.9973E-05 0.593783 9.9973E-05
0.0366161 0.200728 9.9982E-05 0.762456 9.9982E-05
0.676003 0.239947 0.0838494 9.9982E-05 9.9982E-05
0.607497 0.25856 9.9991E-05 0.0127921 0.121051
0.518888 0.269515 0.211397 9.9982E-05 9.9982E-05
0.608676 0.180063 0.0839331 0.0420088 0.0853193
0.473971 0.165463 0.193535 0.0122762 0.154754
0.239155 9.99731E-05 0.760545 9.99731E-05 9.99731E-05
0.461454 0.320804 0.159509 0.00458074 0.0536529
0.270794 0.240609 0.330822 0.0737083 0.0840672
0.120061 0.132193 0.592312 0.0678989 0.087536
0.327032 0.164013 0.202795 0.0853274 0.220833
9.9973E-05 9.9973E-05 9.9973E-05 0.972936 0.0267636
9.997E-05 9.997E-05 9.997E-05 0.9996 9.997E-05
9.9982E-05 9.9982E-05 0.0139511 0.93942 0.0464289
9.99731E-05 9.99731E-05 0.0156983 0.984002 9.99731E-05
9.9973E-05 9.9973E-05 9.9973E-05 0.953686 0.0460138
9.99731E-05 9.99731E-05 0.00768231 0.992018 9.99731E-05
9.997E-05 9.997E-05 9.997E-05 0.9996 9.997E-05
9.997E-05 9.997E-05 9.997E-05 0.9996 9.997E-05
0.126249 0.041037 0.141597 0.60753 0.0835865
0.00839341 0.109882 0.0330639 0.81425 0.0344109
0.010086 9.9991E-05 0.00140973 0.979708 0.00869628
9.9982E-05 0.00718337 0.0121574 0.980459 9.9982E-05
9.9991E-05 0.0893814 0.118478 0.706917 0.0851241
9.9973E-05 9.9973E-05 0.0420924 0.957608 9.9973E-05
0.0800451 9.9973E-05 9.9973E-05 0.919655 9.9973E-05
9.997E-05 9.997E-05 9.997E-05 0.9996 9.997E-05
9.9973E-05 0.0662825 9.9973E-05 0.933418 9.9973E-05
0.0673558 9.9991E-05 0.806556 0.0367605 0.0892276
0.254928 9.9982E-05 0.733221 9.9982E-05 0.0116511
0.110558 0.091381 0.529306 0.108505 0.16025
0.161478 0.0880147 0.532569 0.105217 0.112721
0.141793 0.0200624 0.828223 9.9991E-05 0.00982089
0.205675 0.272265 0.444014 0.0557794 0.0222662
0.0574627 9.9982E-05 0.909774 9.9982E-05 0.0325637
0.127887 0.0765855 0.716374 0.0452966 0.0338559
0.0511554 0.0701161 0.636517 0.14654 0.0956715
0.0214004 0.0634046 0.914995 9.9982E-05 9.9982E-05
0.0914565 0.0972851 0.661021 0.0172072 0.133031
0.0641067 9.9991E-05 0.830581 0.0353265 0.0698857
0.0122855 9.9982E-05 0.937766 0.0497489 9.9982E-05
0.152219 0.0213626 0.739073 9.9991E-05 0.0872447
0.0801651 9.9982E-05 0.856837 9.9982E-05 0.0627984
0.106756 0.0550742 0.628466 0.0909568 0.118747
0.0682267 0.0580192 0.824534 9.9991E-05 0.0491198
0.0750158 9.9991E-05 0.808401 0.0479057 0.0685774
0.159711 9.99731E-05 0.839989 9.99731E-05 9.99731E-05
0.0973868 0.0616048 0.771468 0.0172356 0.0523053
0.0292491 0.0875179 0.883033 9.9982E-05 9.9982E-05
0.00804591 0.0239529 0.967801 9.9982E-05 9.9982E-05
0.0777968 9.99731E-05 0.921903 9.99731E-05 9.99731E-05
0.0995576 9.9991E-05 0.851762 0.0244435 0.0241364
0.125207 0.0595706 0.80818 0.0012684 0.00577343
0.10298 0.162291 0.555444 0.0392577 0.140027
0.0135515 0.0295731 0.936897 9.9991E-05 0.0198779
9.9982E-05 9.9982E-05 0.934307 0.0563156 0.00917717
0.175385 9.9973E-05 0.824315 9.9973E-05 9.9973E-05
0.138652 9.9982E-05 0.840764 0.0203833 9.9982E-05
0.0537489 9.9991E-05 0.800043 0.0251664 0.120942
0.107683 9.9991E-05 0.832374 0.0151462 0.0446972
0.9996 9.997E-05 9.997E-05 9.997E-05 9.997E-05
0.0400512 9.99731E-05 0.959649 9.99731E-05 9.99731E-05
9.99731E-05 9.99731E-05 0.959411 0.0402887 9.99731E-05
0.0523564 9.9982E-05 0.932714 9.9982E-05 0.0147293
0.116246 0.0153402 0.843518 0.00733187 0.0175642
0.091421 9.9982E-05 0.898047 0.010332 9.9982E-05
0.0687362 9.9982E-05 0.898673 9.9982E-05 0.0323911
0.0335187 9.9982E-05 0.950809 0.0154725 9.9982E-05
0.0815337 0.0194589 0.830171 9.9991E-05 0.068736
0.0893725 9.9991E-05 0.751704 0.0458315 0.112993
0.0411582 0.0555654 0.672544 0.0947632 0.135969
0.193467 0.0945368 0.475673 0.0721514 0.164171
0.125877 0.0611075 0.558443 0.0734265 0.181147
9.9991E-05 0.106178 0.853982 0.00316296 0.0365776
0.132758 0.0116606 0.745959 0.0857815 0.0238405
0.129357 9.9991E-05 0.759103 0.0869671 0.0244723
0.00233736 0.0251564 0.693858 0.0723643 0.206283
0.0318167 0.0914103 0.738109 0.038378 0.100286
0.0839597 0.114911 0.69069 0.0128273 0.0976125
9.9982E-05 9.9982E-05 0.833243 0.0332416 0.133315
0.047296 0.0445447 0.764959 0.0936276 0.0495723
0.0544536 9.9973E-05 0.945246 9.9973E-05 9.9973E-05
0.0987729 0.115942 0.684079 0.069674 0.0315321
0.0407012 9.9982E-05 0.94141 0.0176891 9.9982E-05
0.0183499 9.9991E-05 0.732693 0.0237388 0.225118
0.0849476 0.0307009 0.840354 0.0164856 0.0275122
0.0835883 0.0274876 0.784972 0.0667017 0.0372504
0.0813513 9.99731E-05 0.918349 9.99731E-05 9.99731E-05
0.0209955 0.010756 0.92217 0.0459789 9.9991E-05
0.0149404 9.99731E-05 0.98476 9.99731E-05 9.99731E-05
0.0535363 9.9973E-05 0.946164 9.9973E-05 9.9973E-05
9.9982E-05 0.0254353 0.963944 9.9982E-05 0.0104207
0.0249113 0.00914507 0.935708 0.030136 9.9991E-05
0.0659976 9.9982E-05 0.922385 9.9982E-05 0.0114174
9.997E-05 9.997E-05 0.9996 9.997E-05 9.997E-05
0.142813 0.00662518 0.53629 0.116015 0.198257
0.0804815 0.023943 0.876668 9.9991E-05 0.0188076
0.0412228 0.000979914 0.933911 0.0234907 0.000395304
0.00127206 9.9991E-05 0.9686 0.0262316 0.00379582
9.9982E-05 0.0242415 0.956373 9.9982E-05 0.0191856
0.0353781 0.00814207 0.92454 9.9991E-05 0.0318397
0.00391648 0.0435404 0.921449 0.0174149 0.013679
0.0417937 0.0573053 0.879099 0.0217023 9.9991E-05
9.997E-05 9.997E-05 0.9996 9.997E-05 9.997E-05
9.99731E-05 9.99731E-05 0.967863 9.99731E-05 0.0318369
9.997E-05 9.997E-05 0.9996 9.997E-05 9.997E-05
0.0722837 0.0480504 0.879466 9.9982E-05 9.9982E-05
9.9982E-05 0.0294621 0.925236 9.9982E-05 0.0451024
0.044866 0.0274731 0.918452 9.9991E-05 0.00910919
9.997E-05 9.997E-05 0.9996 9.997E-05 9.997E-05
0.0915328 9.9991E-05 0.710866 0.0938863 0.103614
9.99731E-05 9.99731E-05 0.980606 9.99731E-05 0.0190939
