0.807214 0.186491 0.00589501 9.9964E-05 9.9964E-05 9.9964E-05 9.9964E-05
0.966124 9.99551E-05 9.99551E-05 0.0333764 9.99551E-05 9.99551E-05 9.99551E-05
0.9994 9.995E-05 9.995E-05 9.995E-05 9.995E-05 9.995E-05 9.995E-05
0.624002 0.0917644 9.9991E-05 0.0118228 0.0582644 0.103007 0.111039
0.619846 0.103448 0.0196177 0.0606723 0.0365018 0.11764 0.042274
0.817878 9.9973E-05 9.9973E-05 0.0671441 0.0474717 9.9973E-05 0.0672067
0.9994 9.995E-05 9.995E-05 9.995E-05 9.995E-05 9.995E-05 9.995E-05
0.9994 9.995E-05 9.995E-05 9.995E-05 9.995E-05 9.995E-05 9.995E-05
0.9994 9.995E-05 9.995E-05 9.995E-05 9.995E-05 9.995E-05 9.995E-05
0.769255 0.0970752 0.0430314 9.9991E-05 0.0474624 0.000868962 0.0422066
0.539228 0.0680083 0.392364 9.99641E-05 9.99641E-05 9.99641E-05 9.99641E-05
0.443305 0.0263364 0.453255 9.9991E-05 0.00487378 0.0212378 0.0508924
0.376575 9.9973E-05 0.488091 9.9973E-05 9.9973E-05 0.0200455 0.114988
0.112985 9.9973E-05 0.621018 9.9973E-05 9.9973E-05 0.0576282 0.208069
0.197554 0.140605 0.506716 0.00148074 0.052839 0.0568151 0.0439896
0.144611 0.202105 0.370548 0.0120566 0.029333 0.0579499 0.183397
0.179408 0.151596 0.490033 9.9973E-05 9.9973E-05 9.9973E-05 0.178662
0.129698 0.0128465 0.582458 9.9973E-05 9.9973E-05 9.9973E-05 0.274698
0.169713 9.9982E-05 0.582503 9.9982E-05 0.0353465 0.02767 0.184567
9.995E-05 9.995E-05 0.9994 9.995E-05 9.995E-05 9.995E-05 9.995E-05
9.995E-05 9.995E-05 0.9994 9.995E-05 9.995E-05 9.995E-05 9.995E-05
9.995E-05 9.995E-05 0.9994 9.995E-05 9.995E-05 9.995E-05 9.995E-05
0.060466 0.0950052 0.632289 9.9982E-05 0.0319036 9.9982E-05 0.180136
9.9973E-05 0.311999 0.0388652 0.0403305 9.9973E-05 9.9973E-05 0.608506
0.02691 0.0600933 0.00324205 0.0055172 0.0304862 9.9991E-05 0.873651
9.9973E-05 9.9973E-05 0.0369705 0.00518093 9.9973E-05 0.135345 0.822203
0.0114721 9.9973E-05 0.0309107 9.9973E-05 9.9973E-05 0.168666 0.788652
9.9982E-05 0.103495 0.0588656 9.9982E-05 0.00190055 0.0628379 0.772701
9.995E-05 9.995E-05 9.995E-05 9.995E-05 9.995E-05 9.995E-05 0.9994
9.995E-05 9.995E-05 9.995E-05 9.995E-05 9.995E-05 9.995E-05 0.9994
9.99551E-05 0.0308599 9.99551E-05 9.99551E-05 9.99551E-05 9.99551E-05 0.96864
9.99551E-05 9.99551E-05 9.99551E-05 0.0130216 9.99551E-05 9.99551E-05 0.986479
9.99551E-05 9.99551E-05 9.99551E-05 9.99551E-05 0.00781015 9.99551E-05 0.99169
9.99551E-05 0.0688605 9.99551E-05 9.99551E-05 9.99551E-05 9.99551E-05 0.93064
0.057224 0.193434 0.0399692 0.0379394 0.0446073 0.0913474 0.535479
0.0914413 0.371601 0.00707834 9.9991E-05 0.0577278 0.106373 0.365679
0.0890336 0.107504 9.9991E-05 0.034628 0.0412811 0.0828718 0.644582
9.99731E-05 0.814588 0.0491168 0.109624 9.99731E-05 9.99731E-05 0.0263708
9.9982E-05 0.628703 0.0781758 0.116624 9.9982E-05 0.026161 0.150136
9.99821E-05 0.808392 0.0300137 9.99821E-05 0.00411914 0.130175 0.0271
9.9982E-05 0.851071 0.0383163 9.9982E-05 0.0125085 0.0224319 0.0754724
9.9973E-05 0.898854 0.0194472 9.9973E-05 0.0230251 9.9973E-05 0.0583736
9.995E-05 0.9994 9.995E-05 9.995E-05 9.995E-05 9.995E-05 9.995E-05
9.9982E-05 0.811826 0.0455894 9.9982E-05 0.0242436 0.0192972 0.0988442
0.0114752 0.754225 9.9982E-05 0.0701204 0.0159301 9.9982E-05 0.148049
9.99551E-05 0.998942 9.99551E-05 9.99551E-05 0.000558418 9.99551E-05 9.99551E-05
0.0719993 0.654521 0.0137418 0.0217075 9.9991E-05 0.0396392 0.198291
9.99731E-05 0.830307 0.0258417 9.99731E-05 0.0349405 9.99731E-05 0.108611
0.0008116 0.75589 9.99731E-05 9.99731E-05 9.99731E-05 0.1503 0.0926986
9.9973E-05 0.783397 0.00240598 9.9973E-05 9.9973E-05 0.161673 0.0522238
0.0645899 0.49794 0.04373 0.156386 0.0164923 0.0877345 0.133127
0.0219225 0.939884 9.9964E-05 9.9964E-05 9.9964E-05 9.9964E-05 0.0377934
9.9982E-05 0.788077 0.0381519 0.13343 9.9982E-05 0.0165733 0.0235687
0.0596172 0.644972 9.9982E-05 0.150681 0.0191812 9.9982E-05 0.125349
0.0221263 0.635871 0.0214543 0.118742 9.9982E-05 0.201607 9.9982E-05
0.0484971 0.66753 9.9982E-05 0.00958454 0.00753818 0.26665 9.9982E-05
0.0539386 0.839371 9.99731E-05 0.0353399 0.0710503 9.99731E-05 9.99731E-05
9.99551E-05 0.941418 9.99551E-05 0.0580826 9.99551E-05 9.99551E-05 9.99551E-05
0.00540792 0.643535 0.00535994 0.0552253 0.038468 0.179824 0.0721806
0.0338205 0.628025 0.0501405 0.0910043 9.9982E-05 0.19681 9.9982E-05
9.99641E-05 0.727544 9.99641E-05 9.99641E-05 0.00371432 0.268342 9.99641E-05
9.99641E-05 0.723533 9.99641E-05 9.99641E-05 9.99641E-05 0.190596 0.0854714
9.99551E-05 0.976199 9.99551E-05 0.0233011 9.99551E-05 9.99551E-05 9.99551E-05
0.00532821 0.748949 0.0211155 0.127479 9.9982E-05 9.9982E-05 0.0969287
9.99641E-05 0.719853 9.99641E-05 9.99641E-05 9.99641E-05 0.205723 0.0740238
9.99641E-05 0.913215 9.99641E-05 0.0487109 0.0376742 9.99641E-05 9.99641E-05
9.99641E-05 0.812551 9.99641E-05 9.99641E-05 9.99641E-05 0.161895 0.0251543
9.99641E-05 0.673472 9.99641E-05 9.99641E-05 0.00280425 0.323324 9.99641E-05
0.00529152 0.466714 9.9982E-05 9.9982E-05 0.00126472 0.463468 0.0630615
9.9973E-05 0.604217 0.0174621 9.9973E-05 0.0661534 0.311868 9.9973E-05
9.99641E-05 0.681937 9.99641E-05 0.168572 9.99641E-05 0.149092 9.99641E-05
9.99551E-05 0.116887 9.99551E-05 9.99551E-05 9.99551E-05 0.882614 9.99551E-05
9.99551E-05 0.929129 9.99551E-05 0.070371 9.99551E-05 9.99551E-05 9.99551E-05
9.99551E-05 0.203067 9.99551E-05 9.99551E-05 9.99551E-05 0.796433 9.99551E-05
0.00785691 0.73875 0.0250897 0.0655275 0.0496083 0.113068 9.9991E-05
0.00216482 9.9964E-05 9.9964E-05 0.00234683 9.9964E-05 0.995088 9.9964E-05
9.99551E-05 9.99551E-05 9.99551E-05 9.99551E-05 0.0170164 0.982484 9.99551E-05
9.99641E-05 0.0125111 9.99641E-05 9.99641E-05 0.00556687 0.981522 9.99641E-05
0.00879367 0.0085229 0.0242606 0.620037 0.000802307 0.267173 0.0704104
9.995E-05 9.995E-05 9.995E-05 9.995E-05 9.995E-05 0.9994 9.995E-05
0.0150255 9.9982E-05 0.0157404 0.125726 9.9982E-05 0.821761 0.0215474
9.99551E-05 9.99551E-05 9.99551E-05 0.0701434 9.99551E-05 0.929357 9.99551E-05
9.995E-05 9.995E-05 9.995E-05 0.9994 9.995E-05 9.995E-05 9.995E-05
9.99641E-05 0.0108838 9.99641E-05 0.950163 0.0385539 9.99641E-05 9.99641E-05
9.995E-05 9.995E-05 9.995E-05 0.9994 9.995E-05 9.995E-05 9.995E-05
9.99551E-05 9.99551E-05 9.99551E-05 0.947562 0.0519386 9.99551E-05 9.99551E-05
9.99551E-05 9.99551E-05 9.99551E-05 0.978503 0.0209976 9.99551E-05 9.99551E-05
0.00782675 0.0623271 0.0256479 0.842528 0.0186802 9.9991E-05 0.0428896
9.9973E-05 9.9973E-05 9.9973E-05 0.919294 0.00572382 0.0503972 0.0242852
9.99641E-05 9.99641E-05 9.99641E-05 0.922521 0.0558312 9.99641E-05 0.0212483
9.995E-05 9.995E-05 9.995E-05 0.9994 9.995E-05 9.995E-05 9.995E-05
9.99551E-05 9.99551E-05 9.99551E-05 0.980352 0.0191486 9.99551E-05 9.99551E-05
9.995E-05 9.995E-05 9.995E-05 9.995E-05 0.9994 9.995E-05 9.995E-05
9.9955E-05 0.038307 9.9955E-05 9.9955E-05 0.961193 9.9955E-05 9.9955E-05
9.995E-05 9.995E-05 9.995E-05 9.995E-05 0.9994 9.995E-05 9.995E-05
