0.0114158 0.0151912 0.00843445 9.9964E-05 9.9964E-05 9.9964E-05 0.0387412 9.9964E-05 0.167211 0.758607
9.99282E-05 9.99282E-05 9.99282E-05 0.0350436 9.99282E-05 9.99282E-05 9.99282E-05 9.99282E-05 9.99282E-05 0.964157
9.99281E-05 0.0106643 9.99281E-05 9.99281E-05 9.99281E-05 9.99281E-05 9.99281E-05 9.99281E-05 9.99281E-05 0.988536
0.0662964 0.0703511 0.0254954 0.0408448 0.0158414 9.9991E-05 0.097505 0.0608963 0.0564149 0.566255
9.9964E-05 0.0315814 0.0315816 0.0328579 9.9964E-05 0.210758 0.056779 9.9964E-05 9.9964E-05 0.636042
0.0565325 9.9955E-05 0.00184528 9.9955E-05 0.0888866 9.9955E-05 0.0341531 9.9955E-05 9.9955E-05 0.818083
9.99201E-05 9.99201E-05 9.99201E-05 9.99201E-05 9.99201E-05 9.99201E-05 9.99201E-05 9.99201E-05 9.99201E-05 0.999101
9.99282E-05 0.0205762 9.99282E-05 9.99282E-05 9.99282E-05 9.99282E-05 9.99282E-05 9.99282E-05 9.99282E-05 0.978624
9.99201E-05 9.99201E-05 9.99201E-05 9.99201E-05 9.99201E-05 9.99201E-05 9.99201E-05 9.99201E-05 9.99201E-05 0.999101
0.0432081 0.0955818 9.9973E-05 9.9973E-05 9.9973E-05 0.0285905 0.0402286 0.0449561 0.017027 0.730108
9.99281E-05 0.880241 9.99281E-05 9.99281E-05 9.99281E-05 9.99281E-05 9.99281E-05 9.99281E-05 9.99281E-05 0.118959
9.99281E-05 0.949942 9.99281E-05 9.99281E-05 9.99281E-05 9.99281E-05 9.99281E-05 9.99281E-05 9.99281E-05 0.0492586
9.99201E-05 0.999101 9.99201E-05 9.99201E-05 9.99201E-05 9.99201E-05 9.99201E-05 9.99201E-05 9.99201E-05 9.99201E-05
0.0307457 0.859693 0.0894459 9.99461E-05 0.0195156 9.99461E-05 9.99461E-05 9.99461E-05 9.99461E-05 9.99461E-05
9.9973E-05 0.695173 0.0611975 0.03277 0.0154457 9.9973E-05 0.0753885 9.9973E-05 0.104032 0.0156935
0.0459387 0.590313 0.0269886 0.0779569 9.9982E-05 0.110449 0.02683 9.9982E-05 0.114716 0.00660762
0.0162668 0.864485 9.99461E-05 0.016216 9.99461E-05 9.99461E-05 9.99461E-05 9.99461E-05 0.102432 9.99461E-05
0.119478 0.788884 0.0634998 9.99461E-05 9.99461E-05 9.99461E-05 9.99461E-05 0.0275386 9.99461E-05 9.99461E-05
0.0660579 0.840561 0.0771619 9.99461E-05 9.99461E-05 9.99461E-05 9.99461E-05 0.0156191 9.99461E-05 9.99461E-05
9.99201E-05 9.99201E-05 0.999101 9.99201E-05 9.99201E-05 9.99201E-05 9.99201E-05 9.99201E-05 9.99201E-05 9.99201E-05
9.99201E-05 9.99201E-05 0.999101 9.99201E-05 9.99201E-05 9.99201E-05 9.99201E-05 9.99201E-05 9.99201E-05 9.99201E-05
9.99298E-05 9.99298E-05 0.989434 9.99298E-05 0.0097664 9.99298E-05 9.99298E-05 9.99298E-05 9.99298E-05 9.99298E-05
0.107866 0.718738 0.141798 0.0309984 9.99461E-05 9.99461E-05 9.99461E-05 9.99461E-05 9.99461E-05 9.99461E-05
0.63264 0.0178748 0.00270298 0.188489 9.9964E-05 0.0932009 9.9964E-05 9.9964E-05 0.0646923 9.9964E-05
0.837246 9.99461E-05 9.99461E-05 0.0637849 9.99461E-05 9.99461E-05 0.0195534 0.0788156 9.99461E-05 9.99461E-05
0.729622 0.00951292 9.99371E-05 9.99371E-05 9.99371E-05 9.99371E-05 9.99371E-05 9.99371E-05 0.260166 9.99371E-05
0.698237 0.0584686 9.9955E-05 0.0129392 0.0170385 9.9955E-05 9.9955E-05 9.9955E-05 0.212817 9.9955E-05
0.597254 0.0453652 0.0309088 9.9946E-05 9.9946E-05 9.9946E-05 9.9946E-05 0.325873 9.9946E-05 9.9946E-05
0.999101 9.99201E-05 9.99201E-05 9.99201E-05 9.99201E-05 9.99201E-05 9.99201E-05 9.99201E-05 9.99201E-05 9.99201E-05
0.999101 9.99201E-05 9.99201E-05 9.99201E-05 9.99201E-05 9.99201E-05 9.99201E-05 9.99201E-05 9.99201E-05 9.99201E-05
0.902411 9.99281E-05 9.99281E-05 0.0967895 9.99281E-05 9.99281E-05 9.99281E-05 9.99281E-05 9.99281E-05 9.99281E-05
0.868074 9.99371E-05 9.99371E-05 0.108034 9.99371E-05 0.0231928 9.99371E-05 9.99371E-05 9.99371E-05 9.99371E-05
0.995488 9.99282E-05 9.99282E-05 9.99282E-05 9.99282E-05 9.99282E-05 9.99282E-05 9.99282E-05 9.99282E-05 0.00371213
0.849079 9.99461E-05 0.0186384 9.99461E-05 9.99461E-05 9.99461E-05 9.99461E-05 0.100645 0.0310376 9.99461E-05
0.518796 0.0748696 0.0177603 0.112726 9.9982E-05 0.0930383 0.147331 0.0157263 9.9982E-05 0.0195527
0.311043 0.0231922 0.000157438 0.135306 0.114087 0.0902206 0.0187005 0.0335427 0.191927 0.0818228
0.610282 0.00658388 0.0170491 9.9973E-05 0.0344543 9.9973E-05 0.0452047 9.9973E-05 0.208287 0.0778398
9.99282E-05 0.0108872 9.99282E-05 0.988313 9.99282E-05 9.99282E-05 9.99282E-05 9.99282E-05 9.99282E-05 9.99282E-05
0.104502 0.0139589 0.00916214 0.249127 0.106998 9.9973E-05 0.00614383 9.9973E-05 0.509808 9.9973E-05
9.99282E-05 9.99282E-05 0.00304522 0.996155 9.99282E-05 9.99282E-05 9.99282E-05 9.99282E-05 9.99282E-05 9.99282E-05
9.99371E-05 0.00829304 9.99371E-05 0.96992 9.99371E-05 0.0210878 9.99371E-05 9.99371E-05 9.99371E-05 9.99371E-05
9.99551E-05 0.000692586 9.99551E-05 0.819508 9.99551E-05 0.0857161 9.99551E-05 0.0925143 9.99551E-05 0.00106912
9.99281E-05 9.99281E-05 9.99281E-05 0.993082 9.99281E-05 9.99281E-05 9.99281E-05 0.00611839 9.99281E-05 9.99281E-05
0.0200822 9.99371E-05 0.0148924 0.964326 9.99371E-05 9.99371E-05 9.99371E-05 9.99371E-05 9.99371E-05 9.99371E-05
0.124283 9.99461E-05 9.99461E-05 0.806625 9.99461E-05 9.99461E-05 0.0447486 9.99461E-05 0.023743 9.99461E-05
9.99201E-05 9.99201E-05 9.99201E-05 0.999101 9.99201E-05 9.99201E-05 9.99201E-05 9.99201E-05 9.99201E-05 9.99201E-05
9.99281E-05 9.99281E-05 9.99281E-05 9.99281E-05 9.99281E-05 9.99281E-05 9.99281E-05 0.962437 9.99281E-05 0.0367634
0.0199756 0.0053109 0.0309485 9.99551E-05 9.99551E-05 9.99551E-05 9.99551E-05 0.724095 0.21917 9.99551E-05
9.99282E-05 9.99282E-05 9.99282E-05 9.99282E-05 9.99282E-05 9.99282E-05 9.99282E-05 0.0134943 0.985706 9.99282E-05
0.10672 9.99551E-05 0.00999189 9.99551E-05 0.0577627 0.512957 9.99551E-05 9.99551E-05 0.312068 9.99551E-05
0.0778959 0.0546099 0.0359405 0.209995 0.0179091 0.145616 0.132536 0.231672 0.0455494 0.0482759
9.99201E-05 9.99201E-05 9.99201E-05 9.99201E-05 9.99201E-05 9.99201E-05 9.99201E-05 9.99201E-05 0.999101 9.99201E-05
9.997E-05 9.997E-05 0.00937172 0.434257 0.00796793 0.0154398 0.0209669 0.341815 0.169881 9.997E-05
9.9946E-05 0.0291546 9.9946E-05 9.9946E-05 9.9946E-05 9.9946E-05 0.100138 9.9946E-05 0.838751 0.0313562
9.99551E-05 0.0378549 9.99551E-05 0.132513 0.0221558 0.784092 0.022884 9.99551E-05 9.99551E-05 9.99551E-05
9.9964E-05 9.9964E-05 0.000279343 0.555635 0.108145 0.154096 9.9964E-05 9.9964E-05 0.155837 0.0256084
9.99282E-05 9.99282E-05 9.99282E-05 9.99282E-05 9.99282E-05 0.0107125 9.99282E-05 9.99282E-05 0.988488 9.99282E-05
9.99201E-05 9.99201E-05 9.99201E-05 9.99201E-05 9.99201E-05 9.99201E-05 9.99201E-05 9.99201E-05 0.999101 9.99201E-05
0.00908378 9.9973E-05 0.0224893 0.211793 0.153815 9.9973E-05 0.0126068 9.9973E-05 0.581794 0.00811768
0.00750339 0.0103316 0.0239823 9.9982E-05 9.9982E-05 0.219905 0.0336939 0.088669 0.592214 0.0235011
9.99201E-05 9.99201E-05 9.99201E-05 9.99201E-05 9.99201E-05 9.99201E-05 9.99201E-05 0.999101 9.99201E-05 9.99201E-05
9.99201E-05 9.99201E-05 9.99201E-05 9.99201E-05 9.99201E-05 9.99201E-05 9.99201E-05 0.999101 9.99201E-05 9.99201E-05
9.99201E-05 9.99201E-05 9.99201E-05 9.99201E-05 9.99201E-05 9.99201E-05 9.99201E-05 0.999101 9.99201E-05 9.99201E-05
9.9937E-05 9.9937E-05 9.9937E-05 9.9937E-05 9.9937E-05 9.9937E-05 0.0264761 0.0864689 0.886355 9.9937E-05
9.99281E-05 9.99281E-05 9.99281E-05 9.99281E-05 0.012111 9.99281E-05 9.99281E-05 9.99281E-05 0.98709 9.99281E-05
0.000897562 9.99281E-05 9.99281E-05 9.99281E-05 9.99281E-05 0.998303 9.99281E-05 9.99281E-05 9.99281E-05 9.99281E-05
9.99371E-05 9.99371E-05 9.99371E-05 9.99371E-05 9.99371E-05 0.986178 9.99371E-05 9.99371E-05 0.00347914 0.00964291
9.99281E-05 9.99281E-05 0.001493 9.99281E-05 9.99281E-05 0.997708 9.99281E-05 9.99281E-05 9.99281E-05 9.99281E-05
9.99371E-05 9.99371E-05 9.99371E-05 9.99371E-05 0.0151268 0.65747 9.99371E-05 0.326704 9.99371E-05 9.99371E-05
9.99461E-05 9.99461E-05 9.99461E-05 9.99461E-05 9.99461E-05 0.0698174 0.0181326 0.161337 0.750113 9.99461E-05
9.99461E-05 9.99461E-05 0.00627782 9.99461E-05 9.99461E-05 0.785716 0.0620828 9.99461E-05 0.145323 9.99461E-05
9.99281E-05 9.99281E-05 9.99281E-05 9.99281E-05 0.0678779 0.931323 9.99281E-05 9.99281E-05 9.99281E-05 9.99281E-05
9.99201E-05 9.99201E-05 9.99201E-05 9.99201E-05 9.99201E-05 0.999101 9.99201E-05 9.99201E-05 9.99201E-05 9.99201E-05
9.99551E-05 9.99551E-05 9.99551E-05 0.168784 0.145633 0.538075 0.0166381 9.99551E-05 0.130371 9.99551E-05
9.9955E-05 9.9955E-05 0.0426347 0.0929466 9.9955E-05 0.801738 0.0497858 9.9955E-05 0.0123951 9.9955E-05
9.99201E-05 9.99201E-05 9.99201E-05 9.99201E-05 0.999101 9.99201E-05 9.99201E-05 9.99201E-05 9.99201E-05 9.99201E-05
9.99281E-05 9.99281E-05 0.0133607 9.99281E-05 0.98584 9.99281E-05 9.99281E-05 9.99281E-05 9.99281E-05 9.99281E-05
9.99201E-05 9.99201E-05 9.99201E-05 9.99201E-05 0.999101 9.99201E-05 9.99201E-05 9.99201E-05 9.99201E-05 9.99201E-05
0.0713824 0.0109316 0.00521998 9.9964E-05 0.122978 9.9964E-05 0.489724 0.299364 9.9964E-05 9.9964E-05
9.99281E-05 9.99281E-05 9.99281E-05 9.99281E-05 0.632518 9.99281E-05 9.99281E-05 0.366682 9.99281E-05 9.99281E-05
0.0523897 9.99551E-05 9.99551E-05 9.99551E-05 0.910909 0.0147159 0.0209202 9.99551E-05 9.99551E-05 0.000565256
9.99201E-05 9.99201E-05 9.99201E-05 9.99201E-05 0.999101 9.99201E-05 9.99201E-05 9.99201E-05 9.99201E-05 9.99201E-05
9.99372E-05 9.99372E-05 9.99372E-05 0.084482 9.99372E-05 9.99372E-05 0.897457 0.0173618 9.99372E-05 9.99372E-05
9.99461E-05 9.99461E-05 9.99461E-05 0.0103223 0.0701339 9.99461E-05 0.847033 9.99461E-05 0.0719115 9.99461E-05
9.99371E-05 9.99371E-05 9.99371E-05 0.0611007 0.070951 9.99371E-05 0.867249 9.99371E-05 9.99371E-05 9.99371E-05
9.99551E-05 9.99551E-05 9.99551E-05 0.00883788 0.0568657 9.99551E-05 0.911814 0.00608153 0.0159007 9.99551E-05
9.99371E-05 9.99371E-05 9.99371E-05 9.99371E-05 0.0814588 0.0655094 0.852332 9.99371E-05 9.99371E-05 9.99371E-05
0.0926277 9.9955E-05 9.9955E-05 0.0159077 9.9955E-05 0.0566719 0.769418 0.064875 9.9955E-05 9.9955E-05
9.99371E-05 9.99371E-05 9.99371E-05 9.99371E-05 0.14619 9.99371E-05 0.727263 0.125848 9.99371E-05 9.99371E-05
0.0199262 9.99371E-05 9.99371E-05 9.99371E-05 0.0714834 9.99371E-05 0.907891 9.99371E-05 9.99371E-05 9.99371E-05
9.99461E-05 9.99461E-05 9.99461E-05 9.99461E-05 9.99461E-05 0.00443641 0.891846 0.0725674 0.0305504 9.99461E-05
9.99461E-05 9.99461E-05 9.99461E-05 9.99461E-05 0.064205 9.99461E-05 0.837404 0.00718907 0.0906019 9.99461E-05
9.99201E-05 9.99201E-05 9.99201E-05 9.99201E-05 9.99201E-05 9.99201E-05 0.999101 9.99201E-05 9.99201E-05 9.99201E-05
9.99281E-05 9.99281E-05 9.99281E-05 9.99281E-05 9.99281E-05 9.99281E-05 0.967037 9.99281E-05 9.99281E-05 0.0321638
9.99201E-05 9.99201E-05 9.99201E-05 9.99201E-05 9.99201E-05 9.99201E-05 0.999101 9.99201E-05 9.99201E-05 9.99201E-05
