0.117048 0.0427045 0.0136662 9.9991E-05 0.0421502 0.784331
9.9982E-05 0.015497 9.9982E-05 0.0100121 0.00622473 0.968066
9.996E-05 9.996E-05 9.996E-05 9.996E-05 9.996E-05 0.9995
0.0704628 9.9991E-05 0.0249448 0.126677 0.147631 0.630184
0.199842 9.9991E-05 0.0576495 0.0200179 0.0965248 0.625866
9.9982E-05 0.0615028 9.9982E-05 0.0408646 0.072897 0.824536
9.996E-05 9.996E-05 9.996E-05 9.996E-05 9.996E-05 0.9995
9.99641E-05 0.0219567 9.99641E-05 9.99641E-05 9.99641E-05 0.977643
9.996E-05 9.996E-05 9.996E-05 9.996E-05 9.996E-05 0.9995
0.08773 0.0566124 9.9991E-05 0.0537569 0.0135872 0.788213
9.9964E-05 0.844658 9.9964E-05 9.9964E-05 9.9964E-05 0.154943
9.99641E-05 0.899438 9.99641E-05 9.99641E-05 9.99641E-05 0.100162
9.99641E-05 0.957603 9.99641E-05 9.99641E-05 9.99641E-05 0.0419966
9.99731E-05 0.927693 0.0600818 9.99731E-05 0.0119249 9.99731E-05
0.113572 0.786465 0.0602956 9.9982E-05 0.039467 9.9982E-05
0.236606 0.609755 0.0340924 0.110751 9.9991E-05 0.00869545
0.0273664 0.877626 9.9973E-05 0.094708 9.9973E-05 9.9973E-05
9.9973E-05 0.804075 0.0553285 0.140297 9.9973E-05 9.9973E-05
9.9973E-05 0.866797 0.07249 0.0604129 9.9973E-05 9.9973E-05
9.996E-05 9.996E-05 0.9995 9.996E-05 9.996E-05 9.996E-05
9.996E-05 9.996E-05 0.9995 9.996E-05 9.996E-05 9.996E-05
9.9973E-05 9.9973E-05 0.99324 0.00213455 9.9973E-05 0.00432528
9.9973E-05 0.820991 0.0979058 0.080803 9.9973E-05 9.9973E-05
0.20851 0.0891172 9.9982E-05 0.674247 0.0279252 9.9982E-05
0.079713 9.9982E-05 0.0126995 0.858645 9.9982E-05 0.0487425
0.101251 0.0407617 0.0117821 0.815449 0.0306558 9.9991E-05
0.083593 0.1039 9.9973E-05 0.812207 9.9973E-05 9.9973E-05
0.163613 0.0817196 0.0229625 0.731505 9.9982E-05 9.9982E-05
9.996E-05 9.996E-05 9.996E-05 0.9995 9.996E-05 9.996E-05
9.996E-05 9.996E-05 9.996E-05 0.9995 9.996E-05 9.996E-05
9.996E-05 9.996E-05 9.996E-05 0.9995 9.996E-05 9.996E-05
9.996E-05 9.996E-05 9.996E-05 0.9995 9.996E-05 9.996E-05
9.996E-05 9.996E-05 9.996E-05 0.9995 9.996E-05 9.996E-05
0.0462352 9.9982E-05 0.020142 0.931277 9.9982E-05 0.00214634
0.116959 0.074961 9.9991E-05 0.573941 0.156849 0.0771894
0.482346 0.0966856 0.00699752 0.331321 0.0220069 0.0606437
0.0478075 9.9991E-05 0.022997 0.727488 0.0982276 0.10338
0.835739 0.0874509 9.99731E-05 0.0765105 9.99731E-05 9.99731E-05
0.622744 0.057428 0.0427903 0.21628 0.0606572 9.9991E-05
0.849251 0.0194382 0.0305562 0.0927026 9.9991E-05 0.00795158
0.771713 0.073256 0.0159142 0.138917 9.9982E-05 9.9982E-05
0.787352 0.0690854 0.0149323 0.12843 9.9982E-05 9.9982E-05
0.934755 0.0180307 9.9982E-05 0.0211314 9.9982E-05 0.0258834
0.731878 0.0503029 0.0468605 0.170758 9.9982E-05 9.9982E-05
0.646295 9.9991E-05 0.00523168 0.29764 0.0380569 0.0126761
0.931463 0.0584554 9.9982E-05 0.00931807 9.9982E-05 0.000564034
0.569829 9.9982E-05 0.0174366 0.330545 9.9982E-05 0.0819893
0.742876 0.01123 0.0388056 0.206889 9.9982E-05 9.9982E-05
0.812689 0.0409392 9.99731E-05 0.146072 9.99731E-05 9.99731E-05
0.874726 9.9973E-05 0.0443594 0.0806142 9.9973E-05 9.9973E-05
0.497407 0.0374439 0.0626965 0.180096 0.152589 0.0697675
0.866501 9.9982E-05 0.0203805 0.0460247 9.9982E-05 0.0668936
0.888326 0.00700444 0.028036 0.0431507 0.0209131 0.0125702
0.541536 0.0848857 0.012326 0.195558 0.14602 0.0196733
0.879596 0.0546541 9.9982E-05 9.9982E-05 0.0520489 0.0135006
0.833804 0.0515903 9.9982E-05 9.9982E-05 0.0740242 0.0403821
0.926679 0.012554 9.9982E-05 9.9982E-05 0.0222876 0.0382795
0.854327 9.99731E-05 0.0255981 0.119775 9.99731E-05 9.99731E-05
0.668721 9.9982E-05 0.0373075 0.169842 0.12393 9.9982E-05
0.688602 9.9991E-05 0.0464129 0.106758 0.0980448 0.0600822
0.947163 9.99641E-05 9.99641E-05 0.0524371 9.99641E-05 9.99641E-05
0.860791 9.9991E-05 0.0129079 0.0906834 0.00334718 0.0321705
0.961237 0.038363 9.99641E-05 9.99641E-05 9.99641E-05 9.99641E-05
0.777017 0.0268942 0.0201869 0.113643 0.0338493 0.0284101
0.874244 9.9973E-05 0.0208759 0.10458 9.9973E-05 9.9973E-05
0.886778 0.0170134 9.9982E-05 0.0591532 0.0368554 9.9982E-05
0.97236 9.99641E-05 9.99641E-05 9.99641E-05 9.99641E-05 0.0272397
0.930105 9.9982E-05 0.0115256 0.0220686 0.0361013 9.9982E-05
0.86529 9.9982E-05 9.9982E-05 0.0260849 0.0917566 0.0166689
0.927709 0.0150312 0.0307202 9.9982E-05 0.0263396 9.9982E-05
0.849266 9.99641E-05 9.99641E-05 9.99641E-05 0.150334 9.99641E-05
0.884012 9.99641E-05 9.99641E-05 9.99641E-05 0.115588 9.99641E-05
0.980265 9.99641E-05 9.99641E-05 9.99641E-05 0.0193348 9.99641E-05
0.87713 0.000559814 9.9982E-05 0.0137426 0.108368 9.9982E-05
0.83806 0.04996 0.0219257 9.9991E-05 0.0777405 0.0122139
0.649782 9.9973E-05 9.9973E-05 9.9973E-05 0.327011 0.0229077
0.615707 9.99731E-05 0.0197476 9.99731E-05 0.364246 9.99731E-05
0.706547 9.99731E-05 0.0242971 9.99731E-05 0.268856 9.99731E-05
0.273497 0.0122791 0.0154124 0.111563 0.587149 9.9991E-05
0.743608 0.00517206 9.9973E-05 9.9973E-05 0.25092 9.9973E-05
0.565401 9.9991E-05 0.0369116 0.00171955 0.376618 0.01925
0.648681 9.99641E-05 9.99641E-05 9.99641E-05 0.350919 9.99641E-05
0.0226661 9.99641E-05 9.99641E-05 9.99641E-05 0.976934 9.99641E-05
0.107075 9.9982E-05 0.0037505 0.00941697 0.879557 9.9982E-05
0.0147772 9.9973E-05 9.9973E-05 0.0436847 0.941238 9.9973E-05
0.0036007 9.99731E-05 9.99731E-05 0.00792519 0.988174 9.99731E-05
0.0584171 9.9964E-05 9.9964E-05 9.9964E-05 0.941183 9.9964E-05
0.155932 9.9982E-05 0.0105364 0.0665729 0.766759 9.9982E-05
0.163718 9.9973E-05 9.9973E-05 0.00755729 0.828425 9.9973E-05
9.99641E-05 9.99641E-05 9.99641E-05 0.0440569 0.955543 9.99641E-05
0.0994059 9.9973E-05 9.9973E-05 0.00867874 0.891615 9.9973E-05
0.0326203 9.9973E-05 0.0163722 9.9973E-05 0.950708 9.9973E-05
9.996E-05 9.996E-05 9.996E-05 9.996E-05 0.9995 9.996E-05
9.9973E-05 0.010782 9.9973E-05 9.9973E-05 0.96577 0.0231479
9.99641E-05 9.99641E-05 9.99641E-05 9.99641E-05 0.998188 0.00141237
