0.0369671 0.154655 9.999E-05 0.00293632 0.747073 0.00922574 0.00700092 0.0420416
0.00188403 0.00674061 9.99731E-05 9.99731E-05 0.938068 0.0134588 9.99731E-05 0.0395484
9.994E-05 9.994E-05 9.994E-05 9.994E-05 0.9993 9.994E-05 9.994E-05 9.994E-05
0.14405 0.11296 0.0300586 9.9982E-05 0.568958 0.11096 0.0328132 9.9982E-05
0.0597623 0.0730212 0.135283 9.9991E-05 0.647742 0.00116973 0.0133734 0.0695477
0.101438 0.000583773 9.9982E-05 9.9982E-05 0.811304 0.0675612 0.00898817 0.00992413
9.994E-05 9.994E-05 9.994E-05 9.994E-05 0.9993 9.994E-05 9.994E-05 9.994E-05
9.99461E-05 9.99461E-05 9.99461E-05 9.99461E-05 0.979515 9.99461E-05 9.99461E-05 0.019885
9.994E-05 9.994E-05 9.994E-05 9.994E-05 0.9993 9.994E-05 9.994E-05 9.994E-05
0.00879847 0.00461647 0.098595 0.0340894 0.753089 9.9982E-05 9.9982E-05 0.100611
9.994E-05 9.994E-05 9.994E-05 9.994E-05 0.166487 9.994E-05 9.994E-05 0.832913
9.994E-05 9.994E-05 9.994E-05 9.994E-05 0.104806 9.994E-05 9.994E-05 0.894595
9.994E-05 9.994E-05 9.994E-05 9.994E-05 0.0471242 9.994E-05 9.994E-05 0.952276
9.99641E-05 9.99641E-05 0.0079426 0.00207238 9.99641E-05 9.99641E-05 0.0733349 0.91625
0.0326764 0.15417 9.9964E-05 9.9964E-05 9.9964E-05 9.9964E-05 0.0484484 0.764306
0.051481 0.057882 0.0827279 0.00347862 0.0212646 0.113855 0.0398528 0.629458
9.995E-05 0.0160774 9.995E-05 9.995E-05 9.995E-05 0.0690078 9.995E-05 0.914415
9.996E-05 9.996E-05 9.996E-05 0.0327918 9.996E-05 0.109197 0.0539834 0.803627
9.9964E-05 9.9964E-05 9.9964E-05 0.00383653 9.9964E-05 0.030318 0.0726681 0.892778
9.994E-05 9.994E-05 9.994E-05 9.994E-05 9.994E-05 9.994E-05 0.9993 9.994E-05
9.994E-05 9.994E-05 9.994E-05 9.994E-05 9.994E-05 9.994E-05 0.9993 9.994E-05
9.99461E-05 9.99461E-05 9.99461E-05 9.99461E-05 9.99461E-05 0.0142223 0.985178 9.99461E-05
0.0124904 9.9973E-05 9.9973E-05 0.0178813 9.9973E-05 0.0805109 0.115723 0.773095
9.996E-05 0.166235 0.000228868 9.996E-05 9.996E-05 0.817236 9.996E-05 0.0159009
0.0073472 0.097853 9.9973E-05 0.0138305 0.0139273 0.866742 9.9973E-05 9.9973E-05
9.995E-05 9.995E-05 0.039501 9.995E-05 9.995E-05 0.90461 9.995E-05 0.0553888
0.00839648 0.114143 9.9973E-05 9.9973E-05 0.00475264 0.835455 9.9973E-05 0.0369535
9.9973E-05 9.9973E-05 0.100231 0.0445287 9.9973E-05 0.767599 0.00912046 0.0782209
9.994E-05 9.994E-05 9.994E-05 0.9993 9.994E-05 9.994E-05 9.994E-05 9.994E-05
9.994E-05 9.994E-05 9.994E-05 0.9993 9.994E-05 9.994E-05 9.994E-05 9.994E-05
9.99461E-05 9.99461E-05 9.99461E-05 0.0329798 9.99461E-05 0.966421 9.99461E-05 9.99461E-05
9.994E-05 9.994E-05 9.994E-05 9.994E-05 9.994E-05 0.9993 9.994E-05 9.994E-05
9.994E-05 9.994E-05 9.994E-05 9.994E-05 9.994E-05 0.9993 9.994E-05 9.994E-05
9.994E-05 9.994E-05 9.994E-05 9.994E-05 9.994E-05 0.987212 0.0121884 9.994E-05
0.0788278 0.0135949 0.179008 9.9991E-05 0.0688883 0.56747 0.0225229 0.069588
0.00630305 0.346306 0.216663 0.00632077 0.0729034 0.274667 0.0245815 0.0522551
0.0228466 0.0470699 0.116459 9.999E-05 0.0804259 0.711996 0.0107704 0.010333
0.0397523 0.935146 9.99551E-05 9.99551E-05 9.99551E-05 9.99551E-05 0.0246017 9.99551E-05
0.0744954 0.794416 9.9982E-05 0.00929562 9.9982E-05 0.0853886 0.0317945 0.00441039
9.994E-05 0.9993 9.994E-05 9.994E-05 9.994E-05 9.994E-05 9.994E-05 9.994E-05
9.997E-05 0.874098 0.0578995 0.0594836 9.997E-05 9.997E-05 0.00424727 0.00397155
0.0285047 0.843579 9.99641E-05 9.99641E-05 0.015494 0.112022 9.99641E-05 9.99641E-05
9.994E-05 0.9993 9.994E-05 9.994E-05 9.994E-05 9.994E-05 9.994E-05 9.994E-05
9.99461E-05 0.992496 9.99461E-05 9.99461E-05 9.99461E-05 9.99461E-05 0.00690398 9.99461E-05
0.00944901 0.848797 9.9964E-05 0.0105412 9.9964E-05 0.130813 9.9964E-05 9.9964E-05
9.994E-05 0.9993 9.994E-05 9.994E-05 9.994E-05 9.994E-05 9.994E-05 9.994E-05
9.99731E-05 0.161974 0.437389 9.99731E-05 0.062952 0.325602 9.99731E-05 0.0117829
9.9982E-05 0.443115 0.314029 0.00284381 9.9982E-05 0.196327 0.0162362 0.0272492
9.995E-05 9.995E-05 0.811848 9.995E-05 9.995E-05 0.122017 9.995E-05 0.0656352
9.997E-05 0.150924 0.710378 0.0419095 9.997E-05 0.0862336 0.0102553 9.997E-05
0.0683746 0.0534209 0.578102 0.0012187 0.0400477 0.178996 0.0474914 0.0323491
9.996E-05 0.577483 0.34392 9.996E-05 9.996E-05 0.0748678 0.00332958 9.996E-05
0.0162054 0.482389 0.457744 0.0200927 9.9973E-05 9.9973E-05 0.0232688 9.9973E-05
0.0608224 0.48324 0.298301 0.0478885 0.0251134 0.0118652 9.9991E-05 0.0726695
9.99731E-05 0.169909 0.711118 9.99731E-05 0.00978337 0.0771237 9.99731E-05 0.0317668
0.0204655 0.234659 0.655496 9.9973E-05 0.00661414 9.9973E-05 9.9973E-05 0.0824662
0.0532262 0.595691 0.272686 0.0296074 0.0292247 9.9982E-05 9.9982E-05 0.019365
0.02224 0.422656 0.454726 0.0298813 9.9982E-05 0.0469579 0.0233391 9.9982E-05
0.0748807 0.55567 0.242674 0.010504 9.9982E-05 0.0852226 0.0308487 9.9982E-05
0.0113422 0.0241546 0.771631 9.9982E-05 0.0530779 0.106394 0.0332008 9.9982E-05
9.99551E-05 9.99551E-05 0.963565 0.023356 9.99551E-05 9.99551E-05 0.012579 9.99551E-05
9.997E-05 0.097101 0.777938 9.997E-05 0.0111672 0.110975 0.00251944 9.997E-05
9.995E-05 0.449853 0.526487 9.995E-05 9.995E-05 9.995E-05 9.995E-05 0.0231609
0.0444691 0.313696 0.473201 9.999E-05 0.0036196 0.10579 0.0181853 0.0409398
9.9973E-05 0.189504 0.630228 0.00581441 9.9973E-05 0.141942 0.0322115 9.9973E-05
0.00105789 9.99641E-05 0.872255 0.107545 9.99641E-05 9.99641E-05 9.99641E-05 0.0187426
9.99551E-05 9.99551E-05 0.904931 9.99551E-05 0.00945447 0.0851147 9.99551E-05 9.99551E-05
9.99461E-05 9.99461E-05 0.955876 9.99461E-05 9.99461E-05 0.043524 9.99461E-05 9.99461E-05
0.0156949 9.99731E-05 0.884274 9.99731E-05 0.0257461 0.0710976 0.0028878 9.99731E-05
9.99641E-05 9.99641E-05 0.929467 9.99641E-05 9.99641E-05 0.025684 0.021775 0.0226742
0.0392944 0.0716305 0.883959 9.99641E-05 9.99641E-05 9.99641E-05 0.00471595 9.99641E-05
9.99461E-05 9.99461E-05 0.955576 0.0438248 9.99461E-05 9.99461E-05 9.99461E-05 9.99461E-05
9.99461E-05 0.172045 0.827355 9.99461E-05 9.99461E-05 9.99461E-05 9.99461E-05 9.99461E-05
0.0309006 0.0786594 0.88949 9.99641E-05 9.99641E-05 9.99641E-05 9.99641E-05 0.000550044
0.013561 0.191531 0.697264 0.0106478 9.998E-05 9.998E-05 0.0261932 0.0606031
0.261028 9.996E-05 0.712962 9.996E-05 0.0207761 9.996E-05 9.996E-05 0.00483376
0.236523 9.996E-05 0.73984 0.00370979 9.996E-05 9.996E-05 0.0195278 9.996E-05
0.181026 0.0400866 0.727043 0.0333414 9.997E-05 9.997E-05 0.0182026 9.997E-05
0.57487 0.0500279 0.276878 0.0480087 9.998E-05 0.00840246 9.998E-05 0.0416123
0.157027 9.99551E-05 0.840575 9.99551E-05 9.99551E-05 9.99551E-05 9.99551E-05 0.00189824
0.282308 9.997E-05 0.651649 0.0296898 0.00483693 9.997E-05 0.0312169 9.997E-05
0.330727 9.99551E-05 0.661173 9.99551E-05 0.00760067 9.99551E-05 9.99551E-05 9.99551E-05
0.909963 0.0105263 9.99551E-05 0.0790112 9.99551E-05 9.99551E-05 9.99551E-05 9.99551E-05
0.853218 0.000947908 0.145334 9.99551E-05 9.99551E-05 9.99551E-05 9.99551E-05 9.99551E-05
0.91354 0.0858605 9.99461E-05 9.99461E-05 9.99461E-05 9.99461E-05 9.99461E-05 9.99461E-05
0.946193 0.0374803 0.015827 9.99551E-05 9.99551E-05 9.99551E-05 9.99551E-05 9.99551E-05
0.911338 9.99551E-05 0.0311742 9.99551E-05 9.99551E-05 0.0569876 9.99551E-05 9.99551E-05
0.793972 0.154629 0.0191256 0.00559265 9.9982E-05 0.0155767 0.0109043 9.9982E-05
0.800856 9.99551E-05 0.185271 0.0133736 9.99551E-05 9.99551E-05 9.99551E-05 9.99551E-05
0.949207 9.99461E-05 9.99461E-05 9.99461E-05 9.99461E-05 0.0501934 9.99461E-05 9.99461E-05
0.895308 0.104092 9.99461E-05 9.99461E-05 9.99461E-05 9.99461E-05 9.99461E-05 9.99461E-05
0.921547 9.9964E-05 0.0616151 9.9964E-05 9.9964E-05 0.0152529 0.00118515 9.9964E-05
0.9993 9.994E-05 9.994E-05 9.994E-05 9.994E-05 9.994E-05 9.994E-05 9.994E-05
0.934858 9.99551E-05 9.99551E-05 9.99551E-05 0.0173882 9.99551E-05 9.99551E-05 0.047254
0.9993 9.994E-05 9.994E-05 9.994E-05 9.994E-05 9.994E-05 9.994E-05 9.994E-05
