0.78501 0.05787 0.0309789 0.126141
0.997938 0.00186197 9.9982E-05 9.9982E-05
0.9997 9.998E-05 9.998E-05 9.998E-05
0.649741 0.125624 0.0333499 0.191285
0.691073 0.0948286 0.0299417 0.184157
0.868133 0.106638 9.9991E-05 0.0251288
0.9997 9.998E-05 9.998E-05 9.998E-05
0.9997 9.998E-05 9.998E-05 9.998E-05
0.9997 9.998E-05 9.998E-05 9.998E-05
0.783612 0.0402452 0.0461023 0.130041
0.569365 9.9991E-05 0.350831 0.0797043
0.481161 9.9991E-05 0.425031 0.0937079
0.440452 9.9991E-05 0.435827 0.123621
0.144431 0.0357862 0.642707 0.177076
0.207982 0.0744422 0.477021 0.240555
0.169893 0.049355 0.388813 0.391939
0.188181 9.9991E-05 0.511023 0.300696
0.141572 9.9991E-05 0.574971 0.283357
0.183472 9.9991E-05 0.618149 0.198279
9.998E-05 9.998E-05 0.9997 9.998E-05
9.998E-05 9.998E-05 0.9997 9.998E-05
9.998E-05 9.998E-05 0.9997 9.998E-05
0.0861732 9.9991E-05 0.646868 0.266859
0.0315763 0.00171737 0.0802463 0.88646
0.0804661 9.9991E-05 0.0539238 0.86551
0.0384669 9.9991E-05 0.0824347 0.878998
0.0665413 9.9991E-05 0.0969409 0.836418
0.0298208 9.9991E-05 0.118836 0.851243
0.0408508 9.9991E-05 0.0668651 0.892184
0.0252133 9.9991E-05 0.0666493 0.908037
0.00298515 9.9991E-05 0.0539757 0.942939
9.9982E-05 9.9982E-05 0.0507723 0.949028
0.0777988 9.9991E-05 0.0771361 0.844965
0.027819 9.9991E-05 0.0715868 0.900494
0.0997241 0.0444758 0.0761688 0.779631
0.0821791 0.0706141 0.0525654 0.794641
0.128796 0.00973818 0.02992 0.831546
9.9991E-05 0.143705 0.0524302 0.803765
9.9991E-05 0.151664 0.068285 0.779951
9.9991E-05 0.0816153 0.0207744 0.89751
9.9991E-05 0.0614714 0.0328544 0.905574
9.9991E-05 0.138957 0.0460438 0.814899
9.9982E-05 0.0441941 9.9982E-05 0.955606
9.9991E-05 0.0894539 0.0794075 0.831039
0.0118893 0.134534 0.010053 0.843523
0.00942607 0.0832733 0.00662039 0.90068
0.0884418 0.0818008 9.9991E-05 0.829657
9.9991E-05 0.0478074 0.0461281 0.905964
9.99821E-05 0.0305195 9.99821E-05 0.969281
9.9991E-05 0.139613 0.00604587 0.854241
0.0766845 0.174318 0.0434404 0.705557
0.00847706 0.0898342 9.9991E-05 0.901589
9.9991E-05 0.17251 0.00670802 0.820682
0.0410469 0.245117 9.9991E-05 0.713736
9.9991E-05 0.280051 0.0316533 0.688196
0.0057449 0.230461 0.0284538 0.73534
0.0308671 0.1775 9.9991E-05 0.791533
9.9991E-05 0.138324 0.0125393 0.849037
9.9991E-05 0.161373 0.0480629 0.790464
0.0209607 0.208956 0.0556389 0.714444
9.9982E-05 0.122349 9.9982E-05 0.877451
0.00596758 0.100423 9.9991E-05 0.89351
9.9982E-05 0.110748 9.9982E-05 0.889052
0.0433944 0.2262 0.0513984 0.679007
9.9991E-05 0.143465 0.00419696 0.852238
0.0124671 0.192828 9.9991E-05 0.794605
0.00553398 0.165393 9.9991E-05 0.828973
9.9982E-05 0.177178 9.9982E-05 0.822622
0.0173655 0.209418 9.9991E-05 0.773116
9.9991E-05 0.196029 0.0380917 0.765779
9.9982E-05 0.296972 9.9982E-05 0.702828
9.9982E-05 0.252346 9.9982E-05 0.747454
9.9982E-05 0.256451 9.9982E-05 0.743349
9.9982E-05 0.261913 9.9982E-05 0.737887
0.0274663 0.200715 0.014368 0.75745
0.0120078 0.495416 9.9991E-05 0.492476
9.9991E-05 0.531973 0.00413621 0.463791
9.9982E-05 0.423053 9.9982E-05 0.576747
0.029885 0.66324 0.0159824 0.290893
9.9982E-05 0.483079 9.9982E-05 0.516721
9.9982E-05 0.452895 9.9982E-05 0.546906
9.9982E-05 0.514908 9.9982E-05 0.484892
9.998E-05 0.9997 9.998E-05 9.998E-05
9.9982E-05 0.970239 9.9982E-05 0.0295611
9.9982E-05 0.985156 9.9982E-05 0.014644
9.998E-05 0.9997 9.998E-05 9.998E-05
9.9982E-05 0.96194 9.9982E-05 0.0378602
9.9991E-05 0.810016 0.01012 0.179764
0.00407717 0.905814 9.9991E-05 0.0900087
9.9982E-05 0.998482 9.9982E-05 0.00131771
9.998E-05 0.9997 9.998E-05 9.998E-05
9.9982E-05 0.991849 9.9982E-05 0.00795108
9.998E-05 0.9997 9.998E-05 9.998E-05
0.0377868 0.962013 9.9982E-05 9.9982E-05
0.0105217 0.989278 9.9982E-05 9.9982E-05
