0.0915552 0.0598629 0.772681 0.0430147 0.0246887 0.00819762
9.99641E-05 0.0224946 0.977106 9.99641E-05 9.99641E-05 9.99641E-05
9.996E-05 9.996E-05 0.9995 9.996E-05 9.996E-05 9.996E-05
0.11809 0.101724 0.581505 0.0253709 0.01378 0.159531
0.280646 9.9982E-05 0.666818 0.00488935 0.0474467 9.9982E-05
9.9973E-05 0.0854276 0.86301 9.9973E-05 9.9973E-05 0.0512621
9.996E-05 9.996E-05 0.9995 9.996E-05 9.996E-05 9.996E-05
9.996E-05 9.996E-05 0.9995 9.996E-05 9.996E-05 9.996E-05
9.996E-05 9.996E-05 0.9995 9.996E-05 9.996E-05 9.996E-05
0.115769 9.9991E-05 0.773246 0.0448433 0.0389966 0.0270445
0.0412101 9.9973E-05 0.528656 0.429834 9.9973E-05 9.9973E-05
0.0586126 9.9991E-05 0.415438 0.48455 0.0155273 0.025772
0.037191 9.9982E-05 0.368721 0.539795 9.9982E-05 0.0540934
0.0547243 9.9991E-05 0.0847749 0.698721 0.0175422 0.144137
0.217614 0.00927427 0.152056 0.534088 0.0684898 0.0184784
0.313951 0.00396455 0.146683 0.402274 0.00953222 0.123595
0.12479 9.9982E-05 0.174289 0.516759 9.9982E-05 0.183962
0.00908645 9.9982E-05 0.0865483 0.585628 9.9982E-05 0.318537
0.0518026 9.9991E-05 0.139919 0.629471 0.0259479 0.15276
9.996E-05 9.996E-05 9.996E-05 0.9995 9.996E-05 9.996E-05
9.996E-05 9.996E-05 9.996E-05 0.9995 9.996E-05 9.996E-05
9.996E-05 9.996E-05 9.996E-05 0.9995 9.996E-05 9.996E-05
9.9982E-05 9.9982E-05 0.052074 0.650714 0.0435968 0.253416
0.223867 0.0675596 0.00171504 0.0384138 9.9991E-05 0.668345
0.0177431 0.0763813 0.0228332 9.9991E-05 0.0170078 0.865935
0.0152843 0.0709501 0.000687151 0.0480048 9.9991E-05 0.864974
0.11813 9.9982E-05 0.0265735 0.0353733 9.9982E-05 0.819724
0.153446 9.9982E-05 0.0221657 0.0618786 9.9982E-05 0.762309
9.996E-05 9.996E-05 9.996E-05 9.996E-05 9.996E-05 0.9995
9.996E-05 9.996E-05 9.996E-05 9.996E-05 9.996E-05 0.9995
9.996E-05 9.996E-05 9.996E-05 9.996E-05 9.996E-05 0.9995
9.99641E-05 0.000244329 9.99641E-05 9.99641E-05 9.99641E-05 0.999356
9.99641E-05 9.99641E-05 9.99641E-05 9.99641E-05 0.00365042 0.99595
0.00809567 9.99731E-05 9.99731E-05 0.0151829 9.99731E-05 0.976421
0.182228 0.120829 0.0997249 0.00506098 0.036504 0.555653
0.415875 9.9991E-05 0.0448355 0.0487948 0.065242 0.425153
0.144749 0.015971 0.0916969 9.9991E-05 0.00207817 0.745405
0.863813 0.0568853 9.99731E-05 0.0790012 9.99731E-05 9.99731E-05
0.652622 0.0988626 9.9982E-05 0.0561579 9.9982E-05 0.192157
0.948178 9.99821E-05 0.0134115 0.00922143 9.99821E-05 0.0289892
0.772383 0.0340547 9.9982E-05 0.0465952 9.9982E-05 0.146767
0.75071 0.00611148 0.0183271 0.0413148 0.0435757 0.139961
0.953204 9.99641E-05 9.99641E-05 9.99641E-05 9.99641E-05 0.046396
0.763284 0.012034 9.9982E-05 0.0747968 9.9982E-05 0.149685
0.656466 0.0655179 0.0196662 9.9982E-05 9.9982E-05 0.258149
0.9995 9.996E-05 9.996E-05 9.996E-05 9.996E-05 9.996E-05
0.645031 0.00700665 0.0920039 0.0122527 9.9991E-05 0.243606
0.773687 9.9982E-05 9.9982E-05 0.0294782 0.0177216 0.178913
0.839288 9.99641E-05 9.99641E-05 9.99641E-05 9.99641E-05 0.160312
0.867477 0.0205996 9.9991E-05 0.00469221 0.029217 0.0779144
0.388164 0.256168 0.0510446 0.0935862 0.0086396 0.202398
0.957872 9.9973E-05 0.0266853 9.9973E-05 9.9973E-05 0.0151428
0.800611 0.107373 9.9982E-05 0.00935089 9.9982E-05 0.0824655
0.669491 0.138518 0.0592136 9.9991E-05 0.00740049 0.125276
0.881356 0.0803194 0.0312516 0.00687336 9.9982E-05 9.9982E-05
0.799046 0.0839003 0.0306714 0.0250156 0.0441343 0.0172329
0.852224 9.9991E-05 0.0230353 0.0201905 0.075775 0.0286751
0.893238 0.0348481 9.9982E-05 9.9982E-05 0.000247684 0.071466
0.670535 0.103031 9.9991E-05 0.0231932 0.0279969 0.175145
0.739393 0.14001 0.0460536 0.0486444 9.9991E-05 0.0257985
0.885914 0.0477199 9.99731E-05 9.99731E-05 9.99731E-05 0.0660664
0.907318 9.9982E-05 0.00957851 9.9982E-05 0.0138848 0.0690187
0.978259 0.0213408 9.99641E-05 9.99641E-05 9.99641E-05 9.99641E-05
0.83738 0.022652 0.0382187 0.0234776 0.0446591 0.0336129
0.863414 9.9973E-05 9.9973E-05 0.0281984 9.9973E-05 0.108088
0.948571 9.99731E-05 9.99731E-05 9.99731E-05 0.0335866 0.017542
0.917754 0.0596943 9.99731E-05 9.99731E-05 9.99731E-05 0.0222515
0.934653 9.99641E-05 9.99641E-05 9.99641E-05 0.0649475 9.99641E-05
0.875733 0.0702747 0.0143085 9.9991E-05 0.0161668 0.0234175
0.87386 9.9982E-05 9.9982E-05 0.0059939 0.0988857 0.0210601
0.847241 0.150381 9.99731E-05 9.99731E-05 0.00207889 9.99731E-05
0.874681 0.124919 9.99641E-05 9.99641E-05 9.99641E-05 9.99641E-05
0.904953 0.0808836 9.99731E-05 9.99731E-05 0.0138637 9.99731E-05
0.842998 0.155346 9.9973E-05 0.00135603 9.9973E-05 9.9973E-05
0.885888 0.0183318 0.0126262 0.0359513 0.0471028 9.9991E-05
0.533904 0.426049 0.0292565 9.9982E-05 0.0105907 9.9982E-05
0.559475 0.421129 9.9982E-05 0.0128592 0.00633658 9.9982E-05
0.626041 0.366726 9.99731E-05 9.99731E-05 0.00693282 9.99731E-05
0.151983 0.673219 0.00253626 0.021143 0.0100384 0.14108
0.616979 0.382621 9.99641E-05 9.99641E-05 9.99641E-05 9.99641E-05
0.52366 0.436985 9.9973E-05 0.039055 9.9973E-05 9.9973E-05
0.473524 0.495763 9.99731E-05 9.99731E-05 9.99731E-05 0.0304132
9.996E-05 0.9995 9.996E-05 9.996E-05 9.996E-05 9.996E-05
9.99641E-05 0.979347 9.99641E-05 9.99641E-05 0.0202532 9.99641E-05
9.996E-05 0.9995 9.996E-05 9.996E-05 9.996E-05 9.996E-05
9.99641E-05 0.956697 9.99641E-05 9.99641E-05 0.0429032 9.99641E-05
9.99641E-05 0.997707 9.99641E-05 9.99641E-05 0.001893 9.99641E-05
9.9982E-05 0.846483 0.00924958 9.9982E-05 0.048427 0.0956403
0.00594309 0.974509 0.0192479 9.9973E-05 9.9973E-05 9.9973E-05
9.9973E-05 0.940605 9.9973E-05 9.9973E-05 0.0487589 0.0103358
9.996E-05 0.9995 9.996E-05 9.996E-05 9.996E-05 9.996E-05
9.9964E-05 0.944649 9.9964E-05 9.9964E-05 0.0549507 9.9964E-05
9.996E-05 9.996E-05 9.996E-05 9.996E-05 0.9995 9.996E-05
0.0152431 9.9973E-05 9.9973E-05 9.9973E-05 0.969966 0.0144913
9.996E-05 9.996E-05 9.996E-05 9.996E-05 0.9995 9.996E-05
