0.136027 0.834251 0.029722
0.0331068 0.966793 9.9991E-05
9.999E-05 0.9998 9.999E-05
0.200744 0.64386 0.155396
0.258722 0.714632 0.0266457
0.138482 0.861418 9.9991E-05
9.999E-05 0.9998 9.999E-05
9.999E-05 0.9998 9.999E-05
9.999E-05 0.9998 9.999E-05
0.125856 0.847568 0.0265767
9.9991E-05 0.887968 0.111932
9.9991E-05 0.837439 0.162461
9.9991E-05 0.786042 0.213858
9.9991E-05 0.592053 0.407847
0.0367952 0.535383 0.427822
0.0122191 0.430597 0.557184
9.9991E-05 0.574487 0.425413
9.9991E-05 0.545773 0.454127
9.9991E-05 0.608688 0.391212
9.9991E-05 0.718206 0.281694
9.9991E-05 0.694036 0.305864
9.9991E-05 0.720923 0.278977
9.9991E-05 0.556055 0.443845
0.0186068 0.0673728 0.91402
0.00412667 0.0705545 0.925319
9.9991E-05 0.0810562 0.918844
9.9991E-05 0.0949787 0.904921
9.9991E-05 0.085768 0.914132
9.9991E-05 0.01387 0.98603
9.9991E-05 0.0130945 0.986805
9.999E-05 9.999E-05 0.9998
9.999E-05 9.999E-05 0.9998
9.9991E-05 0.0790602 0.92084
9.9991E-05 0.0638175 0.936083
0.117272 0.108716 0.774012
0.0940152 0.130066 0.775919
0.0738572 0.146923 0.77922
0.152975 9.9991E-05 0.846925
0.216228 0.0324476 0.751324
0.197666 0.00170683 0.800627
0.123336 9.9991E-05 0.876565
0.173899 9.9991E-05 0.826001
0.169097 9.9991E-05 0.830803
0.139751 0.00640838 0.853841
0.190678 9.9991E-05 0.809222
0.182384 9.9991E-05 0.817516
0.127461 0.0754759 0.797063
0.112728 9.9991E-05 0.887172
0.133121 9.9991E-05 0.866779
0.194855 9.9991E-05 0.805045
0.234734 0.0908662 0.6744
0.155928 9.9991E-05 0.843972
0.240524 9.9991E-05 0.759376
0.310487 0.0855028 0.60401
0.294353 9.9991E-05 0.705547
0.344615 0.0237308 0.631655
0.281998 0.000262165 0.71774
0.240484 9.9991E-05 0.759416
0.284645 9.9991E-05 0.715255
0.23727 0.0662891 0.696441
0.257611 9.9991E-05 0.742289
0.213575 9.9991E-05 0.786325
0.215413 9.9991E-05 0.784487
0.26237 0.021944 0.715686
0.209459 9.9991E-05 0.790441
0.257454 9.9991E-05 0.742446
0.254662 9.9991E-05 0.745238
0.246816 9.9991E-05 0.753084
0.333435 9.9991E-05 0.666465
0.294227 9.9991E-05 0.705673
0.434312 9.9991E-05 0.565588
0.37545 9.9991E-05 0.62445
0.338956 9.9991E-05 0.660944
0.353324 9.9991E-05 0.646576
0.284989 9.9991E-05 0.714911
0.586865 9.9991E-05 0.413035
0.60305 9.9991E-05 0.39685
0.485902 9.9991E-05 0.513998
0.647628 9.9991E-05 0.352272
0.577367 9.9991E-05 0.422533
0.569153 0.0113548 0.419493
0.652323 9.9991E-05 0.347577
0.9998 9.999E-05 9.999E-05
0.9521 9.9991E-05 0.0477996
0.987737 9.9991E-05 0.0121627
0.9998 9.999E-05 9.999E-05
0.983178 9.9991E-05 0.0167216
0.841985 9.9991E-05 0.157915
0.932451 9.9991E-05 0.0674493
0.995873 9.9991E-05 0.00402692
0.969905 9.9991E-05 0.0299945
0.993436 9.9991E-05 0.00646352
0.9998 9.999E-05 9.999E-05
0.953235 0.046665 9.9991E-05
0.98672 0.0131801 9.9991E-05
