0.0782729 0.190317 0.0917831 0.6185 0.0211262
0.0728404 9.9991E-05 0.022868 0.868954 0.0352377
0.104084 9.9991E-05 0.00699177 0.876153 0.0126715
0.13033 9.9982E-05 0.00334197 0.866128 9.9982E-05
0.060359 9.9982E-05 0.0529533 0.886488 9.9982E-05
9.9973E-05 9.9973E-05 9.9973E-05 0.995021 0.004679
9.997E-05 9.997E-05 9.997E-05 0.9996 9.997E-05
9.9973E-05 9.9973E-05 0.000743917 0.998956 9.9973E-05
0.135744 9.9982E-05 9.9982E-05 0.846254 0.0178013
9.997E-05 9.997E-05 9.997E-05 0.9996 9.997E-05
0.0330608 0.0214547 0.0415934 0.892517 0.0113741
0.101278 9.9982E-05 9.9982E-05 0.884444 0.0140781
0.0968013 9.9991E-05 0.0274721 0.870566 0.00506031
0.101563 0.141844 9.9982E-05 0.756393 9.9982E-05
0.167116 9.9991E-05 0.0747147 0.742289 0.0157806
0.0975383 0.074177 0.0393747 0.78881 9.9991E-05
0.087706 0.0280325 9.9991E-05 0.87503 0.00913144
0.050299 9.9982E-05 0.00435207 0.945149 9.9982E-05
0.141511 0.0726756 0.0548363 0.694436 0.0365411
0.0462292 9.9973E-05 9.9973E-05 0.953471 9.9973E-05
0.0966387 9.9982E-05 0.0346939 0.868467 9.9982E-05
0.107248 0.0217058 9.9982E-05 0.870846 9.9982E-05
0.101917 0.0343126 0.0713975 0.781728 0.0106446
0.160925 9.9982E-05 9.9982E-05 0.814672 0.0242036
0.0878823 9.9982E-05 9.9982E-05 0.905917 0.00600114
0.0284583 0.0194689 0.0842075 0.855997 0.0118686
0.0252949 0.00488866 9.9982E-05 0.969616 9.9982E-05
0.149402 0.0329869 9.9991E-05 0.779717 0.0377933
0.106919 9.9982E-05 0.102458 0.790423 9.9982E-05
9.9982E-05 9.9982E-05 0.704636 0.261198 0.0339662
9.997E-05 9.997E-05 9.997E-05 9.997E-05 0.9996
0.00963492 0.0444023 0.594422 0.301425 0.0501154
0.567296 9.9982E-05 9.9982E-05 0.423 0.00950464
0.564043 9.9991E-05 0.0182173 0.40532 0.0123204
0.688959 9.9982E-05 9.9982E-05 0.266957 0.0438848
0.597601 9.9982E-05 0.0144026 0.387797 9.9982E-05
0.561776 0.0980659 9.9991E-05 0.333058 0.00700077
0.589887 0.0101606 9.9982E-05 0.399753 9.9982E-05
0.522262 9.9982E-05 0.0171467 0.460391 9.9982E-05
0.613198 9.9991E-05 0.0081129 0.37405 0.00453924
0.642886 9.9991E-05 0.0489415 0.29 0.0180715
0.678919 0.00619407 9.9982E-05 0.314687 9.9982E-05
0.586726 0.0412165 9.9991E-05 0.360637 0.01132
0.529124 0.039059 9.9991E-05 0.419833 0.0118839
0.563039 9.9982E-05 0.0141072 0.422653 9.9982E-05
0.619864 0.0465416 9.9982E-05 0.333394 9.9982E-05
0.0555728 9.9982E-05 0.920137 9.9982E-05 0.02409
9.9973E-05 0.0514793 0.948221 9.9973E-05 9.9973E-05
0.0508131 0.305279 0.437828 0.170317 0.0357621
9.9991E-05 0.181647 0.739802 0.0736465 0.00480391
9.9982E-05 0.159806 0.839562 0.000431421 9.9982E-05
9.9991E-05 0.217254 0.740589 0.00399762 0.0380593
0.618034 0.0290248 9.9991E-05 0.341093 0.0117479
0.616205 0.0107731 9.9982E-05 0.372822 9.9982E-05
0.548983 0.0249809 0.0689674 0.33909 0.0179788
0.608284 9.9991E-05 0.0170012 0.367048 0.00756684
0.72225 0.00419362 9.9991E-05 0.270271 0.00318554
0.671236 9.9982E-05 9.9982E-05 0.323125 0.00543877
0.614846 9.9982E-05 0.0382169 0.346737 9.9982E-05
0.579686 9.9991E-05 0.0674905 0.33663 0.0160935
0.593938 9.9991E-05 0.103819 0.300486 0.00165735
0.598819 9.9982E-05 9.9982E-05 0.380359 0.0206225
0.524774 0.0791594 9.9991E-05 0.366095 0.0298716
0.640803 0.0406968 9.9991E-05 0.295195 0.0232052
0.497031 0.104688 0.0375863 0.330595 0.0300994
0.672057 9.99731E-05 9.99731E-05 0.327643 9.99731E-05
0.483976 0.0601793 0.04784 0.38534 0.0226654
0.630814 9.9991E-05 0.00762194 0.340705 0.0207597
0.730312 9.9991E-05 0.0271287 0.208907 0.0335525
0.723577 0.00644569 0.0298953 0.232704 0.00737748
0.602116 9.9973E-05 9.9973E-05 0.397584 9.9973E-05
0.618839 0.0321403 9.9982E-05 0.348821 9.9982E-05
0.672294 9.9991E-05 0.137161 0.18573 0.00471421
0.787765 0.0487001 9.9991E-05 0.15091 0.0125248
0.887067 9.9982E-05 9.9982E-05 0.110643 0.00208989
0.690635 9.9991E-05 0.152217 0.134067 0.0229813
0.0473681 0.111839 0.797883 0.0332791 0.00963058
9.9973E-05 9.9973E-05 0.981603 9.9973E-05 0.0180974
9.9991E-05 0.0595665 0.836561 0.0909112 0.0128616
0.0162384 0.114185 0.869377 9.9982E-05 9.9982E-05
0.0713096 0.117309 0.80465 9.9991E-05 0.00663166
0.190028 0.216643 0.434636 0.139543 0.0191498
9.9982E-05 9.9982E-05 0.991587 0.00654173 0.00167128
9.997E-05 9.997E-05 0.9996 9.997E-05 9.997E-05
9.9973E-05 9.9973E-05 0.99848 9.9973E-05 0.00121988
9.9973E-05 0.0100298 0.98967 9.9973E-05 9.9973E-05
9.9982E-05 0.0436683 0.955639 9.9982E-05 0.000492995
9.997E-05 9.997E-05 0.9996 9.997E-05 9.997E-05
9.997E-05 9.997E-05 0.9996 9.997E-05 9.997E-05
0.982286 9.99731E-05 9.99731E-05 9.99731E-05 0.0174143
0.78516 0.149829 9.9982E-05 0.0648112 9.9982E-05
0.722668 0.144629 0.00391508 0.128688 9.9991E-05
0.750531 0.1496 0.0125333 0.0813589 0.00597603
0.818845 0.10396 0.0198965 0.0571987 9.9991E-05
0.549054 0.211144 0.0404907 0.191884 0.0074281
0.995602 9.99731E-05 9.99731E-05 9.99731E-05 0.00409848
0.975468 9.9982E-05 0.0217586 9.9982E-05 0.0025733
0.945413 0.000473532 9.9991E-05 0.0440458 0.00996759
0.945076 9.9973E-05 0.0546239 9.9973E-05 9.9973E-05
0.112344 9.9991E-05 0.742959 0.129217 0.0153805
0.183888 9.9982E-05 0.610412 0.2055 9.9982E-05
0.157241 0.121894 0.58468 0.114374 0.0218111
0.173056 9.9991E-05 0.689588 0.137111 0.000145401
0.104136 9.9982E-05 0.664931 0.230733 9.9982E-05
9.99731E-05 0.64314 0.35656 9.99731E-05 9.99731E-05
0.19712 0.0271705 0.572869 0.181178 0.0216634
0.196668 0.309089 0.235336 0.223454 0.0354519
0.133709 0.547304 0.157926 0.160961 9.9991E-05
0.175602 0.0416382 0.514552 0.268108 9.9991E-05
0.987464 9.9973E-05 9.9973E-05 9.9973E-05 0.0122361
0.9996 9.997E-05 9.997E-05 9.997E-05 9.997E-05
0.927318 0.0710173 9.9982E-05 0.00146438 9.9982E-05
0.977512 9.9973E-05 0.0221877 9.9973E-05 9.9973E-05
0.982803 9.9973E-05 0.0168973 9.9973E-05 9.9973E-05
0.979355 0.0172698 9.9982E-05 9.9982E-05 0.0031749
0.972085 9.9973E-05 9.9973E-05 9.9973E-05 0.0276154
0.9996 9.997E-05 9.997E-05 9.997E-05 9.997E-05
0.639274 0.0939745 0.181621 0.0806541 0.00447698
0.942693 0.0111092 9.9982E-05 0.0459982 9.9982E-05
0.976042 9.9982E-05 0.0146258 9.9982E-05 0.00913207
0.987587 0.0121127 9.9973E-05 9.9973E-05 9.9973E-05
0.800532 0.122002 9.9991E-05 0.0506703 0.0266955
0.945318 0.0434552 9.9982E-05 9.9982E-05 0.0110272
0.943766 9.9982E-05 0.0493712 9.9982E-05 0.00666323
0.9996 9.997E-05 9.997E-05 9.997E-05 9.997E-05
0.9996 9.997E-05 9.997E-05 9.997E-05 9.997E-05
0.0377091 0.798024 0.0824584 0.0729458 0.0088626
9.9991E-05 0.727134 0.221494 0.0166099 0.0346621
0.201378 0.525358 0.118551 0.131174 0.0235391
0.158999 0.585851 0.0909977 0.13395 0.0302014
0.0115345 0.752919 0.222765 9.9991E-05 0.0126814
0.227396 0.40507 0.261643 0.105791 9.9991E-05
9.9973E-05 0.95409 9.9973E-05 9.9973E-05 0.0456099
0.059951 0.750913 0.0450313 0.137652 0.00645332
0.134173 0.68268 0.00462102 0.155717 0.0228091
9.9982E-05 0.936791 0.0402639 9.9982E-05 0.0227447
0.131155 0.630242 0.107661 0.126607 0.00433472
0.0538083 0.802862 0.0848295 0.0577769 0.000723711
0.000632079 0.98028 0.00421252 9.9991E-05 0.0147754
9.9982E-05 0.702476 0.194901 0.102422 9.9982E-05
0.0198056 0.890153 0.0462259 0.0358845 0.00793146
0.145891 0.64021 0.0584927 0.137325 0.0180817
0.0146228 0.848236 0.0787968 0.0342247 0.0241202
0.054335 0.854217 0.0912477 9.9982E-05 9.9982E-05
9.9982E-05 0.843954 0.139805 9.9982E-05 0.016041
0.0680985 0.844439 9.9991E-05 0.0579544 0.029408
0.0200889 0.867294 0.0807034 0.0132835 0.0186302
9.9982E-05 0.989749 0.00457066 9.9982E-05 0.00548079
9.9982E-05 0.953498 0.0341308 9.9982E-05 0.0121711
9.9991E-05 0.856577 0.101974 0.0181 0.023249
0.0341853 0.807663 0.122738 0.035313 9.9991E-05
0.102194 0.620375 0.051394 0.208171 0.0178657
0.00522707 0.942406 9.9991E-05 0.0398515 0.0124155
0.035137 0.924298 0.0328577 0.00760766 9.9991E-05
9.9982E-05 0.809486 0.164734 9.9982E-05 0.0255803
9.9982E-05 0.859348 0.105388 9.9982E-05 0.035064
0.0841368 0.804367 0.0910056 0.00316451 0.0173263
9.9982E-05 0.828257 0.128798 0.042745 9.9982E-05
9.997E-05 9.997E-05 9.997E-05 9.997E-05 0.9996
9.9982E-05 0.924057 0.0672255 9.9982E-05 0.00851781
0.0146058 0.979416 9.9982E-05 9.9982E-05 0.00577814
9.99731E-05 0.935664 0.0640358 9.99731E-05 9.99731E-05
9.9991E-05 0.792685 0.132679 0.0678096 0.00672675
9.9991E-05 0.965725 0.0179334 0.00673437 0.00950713
9.9982E-05 0.913763 0.0559167 9.9982E-05 0.0301199
9.99731E-05 0.967999 9.99731E-05 9.99731E-05 0.0317015
9.9991E-05 0.857792 0.0351426 0.0892797 0.0176858
0.0440719 0.752415 0.122394 0.081019 9.9991E-05
0.146953 0.614835 0.103835 0.127142 0.00723459
0.177437 0.530159 0.181503 0.0827942 0.0281064
0.15359 0.531823 0.152594 0.131333 0.0306598
0.0972186 0.835496 0.0366421 0.0185953 0.0120482
0.0728664 0.778246 0.0668638 0.0730833 0.00894069
0.0501047 0.757306 0.163144 0.0200535 0.00939183
0.115783 0.640825 0.0834093 0.157925 0.002058
0.0793323 0.717884 0.0778825 0.124801 9.9991E-05
0.0928033 0.742781 0.0455983 0.09804 0.0207778
0.0504947 0.844912 9.9991E-05 0.091473 0.0130208
0.145041 0.784141 9.9991E-05 0.0584625 0.012256
9.9991E-05 0.96725 0.0206106 0.00237042 0.00966888
0.136469 0.707414 0.0593439 0.088999 0.00777384
0.0229922 0.932647 0.0441576 9.9991E-05 0.00010338
0.113432 0.770571 0.0100772 0.0968991 0.00902141
0.0505408 0.840304 0.0734729 0.0203221 0.0153599
0.0782719 0.830784 0.0324399 0.0456418 0.0128624
9.99731E-05 0.96222 9.99731E-05 9.99731E-05 0.0374799
0.0168757 0.935857 0.00169889 0.029487 0.0160818
9.99731E-05 0.969133 9.99731E-05 9.99731E-05 0.0305675
9.9982E-05 0.96541 0.0279884 9.9982E-05 0.00640147
0.00716852 0.965064 9.9982E-05 0.0275673 9.9982E-05
0.0343513 0.947691 0.0177574 9.9982E-05 9.9982E-05
9.9982E-05 0.929342 0.0404616 9.9982E-05 0.0299965
9.997E-05 0.9996 9.997E-05 9.997E-05 9.997E-05
0.124722 0.50421 0.178265 0.157097 0.0357069
0.00918087 0.885801 0.0927938 9.9991E-05 0.0121248
0.0396049 0.957855 9.9982E-05 9.9982E-05 0.0023398
9.9982E-05 0.904311 0.0924071 0.00308214 9.9982E-05
9.9982E-05 0.955066 9.9982E-05 0.0234523 0.0212821
0.0333628 0.919353 9.9982E-05 9.9982E-05 0.0470843
0.0347219 0.896491 0.0542183 0.014469 9.9991E-05
0.0788104 0.896277 0.0158374 9.9991E-05 0.00897549
9.997E-05 0.9996 9.997E-05 9.997E-05 9.997E-05
9.99731E-05 0.982906 9.99731E-05 9.99731E-05 0.016794
9.99731E-05 0.995336 9.99731E-05 9.99731E-05 0.00436383
0.0420628 0.890122 0.0542107 9.9991E-05 0.0135043
9.9973E-05 0.93433 9.9973E-05 0.0653703 9.9973E-05
9.9982E-05 0.96436 9.9982E-05 0.00256093 0.0328792
9.997E-05 0.9996 9.997E-05 9.997E-05 9.997E-05
0.132716 0.689617 0.0940582 0.0717487 0.0118604
9.99731E-05 0.982952 9.99731E-05 0.0167484 9.99731E-05
