0.0913858 9.9982E-05 0.00355192 0.12506 9.9982E-05 0.0466827 0.724211 0.00890893
0.00482742 9.99551E-05 9.99551E-05 9.99551E-05 9.99551E-05 0.0352422 0.959431 9.99551E-05
9.99461E-05 9.99461E-05 0.0014162 9.99461E-05 9.99461E-05 9.99461E-05 0.997984 9.99461E-05
9.9982E-05 9.9982E-05 0.00696167 0.164996 0.00873718 0.0770752 0.62745 0.11458
0.0611231 9.9982E-05 0.03537 0.147376 9.9982E-05 0.101349 0.621625 0.0329566
9.9982E-05 0.0263824 9.9982E-05 0.0152207 0.0154692 0.0813458 0.813551 0.0478314
9.994E-05 9.994E-05 9.994E-05 9.994E-05 9.994E-05 9.994E-05 0.9993 9.994E-05
9.994E-05 9.994E-05 9.994E-05 9.994E-05 9.994E-05 9.994E-05 0.9993 9.994E-05
9.994E-05 9.994E-05 9.994E-05 9.994E-05 9.994E-05 9.994E-05 0.9993 9.994E-05
0.0725859 0.0632233 9.9982E-05 0.0814635 0.00935524 9.9982E-05 0.752073 0.0210989
0.868855 9.99461E-05 9.99461E-05 9.99461E-05 9.99461E-05 9.99461E-05 0.130545 9.99461E-05
0.924295 9.99461E-05 9.99461E-05 9.99461E-05 9.99461E-05 9.99461E-05 0.0751058 9.99461E-05
0.986557 9.99461E-05 9.99461E-05 9.99461E-05 9.99461E-05 9.99461E-05 0.0128429 9.99461E-05
0.881443 9.99641E-05 0.0831677 9.99641E-05 0.00210292 9.99641E-05 9.99641E-05 0.0328864
0.784603 0.121908 0.0616591 9.9964E-05 9.9964E-05 0.03143 9.9964E-05 9.9964E-05
0.659132 0.0053083 0.0478524 0.182882 0.00356427 0.0547117 9.9991E-05 0.0464491
0.908382 9.99551E-05 9.99551E-05 0.0627053 9.99551E-05 9.99551E-05 9.99551E-05 0.0284132
0.768119 9.99551E-05 0.0952913 9.99551E-05 9.99551E-05 9.99551E-05 9.99551E-05 0.13609
0.880365 9.9964E-05 0.0812073 9.9964E-05 0.0133677 9.9964E-05 9.9964E-05 0.0246599
9.994E-05 9.994E-05 0.9993 9.994E-05 9.994E-05 9.994E-05 9.994E-05 9.994E-05
9.994E-05 9.994E-05 0.9993 9.994E-05 9.994E-05 9.994E-05 9.994E-05 9.994E-05
9.99461E-05 9.99461E-05 0.989353 9.99461E-05 9.99461E-05 9.99461E-05 0.010047 9.99461E-05
0.747128 9.9964E-05 0.120408 0.0256091 9.9964E-05 9.9964E-05 9.9964E-05 0.106455
0.0380288 9.9973E-05 0.0292175 0.29529 9.9973E-05 0.0458185 9.9973E-05 0.591345
9.9982E-05 9.9982E-05 0.0372901 0.0568497 0.0446671 0.0214902 0.040299 0.799204
0.0314204 0.0917589 0.0335789 9.9973E-05 9.9973E-05 0.0404999 9.9973E-05 0.802442
0.0857629 0.0699625 9.9964E-05 0.0855006 9.9964E-05 9.9964E-05 9.9964E-05 0.758374
0.0361543 0.0152604 0.0415944 0.145879 9.9973E-05 9.9973E-05 9.9973E-05 0.760812
9.994E-05 9.994E-05 9.994E-05 9.994E-05 9.994E-05 9.994E-05 9.994E-05 0.9993
9.994E-05 9.994E-05 9.994E-05 9.994E-05 9.994E-05 9.994E-05 9.994E-05 0.9993
9.99551E-05 9.99551E-05 9.99551E-05 0.0021857 9.99551E-05 0.00698919 9.99551E-05 0.990325
9.99551E-05 0.0356211 9.99551E-05 0.036388 9.99551E-05 9.99551E-05 9.99551E-05 0.927491
9.99461E-05 9.99461E-05 9.99461E-05 9.99461E-05 0.0193988 9.99461E-05 9.99461E-05 0.980001
9.99551E-05 9.99551E-05 0.0237803 0.0631224 9.99551E-05 9.99551E-05 9.99551E-05 0.912598
0.0697153 0.117495 0.020932 0.133942 0.0327673 0.0593 0.070114 0.495734
0.0899495 0.128662 0.00739643 0.332288 0.0802143 9.9991E-05 0.0654963 0.295893
9.9982E-05 0.0135902 0.0302172 0.0979421 0.0771979 9.9982E-05 0.110311 0.670542
0.0590193 9.99731E-05 0.00611264 0.865266 9.99731E-05 0.0616735 9.99731E-05 0.00762852
0.0462289 9.9973E-05 0.0171027 0.630448 9.9973E-05 0.121677 9.9973E-05 0.184243
9.99731E-05 0.00534437 0.00523447 0.873108 0.024338 9.99731E-05 9.99731E-05 0.0916755
0.0621284 0.0662716 0.00390784 0.772927 0.0017144 9.9982E-05 9.9982E-05 0.0928512
9.99731E-05 9.99731E-05 0.019843 0.864358 0.0279002 9.99731E-05 0.0200938 0.0675055
9.99461E-05 9.99461E-05 9.99461E-05 0.981554 9.99461E-05 9.99461E-05 9.99461E-05 0.0178463
0.017712 9.99641E-05 0.0273418 0.865639 9.99641E-05 9.99641E-05 9.99641E-05 0.0889071
9.9973E-05 9.9973E-05 9.9973E-05 0.678279 0.0249438 0.0912973 0.031995 0.173185
9.99461E-05 9.99461E-05 9.99461E-05 0.998698 9.99461E-05 9.99461E-05 0.000702711 9.99461E-05
9.99641E-05 0.150277 9.99641E-05 0.57327 9.99641E-05 9.99641E-05 0.0836874 0.192366
0.00931126 9.99731E-05 0.0180679 0.746939 0.0484405 9.99731E-05 9.99731E-05 0.176941
0.0696708 0.677862 9.99641E-05 0.102037 9.99641E-05 9.99641E-05 9.99641E-05 0.15003
9.99756E-05 0.131641 0.00189052 0.763454 0.0331205 9.99756E-05 9.99756E-05 0.0695944
0.0286603 9.9991E-05 0.0158605 0.470028 0.0501041 0.175333 0.0909374 0.168976
9.99551E-05 9.99551E-05 9.99551E-05 0.951578 9.99551E-05 9.99551E-05 0.0323957 0.0155269
9.9964E-05 0.0828052 0.0348955 0.81423 9.9964E-05 0.0676696 9.9964E-05 9.9964E-05
0.0425097 0.0242879 0.0109858 0.59639 0.0259409 0.149399 0.0583808 0.0921057
0.019467 0.274951 0.015556 0.531847 9.99997E-05 0.112476 0.00321308 0.0423906
0.104105 0.178387 9.9964E-05 0.614669 9.9964E-05 0.102439 9.9964E-05 9.9964E-05
9.99551E-05 9.99551E-05 9.99551E-05 0.883042 0.0787658 9.99551E-05 0.0376923 9.99551E-05
9.99731E-05 0.11926 0.0132755 0.816962 0.000340851 9.99731E-05 9.99731E-05 0.0498618
9.999E-05 0.175907 0.0205698 0.574139 0.0572817 0.041605 0.0124812 0.117916
0.0150867 0.163082 0.0208166 0.682959 9.9982E-05 0.0821786 0.0356774 9.9982E-05
9.99551E-05 0.583265 9.99551E-05 0.345982 9.99551E-05 9.99551E-05 9.99551E-05 0.0702534
9.99641E-05 0.213427 9.99641E-05 0.701693 9.99641E-05 9.99641E-05 0.00799821 0.0764812
9.994E-05 9.994E-05 9.994E-05 0.9993 9.994E-05 9.994E-05 9.994E-05 9.994E-05
0.0925078 0.0387581 9.9982E-05 0.725191 9.9982E-05 0.117909 0.00957416 0.0158597
9.99641E-05 0.191881 0.0205391 0.719226 9.99641E-05 9.99641E-05 9.99641E-05 0.0679532
0.00695655 9.99551E-05 9.99551E-05 0.951396 0.0411479 9.99551E-05 9.99551E-05 9.99551E-05
9.99641E-05 0.0690246 9.99641E-05 0.911032 9.99641E-05 0.0101054 0.00943838 9.99641E-05
9.99551E-05 0.223038 9.99551E-05 0.754853 0.0216092 9.99551E-05 9.99551E-05 9.99551E-05
9.99641E-05 0.662185 9.99641E-05 0.275883 9.99641E-05 9.99641E-05 0.0166643 0.044868
0.00124473 0.515757 0.0414882 0.392195 0.0490149 9.9973E-05 9.9973E-05 9.9973E-05
9.996E-05 0.0798361 9.996E-05 0.730981 0.0129714 0.175812 9.996E-05 9.996E-05
9.99461E-05 0.775218 9.99461E-05 0.224183 9.99461E-05 9.99461E-05 9.99461E-05 9.99461E-05
9.99551E-05 9.99551E-05 9.99551E-05 0.944718 0.0243423 0.0304399 9.99551E-05 9.99551E-05
0.0188856 0.649709 9.99551E-05 0.330906 9.99551E-05 9.99551E-05 9.99551E-05 9.99551E-05
0.00928977 9.9973E-05 0.026965 0.874421 0.0311173 0.0579072 9.9973E-05 9.9973E-05
9.99461E-05 0.981705 9.99461E-05 9.99461E-05 0.0176958 9.99461E-05 9.99461E-05 9.99461E-05
9.99461E-05 0.989401 0.00999974 9.99461E-05 9.99461E-05 9.99461E-05 9.99461E-05 9.99461E-05
9.9964E-05 0.978835 0.00937361 9.9964E-05 0.00537154 0.00601978 9.9964E-05 9.9964E-05
0.0140639 0.269315 0.00374928 9.9982E-05 9.9982E-05 0.599573 0.0210488 0.09205
9.994E-05 0.9993 9.994E-05 9.994E-05 9.994E-05 9.994E-05 9.994E-05 9.994E-05
9.9982E-05 0.684075 0.0163432 0.0825482 9.9982E-05 0.197378 0.00985889 0.00959658
9.99551E-05 0.839166 9.99551E-05 9.99551E-05 0.0179417 0.142393 9.99551E-05 9.99551E-05
9.994E-05 9.994E-05 9.994E-05 9.994E-05 9.994E-05 0.9993 9.994E-05 9.994E-05
9.99551E-05 9.99551E-05 9.99551E-05 0.0104693 0.0436011 0.94543 9.99551E-05 9.99551E-05
9.994E-05 9.994E-05 9.994E-05 9.994E-05 9.994E-05 0.9993 9.994E-05 9.994E-05
9.99462E-05 9.99462E-05 9.99462E-05 9.99462E-05 0.0569478 0.942453 9.99462E-05 9.99462E-05
9.99461E-05 9.99461E-05 9.99461E-05 9.99461E-05 0.0250185 0.974382 9.99461E-05 9.99461E-05
0.00510046 9.998E-05 0.0112371 0.0442406 0.041075 0.842178 9.998E-05 0.0559686
9.99551E-05 0.0393369 9.99551E-05 9.99551E-05 9.99551E-05 0.92915 9.99551E-05 0.0310135
9.99461E-05 9.99461E-05 9.99461E-05 9.99461E-05 0.0220007 0.9774 9.99461E-05 9.99461E-05
9.994E-05 9.994E-05 9.994E-05 9.994E-05 9.994E-05 0.9993 9.994E-05 9.994E-05
9.99461E-05 9.99461E-05 9.99461E-05 9.99461E-05 0.0481315 0.951269 9.99461E-05 9.99461E-05
9.994E-05 9.994E-05 9.994E-05 9.994E-05 0.9993 9.994E-05 9.994E-05 9.994E-05
0.0074568 9.9964E-05 9.9964E-05 0.0106713 0.975855 9.9964E-05 9.9964E-05 0.00561702
9.994E-05 9.994E-05 9.994E-05 9.994E-05 0.9993 9.994E-05 9.994E-05 9.994E-05
