9.9982E-05 0.607344 0.0958995 9.9982E-05 0.296556
0.0598705 0.801695 0.0993641 0.0352743 0.00379616
0.145922 0.769501 0.0651653 0.0193121 9.9991E-05
0.137019 0.814227 0.0485543 9.9982E-05 9.9982E-05
0.0688024 0.822927 0.0256266 0.0639167 0.0187272
9.997E-05 0.9996 9.997E-05 9.997E-05 9.997E-05
9.997E-05 0.9996 9.997E-05 9.997E-05 9.997E-05
9.997E-05 0.9996 9.997E-05 9.997E-05 9.997E-05
0.290282 0.709418 9.9973E-05 9.9973E-05 9.9973E-05
0.198924 0.800776 9.9973E-05 9.9973E-05 9.9973E-05
0.206464 0.752151 9.9991E-05 0.0070171 0.0342677
0.233333 0.766367 9.9973E-05 9.9973E-05 9.9973E-05
0.156893 0.790603 0.0298815 0.0225228 9.9991E-05
0.168455 0.595166 0.0744919 0.00727259 0.154615
0.202287 0.639434 0.0695989 0.0807655 0.00791514
0.245834 0.66267 0.00481353 9.9991E-05 0.0865824
0.191278 0.72883 0.0409835 0.0103046 0.0286041
0.267196 0.732504 9.9973E-05 9.9973E-05 9.9973E-05
0.249779 0.552235 0.0150674 0.0984195 0.0844996
0.145297 0.832684 0.0218185 9.9982E-05 9.9982E-05
0.135859 0.812988 0.0370812 0.011357 0.00271455
0.135217 0.810688 0.0415478 9.9991E-05 0.0124471
0.103898 0.692558 0.0734917 0.039112 0.0909407
0.121473 0.75027 0.112422 0.0157353 9.9991E-05
0.187561 0.739681 0.0725578 9.9982E-05 9.9982E-05
9.9991E-05 0.874942 0.076588 0.012822 0.0355484
0.103998 0.895702 9.9973E-05 9.9973E-05 9.9973E-05
9.9982E-05 0.781243 0.198833 9.9982E-05 0.0197239
0.162132 0.728736 0.0439058 0.0481141 0.0171121
9.9991E-05 0.255931 0.0273542 0.614758 0.101857
9.997E-05 9.997E-05 9.997E-05 0.9996 9.997E-05
0.141652 0.174578 9.9991E-05 0.519451 0.164219
0.823968 0.128949 0.0468838 9.9982E-05 9.9982E-05
0.911576 0.0407337 0.0217473 0.0257718 0.000171558
0.841848 0.0451162 0.102239 9.9991E-05 0.0106966
0.682003 0.146793 0.161785 0.00931852 9.9991E-05
0.705922 0.0776018 0.119463 9.9991E-05 0.0969128
0.544967 0.196035 0.241314 9.9991E-05 0.0175843
0.997046 9.99731E-05 9.99731E-05 0.00265396 9.99731E-05
0.9996 9.997E-05 9.997E-05 9.997E-05 9.997E-05
0.929667 9.9973E-05 9.9973E-05 0.0700327 9.9973E-05
0.775141 0.0620835 0.162576 9.9982E-05 9.9982E-05
0.723662 0.125853 0.10889 9.9991E-05 0.041495
0.883256 0.0724002 9.9991E-05 0.0273947 0.0168487
0.945689 0.0465003 9.9982E-05 0.00761061 9.9982E-05
0.832319 0.0488649 0.0738645 9.9991E-05 0.044852
9.9982E-05 9.9982E-05 0.0740431 0.646883 0.278874
9.9973E-05 9.9973E-05 9.9973E-05 0.655246 0.344454
9.9991E-05 0.170597 0.0543463 0.347846 0.427111
0.00607517 0.0484074 9.9991E-05 0.526343 0.419075
0.0227422 9.9982E-05 9.9982E-05 0.487967 0.48909
9.9982E-05 0.00572876 9.9982E-05 0.544995 0.449076
0.980411 0.00936993 9.9982E-05 0.0100192 9.9982E-05
0.834557 0.0390201 0.095331 9.9991E-05 0.030992
0.687465 0.125429 0.105708 0.065042 0.0163558
0.950317 0.0285999 9.9982E-05 0.0208836 9.9982E-05
0.938466 9.9973E-05 0.0612342 9.9973E-05 9.9973E-05
0.947817 9.9973E-05 0.0518833 9.9973E-05 9.9973E-05
0.989183 0.00752095 9.9982E-05 0.00309583 9.9982E-05
0.72169 0.0560647 0.129617 0.0925287 9.9991E-05
0.810595 0.0249181 0.0839997 0.0686699 0.0118173
0.901839 0.0637932 0.0320545 0.00221304 9.9991E-05
0.919314 9.9973E-05 9.9973E-05 9.9973E-05 0.0803864
0.741479 0.0395806 0.168373 0.00929126 0.0412759
0.611148 0.132437 0.113905 0.00640239 0.136108
0.963636 9.99731E-05 0.0360637 9.99731E-05 9.99731E-05
0.789599 0.0445996 0.0371549 0.0579248 0.0707218
0.981786 0.000559507 9.9982E-05 0.017455 9.9982E-05
0.849214 9.9982E-05 0.12249 0.0280967 9.9982E-05
0.846024 9.9982E-05 0.128669 0.0251077 9.9982E-05
0.83621 0.122293 0.0412968 9.9982E-05 9.9982E-05
0.9996 9.997E-05 9.997E-05 9.997E-05 9.997E-05
0.558698 9.9991E-05 0.335467 0.0779448 0.02779
0.756518 9.9982E-05 0.220108 0.023174 9.9982E-05
0.509792 9.9973E-05 0.489909 9.9973E-05 9.9973E-05
0.372378 0.0820022 0.424427 0.106835 0.0143579
0.0592773 0.0144458 0.033085 0.581121 0.312071
9.9973E-05 9.9973E-05 9.9973E-05 0.734682 0.265018
0.0154063 0.0333796 0.0463683 0.655329 0.249517
9.9982E-05 9.9982E-05 0.0198232 0.555691 0.424286
9.9982E-05 9.9982E-05 0.0713974 0.600932 0.32747
0.0364632 0.160869 0.114958 0.25022 0.437489
0.0127736 9.9991E-05 0.018724 0.660287 0.308116
9.9973E-05 9.9973E-05 9.9973E-05 0.70221 0.29749
9.9973E-05 9.9973E-05 9.9973E-05 0.662941 0.336759
9.9973E-05 9.9973E-05 9.9973E-05 0.677388 0.322312
9.9973E-05 9.9973E-05 9.9973E-05 0.685043 0.314657
9.9973E-05 9.9973E-05 9.9973E-05 0.72197 0.27773
9.9982E-05 9.9982E-05 0.0245805 0.754323 0.220896
0.315146 9.99731E-05 0.684555 9.99731E-05 9.99731E-05
0.179486 0.0649934 0.627828 0.00705091 0.120642
0.322997 0.0468611 0.491343 9.9991E-05 0.138698
0.340397 0.0866428 0.487622 9.9991E-05 0.0852384
0.353194 0.0166022 0.551014 9.9991E-05 0.0790889
0.326807 0.13829 0.33597 0.000139914 0.198793
0.0399791 9.99731E-05 0.959721 9.99731E-05 9.99731E-05
0.0383743 9.9982E-05 0.949214 9.9982E-05 0.0122116
0.432755 9.9973E-05 0.566945 9.9973E-05 9.9973E-05
0.1786 9.9982E-05 0.794722 0.0264778 9.9982E-05
0.245596 9.9982E-05 9.9982E-05 0.641484 0.11272
0.302718 0.063574 0.000567849 0.63304 9.9991E-05
0.236324 0.0500234 9.9991E-05 0.476943 0.23661
0.230533 0.0819485 9.9991E-05 0.576824 0.110595
0.155116 0.169971 9.9991E-05 0.500971 0.173841
0.0181953 9.9982E-05 9.9982E-05 0.20201 0.779595
0.343035 0.0291794 9.9991E-05 0.466284 0.161402
0.183126 0.151191 0.0737714 0.22876 0.363151
0.098165 0.0823738 0.0818605 0.118759 0.618841
0.230205 0.166472 0.0329205 0.397653 0.17275
9.997E-05 9.997E-05 0.9996 9.997E-05 9.997E-05
9.997E-05 9.997E-05 0.9996 9.997E-05 9.997E-05
9.9982E-05 0.053038 0.919347 9.9982E-05 0.0274151
9.9973E-05 9.9973E-05 0.979237 9.9973E-05 0.0204635
9.9973E-05 0.0540778 0.945622 9.9973E-05 9.9973E-05
9.99731E-05 9.99731E-05 0.988213 9.99731E-05 0.0114866
9.997E-05 9.997E-05 0.9996 9.997E-05 9.997E-05
9.9973E-05 9.9973E-05 0.999266 0.000434444 9.9973E-05
0.0546562 0.11126 0.595537 0.0874735 0.151074
0.0686827 0.00792435 0.870198 0.0530946 9.9991E-05
9.9982E-05 0.0176918 0.969444 0.0126642 9.9982E-05
9.9973E-05 9.9973E-05 0.968768 9.9973E-05 0.0309318
0.0169498 0.0932087 0.739741 0.0195597 0.130541
9.99731E-05 9.99731E-05 0.945871 9.99731E-05 0.0538294
9.9982E-05 0.00421646 0.949686 0.0458973 9.9982E-05
9.997E-05 9.997E-05 0.9996 9.997E-05 9.997E-05
0.0613665 0.0148523 0.923581 9.9982E-05 9.9982E-05
0.0822515 0.00459235 0.0193872 0.100779 0.79299
9.9982E-05 0.0221269 9.9982E-05 0.282923 0.69475
0.0950246 0.101899 0.154662 0.125997 0.522418
0.201535 0.0357323 0.035788 0.154137 0.572808
9.9991E-05 0.0207276 0.0189979 0.135185 0.824989
0.184428 0.104819 0.0648137 0.159322 0.486617
9.9982E-05 0.00806521 9.9982E-05 0.119605 0.87213
0.00866009 0.142304 0.0746712 0.0218219 0.752542
0.0566264 0.0954344 0.087892 0.1424 0.617647
0.026619 9.99731E-05 9.99731E-05 9.99731E-05 0.973081
0.0244215 0.140358 0.122266 0.143544 0.569411
0.0491019 0.080051 0.00232161 0.031379 0.837147
9.9991E-05 0.00274672 0.0306856 0.0269529 0.939515
0.079094 0.0603915 9.9991E-05 0.163956 0.696458
9.9982E-05 0.0805193 9.9982E-05 0.086611 0.83267
9.9991E-05 0.140071 0.130482 0.0779627 0.651384
0.0359135 0.0327221 9.9991E-05 0.0940089 0.837256
9.9991E-05 0.0281555 0.0464927 0.0726496 0.852602
9.9973E-05 9.9973E-05 9.9973E-05 0.141502 0.858198
0.0510052 0.0465219 0.0424091 0.0457132 0.814351
0.0267736 9.9991E-05 0.0117708 0.091436 0.86992
0.030472 9.9982E-05 9.9982E-05 0.0168687 0.952459
9.9982E-05 0.00421452 9.9982E-05 0.032654 0.962931
9.9991E-05 0.0451929 0.00415319 0.0545563 0.895998
0.067408 9.9982E-05 9.9982E-05 0.097524 0.834868
0.0794344 0.106369 0.105903 0.151336 0.556957
0.00743351 0.037775 9.9991E-05 0.025352 0.929339
9.9991E-05 0.0391198 0.049512 0.0111473 0.900121
9.9973E-05 9.9973E-05 9.9973E-05 0.146215 0.853485
9.9982E-05 9.9982E-05 0.0361585 0.0970846 0.866557
9.9991E-05 0.0834533 0.0299343 0.0409513 0.845561
9.9991E-05 0.0583157 0.0155754 0.0994842 0.826525
9.997E-05 9.997E-05 9.997E-05 0.9996 9.997E-05
9.99731E-05 9.99731E-05 9.99731E-05 0.0435607 0.956139
9.99731E-05 9.99731E-05 0.0230814 9.99731E-05 0.976619
9.9982E-05 0.0104468 9.9982E-05 0.00996748 0.979386
9.9982E-05 0.0364953 9.9982E-05 0.12631 0.836995
9.9973E-05 9.9973E-05 9.9973E-05 0.0890029 0.910697
9.9982E-05 0.0444688 9.9982E-05 0.0766028 0.878728
9.99731E-05 9.99731E-05 0.0297932 9.99731E-05 0.969907
0.0013096 0.0961549 9.9991E-05 0.0618502 0.840585
0.0317398 0.037086 0.0556702 0.105213 0.770291
0.0599797 0.0635317 0.146312 0.0391969 0.69098
0.175078 0.0467843 0.0846654 0.116682 0.57679
9.9991E-05 0.184818 0.119618 0.0895751 0.605889
0.117032 0.0299936 0.00379148 0.0317183 0.817465
0.0671559 0.0757862 9.9991E-05 0.10907 0.747888
0.010433 0.107911 0.000231192 0.0952957 0.78613
0.0350341 0.205062 0.0767032 0.0423244 0.640876
0.0647021 0.0616142 0.0720443 0.0454184 0.756221
9.9991E-05 0.0703168 0.102502 0.0819901 0.745091
0.173786 0.00930659 9.9982E-05 9.9982E-05 0.816707
0.131938 0.0243601 0.0506067 0.0530707 0.740025
9.9973E-05 9.9973E-05 9.9973E-05 0.0590133 0.940687
0.060839 0.0411187 0.0801046 0.0620209 0.755917
9.9982E-05 9.9982E-05 0.0347609 0.031617 0.933422
0.0385501 0.141998 0.0439849 0.0510247 0.724442
0.00821497 0.0303928 0.0306942 0.108719 0.821979
0.00372304 0.0450156 0.103839 9.9991E-05 0.847323
9.99731E-05 9.99731E-05 9.99731E-05 0.0647605 0.93494
0.0620226 9.9982E-05 9.9982E-05 0.0336443 0.904133
9.99731E-05 9.99731E-05 9.99731E-05 0.0121885 0.987512
9.9973E-05 9.9973E-05 9.9973E-05 0.0408943 0.958806
0.0414664 9.99731E-05 9.99731E-05 9.99731E-05 0.958234
0.046621 9.9982E-05 9.9982E-05 0.0502353 0.902944
9.9982E-05 0.0019281 9.9982E-05 0.0292288 0.968643
9.997E-05 9.997E-05 9.997E-05 9.997E-05 0.9996
0.133426 0.104227 0.0813517 0.127835 0.553161
0.0180582 9.9982E-05 9.9982E-05 0.0792054 0.902536
0.00503008 9.9991E-05 0.0270686 0.0619367 0.905865
9.9982E-05 9.9982E-05 0.0156636 0.0327275 0.951409
9.9973E-05 0.0557841 9.9973E-05 9.9973E-05 0.943916
0.0245083 0.0217606 0.00428927 0.0364736 0.912968
0.0483256 0.0247109 9.9991E-05 0.0353446 0.891519
0.0897773 9.9973E-05 9.9973E-05 9.9973E-05 0.909923
9.997E-05 9.997E-05 9.997E-05 9.997E-05 0.9996
9.9991E-05 0.0347505 9.9991E-05 0.0174035 0.947646
9.997E-05 9.997E-05 9.997E-05 9.997E-05 0.9996
0.0445429 9.9982E-05 9.9982E-05 0.0778407 0.877417
0.0147456 0.0316475 9.9982E-05 9.9982E-05 0.953407
9.9982E-05 0.0298755 9.9982E-05 0.0642308 0.905694
9.997E-05 9.997E-05 9.997E-05 9.997E-05 0.9996
0.080163 0.133233 0.028012 0.00907347 0.749519
9.99731E-05 0.0335908 9.99731E-05 9.99731E-05 0.966109
