0.770187 0.0342999 0.093344 0.102169
0.972437 9.9982E-05 0.0273635 9.9982E-05
0.9997 9.998E-05 9.998E-05 9.998E-05
0.609446 0.0366772 0.104625 0.249252
0.629573 0.06283 0.108366 0.199231
0.865955 9.9991E-05 0.0960817 0.037863
0.9997 9.998E-05 9.998E-05 9.998E-05
0.9997 9.998E-05 9.998E-05 9.998E-05
0.9997 9.998E-05 9.998E-05 9.998E-05
0.804574 0.0395618 9.9991E-05 0.155764
0.554661 0.366029 9.9991E-05 0.0792105
0.492507 0.4178 9.9991E-05 0.0895924
0.422304 0.459998 9.9991E-05 0.117598
0.125742 0.649278 9.9991E-05 0.224879
0.201529 0.504962 0.0674134 0.226095
0.175564 0.368066 0.00329707 0.453073
0.221038 0.486128 9.9991E-05 0.292733
0.160703 0.544222 9.9991E-05 0.294975
0.191315 0.606272 9.9991E-05 0.202313
9.998E-05 0.9997 9.998E-05 9.998E-05
9.998E-05 0.9997 9.998E-05 9.998E-05
9.998E-05 0.9997 9.998E-05 9.998E-05
0.0924418 0.64025 9.9991E-05 0.267208
0.00219273 0.0939654 9.9991E-05 0.903742
0.0593924 0.046122 9.9991E-05 0.894386
0.029491 0.0806492 9.9991E-05 0.88976
0.0732026 0.0793049 9.9991E-05 0.847392
0.046015 0.10312 9.9991E-05 0.850765
0.0147827 0.0523653 9.9991E-05 0.932752
0.0214843 0.0643747 9.9991E-05 0.914041
0.0365526 0.0445432 9.9991E-05 0.918804
0.0219944 0.0314254 9.9991E-05 0.94648
0.0827131 0.0658755 9.9991E-05 0.851311
0.0286805 0.0683011 9.9991E-05 0.902918
0.116385 0.0529048 0.123478 0.707233
0.103328 0.0480109 0.055722 0.79294
0.124504 0.0580981 9.9991E-05 0.817297
9.9991E-05 0.0745284 0.189268 0.736104
9.9991E-05 0.0690382 0.155114 0.775748
9.9991E-05 0.0375185 0.138028 0.824353
9.9991E-05 0.0571013 0.0748551 0.867944
0.00903053 0.021492 0.125587 0.84389
9.9982E-05 9.9982E-05 0.0771938 0.922606
9.9991E-05 0.0622585 0.0819079 0.855734
0.0103702 9.9991E-05 0.141196 0.848333
9.9982E-05 9.9982E-05 0.0698144 0.929986
0.0724873 0.0155975 0.0500132 0.861902
9.9991E-05 0.0508463 0.0568248 0.892229
9.99821E-05 9.99821E-05 0.0558411 0.943959
0.000361799 0.0120912 0.159966 0.827581
0.0572552 0.0964413 0.285985 0.560318
0.023853 9.9991E-05 0.104429 0.871618
9.9991E-05 0.0307097 0.164427 0.804763
0.0716135 0.0106483 0.204375 0.713363
9.9991E-05 0.0204978 0.252888 0.726515
0.0382589 0.00747356 0.1956 0.758667
0.0348797 9.9991E-05 0.153817 0.811204
9.9982E-05 9.9982E-05 0.137214 0.862586
9.9991E-05 0.030637 0.189031 0.780232
0.023475 0.0450921 0.225764 0.705669
9.9982E-05 9.9982E-05 0.155147 0.844653
9.9982E-05 9.9982E-05 0.165744 0.834056
9.9982E-05 9.9982E-05 0.138225 0.861575
0.0108368 0.00968635 0.214037 0.76544
9.9982E-05 9.9982E-05 0.123448 0.876352
9.9982E-05 9.9982E-05 0.195798 0.804002
0.00144097 9.9991E-05 0.136703 0.861756
9.9982E-05 9.9982E-05 0.171665 0.828135
0.00473415 9.9991E-05 0.248521 0.746645
9.9991E-05 0.03172 0.219728 0.748452
9.9982E-05 9.9982E-05 0.324094 0.675706
9.9982E-05 9.9982E-05 0.277554 0.722246
9.9982E-05 9.9982E-05 0.273163 0.726637
9.9982E-05 9.9982E-05 0.29063 0.70917
0.0250922 0.0120264 0.228332 0.73455
0.0115038 9.9991E-05 0.517739 0.470657
9.9991E-05 0.0299123 0.559082 0.410906
9.9982E-05 9.9982E-05 0.452886 0.546914
9.9991E-05 0.0183137 0.633736 0.34785
9.9982E-05 9.9982E-05 0.464428 0.535372
9.9982E-05 9.9982E-05 0.465554 0.534246
9.9982E-05 9.9982E-05 0.546719 0.453081
9.9982E-05 9.9982E-05 0.971797 0.0280028
9.9982E-05 9.9982E-05 0.938499 0.0613012
9.9982E-05 9.9982E-05 0.964331 0.0354694
9.998E-05 9.998E-05 0.9997 9.998E-05
9.9982E-05 9.9982E-05 0.974928 0.0248716
0.00987973 0.0254915 0.863606 0.101023
9.9982E-05 9.9982E-05 0.909038 0.0907622
9.9991E-05 0.0147731 0.973766 0.0113609
9.9982E-05 9.9982E-05 0.982053 0.0177472
9.9982E-05 9.9982E-05 0.980891 0.0189091
9.998E-05 9.998E-05 0.9997 9.998E-05
0.0325213 9.9982E-05 0.967279 9.9982E-05
9.998E-05 9.998E-05 0.9997 9.998E-05
