9.99371E-05 9.99371E-05 0.0025095 9.99371E-05 9.99371E-05 9.99371E-05 0.746631 0.25016 9.99371E-05 9.99371E-05
9.99282E-05 9.99282E-05 9.99282E-05 9.99282E-05 9.99282E-05 9.99282E-05 0.948147 9.99282E-05 0.0510532 9.99282E-05
9.99201E-05 9.99201E-05 9.99201E-05 9.99201E-05 9.99201E-05 9.99201E-05 0.999101 9.99201E-05 9.99201E-05 9.99201E-05
0.0163357 9.9973E-05 0.0869044 9.9973E-05 0.0858521 0.00309438 0.611453 0.0896596 0.106401 9.9973E-05
0.0760639 0.0628539 0.0107186 9.9964E-05 9.9964E-05 9.9964E-05 0.595325 9.9964E-05 0.188152 0.0664861
9.9955E-05 9.9955E-05 0.0434294 9.9955E-05 0.110757 9.9955E-05 0.809508 9.9955E-05 0.0155779 0.0202279
9.99201E-05 9.99201E-05 9.99201E-05 9.99201E-05 9.99201E-05 9.99201E-05 0.999101 9.99201E-05 9.99201E-05 9.99201E-05
0.000355919 9.99282E-05 9.99282E-05 9.99282E-05 9.99282E-05 9.99282E-05 0.998845 9.99282E-05 9.99282E-05 9.99282E-05
9.99201E-05 9.99201E-05 9.99201E-05 9.99201E-05 9.99201E-05 9.99201E-05 0.999101 9.99201E-05 9.99201E-05 9.99201E-05
0.10603 0.0831933 9.9964E-05 0.0525614 9.9964E-05 9.9964E-05 0.728402 0.0176359 9.9964E-05 0.0117779
0.82101 9.99281E-05 9.99281E-05 9.99281E-05 9.99281E-05 9.99281E-05 0.17819 9.99281E-05 9.99281E-05 9.99281E-05
0.954602 9.99281E-05 9.99281E-05 9.99281E-05 9.99281E-05 9.99281E-05 0.0445982 9.99281E-05 9.99281E-05 9.99281E-05
0.975109 9.99281E-05 9.99281E-05 9.99281E-05 9.99281E-05 9.99281E-05 0.0240914 9.99281E-05 9.99281E-05 9.99281E-05
0.893541 9.99461E-05 9.99461E-05 0.0152459 9.99461E-05 0.0814271 9.99461E-05 0.00918644 9.99461E-05 9.99461E-05
0.768147 9.9964E-05 0.0470716 9.9964E-05 9.9964E-05 0.0342609 9.9964E-05 0.022316 0.101506 0.0262983
0.626933 9.9964E-05 0.0825782 9.9964E-05 0.094193 0.0321089 9.9964E-05 0.129539 9.9964E-05 0.034248
0.882078 0.0367499 9.9955E-05 0.00445962 0.0556179 9.9955E-05 9.9955E-05 0.0205946 9.9955E-05 9.9955E-05
0.778498 9.99461E-05 9.99461E-05 0.0274682 0.124261 0.0691731 9.99461E-05 9.99461E-05 9.99461E-05 9.99461E-05
0.869235 9.9964E-05 9.9964E-05 0.0309908 0.0286127 0.0577356 9.9964E-05 9.9964E-05 0.0114431 0.00158309
9.99201E-05 9.99201E-05 9.99201E-05 9.99201E-05 9.99201E-05 0.999101 9.99201E-05 9.99201E-05 9.99201E-05 9.99201E-05
9.99281E-05 9.99281E-05 9.99281E-05 0.000194129 9.99281E-05 0.999006 9.99281E-05 9.99281E-05 9.99281E-05 9.99281E-05
9.99461E-05 9.99461E-05 0.000781041 9.99461E-05 0.000446372 0.975045 0.0231279 9.99461E-05 9.99461E-05 9.99461E-05
0.749889 9.995E-05 9.995E-05 0.0273474 0.0268304 0.144079 9.995E-05 9.995E-05 0.0513537 9.995E-05
0.0178986 9.99551E-05 0.0404752 9.99551E-05 0.767486 9.99551E-05 9.99551E-05 0.0453115 0.128329 9.99551E-05
9.9973E-05 9.9973E-05 0.00790273 0.0104364 0.917433 0.00164616 0.0126291 0.0428883 9.9973E-05 0.00676463
0.0257056 0.0849663 9.99371E-05 9.99371E-05 0.888628 9.99371E-05 9.99371E-05 9.99371E-05 9.99371E-05 9.99371E-05
0.00737606 9.99461E-05 9.99461E-05 9.99461E-05 0.832965 9.99461E-05 0.00630974 0.152749 9.99461E-05 9.99461E-05
0.0598451 9.9964E-05 9.9964E-05 0.0150252 0.79609 0.0233486 9.9964E-05 0.0046257 0.100666 9.9964E-05
9.99201E-05 9.99201E-05 9.99201E-05 0.999101 9.99201E-05 9.99201E-05 9.99201E-05 9.99201E-05 9.99201E-05 9.99201E-05
9.99201E-05 9.99201E-05 9.99201E-05 0.999101 9.99201E-05 9.99201E-05 9.99201E-05 9.99201E-05 9.99201E-05 9.99201E-05
9.99282E-05 9.99282E-05 9.99282E-05 0.0438703 0.95533 9.99282E-05 9.99282E-05 9.99282E-05 9.99282E-05 9.99282E-05
9.99201E-05 9.99201E-05 9.99201E-05 9.99201E-05 0.999101 9.99201E-05 9.99201E-05 9.99201E-05 9.99201E-05 9.99201E-05
9.99201E-05 9.99201E-05 9.99201E-05 9.99201E-05 0.999101 9.99201E-05 9.99201E-05 9.99201E-05 9.99201E-05 9.99201E-05
9.99282E-05 9.99282E-05 9.99282E-05 9.99282E-05 0.958395 9.99282E-05 9.99282E-05 0.0408058 9.99282E-05 9.99282E-05
0.0902566 0.0111092 0.0134412 0.0317415 0.486337 0.00741455 0.0307622 0.00381548 0.250067 0.075055
0.0483254 0.0397501 0.048768 0.0686571 0.281171 0.0137094 0.041999 0.0134555 0.425206 0.0189593
9.9964E-05 0.158485 9.9964E-05 0.0602394 0.665037 0.0157031 0.0792623 9.9964E-05 9.9964E-05 0.0208738
9.99371E-05 9.99371E-05 0.0494623 9.99371E-05 9.99371E-05 0.00681024 9.99371E-05 9.99371E-05 0.943028 9.99371E-05
0.0436211 9.9955E-05 0.0807011 0.0532758 9.9955E-05 0.00245301 9.9955E-05 0.819449 9.9955E-05 9.9955E-05
9.99201E-05 9.99201E-05 9.99201E-05 9.99201E-05 9.99201E-05 9.99201E-05 9.99201E-05 0.999101 9.99201E-05 9.99201E-05
9.99371E-05 9.99371E-05 9.99371E-05 0.0795272 9.99371E-05 0.0122538 9.99371E-05 9.99371E-05 0.907519 9.99371E-05
9.99371E-05 9.99371E-05 9.99371E-05 9.99371E-05 0.0406684 9.99371E-05 9.99371E-05 9.99371E-05 0.952402 0.00623013
9.99201E-05 9.99201E-05 9.99201E-05 9.99201E-05 9.99201E-05 9.99201E-05 9.99201E-05 9.99201E-05 0.999101 9.99201E-05
9.99461E-05 9.99461E-05 9.99461E-05 0.0187071 9.99461E-05 0.0151201 9.99461E-05 0.705714 0.259859 9.99461E-05
9.9973E-05 9.9973E-05 0.0480851 0.0243134 0.0883787 0.0167606 9.9973E-05 0.140747 0.672738 0.00867705
9.99201E-05 9.99201E-05 9.99201E-05 9.99201E-05 9.99201E-05 9.99201E-05 9.99201E-05 9.99201E-05 0.999101 9.99201E-05
0.0111765 0.125764 9.99641E-05 9.99641E-05 0.285095 9.99641E-05 0.0683572 0.120822 0.388385 9.99641E-05
9.99371E-05 9.99371E-05 9.99371E-05 0.00680646 9.99371E-05 0.0170579 9.99371E-05 0.975436 9.99371E-05 9.99371E-05
0.0302422 0.805243 9.99461E-05 9.99461E-05 0.137886 9.99461E-05 9.99461E-05 0.0260286 9.99461E-05 9.99461E-05
9.9964E-05 0.652149 9.9964E-05 0.0330679 0.0311269 0.0145798 9.9964E-05 0.0737766 0.1949 9.9964E-05
0.0409026 0.131453 0.161131 9.9982E-05 0.16017 0.027782 0.0571289 0.0416512 0.379582 9.9982E-05
9.9946E-05 0.0822117 9.9946E-05 9.9946E-05 0.0326132 9.9946E-05 0.0153308 0.869245 9.9946E-05 9.9946E-05
9.9955E-05 0.143645 0.050285 0.00195961 9.9955E-05 0.00988871 9.9955E-05 9.9955E-05 0.793721 9.9955E-05
0.0503509 0.133694 0.157202 0.0406565 0.0322069 9.9973E-05 0.0382782 9.9973E-05 0.547312 9.9973E-05
9.99282E-05 9.99282E-05 0.00624404 9.99282E-05 9.99282E-05 9.99282E-05 9.99282E-05 0.992957 9.99282E-05 9.99282E-05
0.0609528 0.491448 9.9964E-05 9.9964E-05 9.9964E-05 9.9964E-05 0.0010242 0.337095 0.0495787 0.059501
9.99371E-05 0.0638634 9.99371E-05 0.00387538 9.99371E-05 9.99371E-05 9.99371E-05 0.931562 9.99371E-05 9.99371E-05
9.99731E-05 0.317148 9.99731E-05 0.00788456 0.0450847 0.0122493 9.99731E-05 0.0180905 0.588613 0.0106301
9.9982E-05 0.367238 0.110614 0.0553828 0.0718073 0.035505 9.9982E-05 0.233463 0.123961 0.00182953
9.9973E-05 0.599227 0.068993 9.9973E-05 0.24449 0.0291584 0.0207845 0.019237 0.0178109 9.9973E-05
9.99371E-05 0.783229 9.99371E-05 9.99371E-05 0.0133688 9.99371E-05 9.99371E-05 9.99371E-05 0.202702 9.99371E-05
9.9973E-05 0.634971 9.9973E-05 0.012089 0.118169 0.000861615 0.00877163 0.109207 0.115631 9.9973E-05
9.99282E-05 0.0144835 9.99282E-05 9.99282E-05 9.99282E-05 9.99282E-05 9.99282E-05 9.99282E-05 0.984717 9.99282E-05
0.0153021 0.164198 0.150297 9.9973E-05 0.101415 0.0166605 0.0173158 9.9973E-05 0.534511 9.9973E-05
9.99371E-05 0.114755 9.99371E-05 9.99371E-05 9.99371E-05 9.99371E-05 9.99371E-05 0.844124 0.0404222 9.99371E-05
9.99641E-05 0.80922 9.99641E-05 0.0528342 0.029217 9.99641E-05 9.99641E-05 0.0800271 0.0167159 0.0115857
9.99461E-05 0.924678 9.99461E-05 9.99461E-05 0.00278888 9.99461E-05 0.017485 9.99461E-05 0.0544485 9.99461E-05
9.99371E-05 0.987718 9.99371E-05 9.99371E-05 9.99371E-05 0.00530058 9.99371E-05 0.00628158 9.99371E-05 9.99371E-05
9.99461E-05 0.882486 0.0112318 9.99461E-05 0.0911734 9.99461E-05 0.0145092 9.99461E-05 9.99461E-05 9.99461E-05
9.99461E-05 0.851903 9.99461E-05 9.99461E-05 9.99461E-05 0.0421983 9.99461E-05 9.99461E-05 0.0670305 0.0382687
9.99371E-05 0.5753 0.133306 9.99371E-05 9.99371E-05 9.99371E-05 9.99371E-05 9.99371E-05 0.290695 9.99371E-05
9.99282E-05 0.978162 9.99282E-05 0.0210386 9.99282E-05 9.99282E-05 9.99282E-05 9.99282E-05 9.99282E-05 9.99282E-05
9.99282E-05 0.712253 9.99282E-05 9.99282E-05 9.99282E-05 9.99282E-05 9.99282E-05 9.99282E-05 0.286947 9.99282E-05
9.99281E-05 0.946996 9.99281E-05 9.99281E-05 9.99281E-05 9.99281E-05 9.99281E-05 9.99281E-05 0.052205 9.99281E-05
0.0290582 0.422489 0.0309115 9.9973E-05 9.9973E-05 0.0196409 0.00196153 9.9973E-05 0.489621 0.00601806
9.99461E-05 0.6352 0.341807 9.99461E-05 9.99461E-05 9.99461E-05 0.0203826 9.99461E-05 9.99461E-05 0.00201085
9.99371E-05 0.688694 0.287798 9.99371E-05 9.99371E-05 0.0228084 9.99371E-05 9.99371E-05 9.99371E-05 9.99371E-05
9.99641E-05 0.507215 0.227421 0.0170202 9.99641E-05 0.00282837 9.99641E-05 0.223752 9.99641E-05 0.0213633
0.00999705 0.284425 0.605451 0.0715174 9.9964E-05 0.00295664 0.0252528 9.9964E-05 9.9964E-05 9.9964E-05
9.99371E-05 0.80102 0.139035 9.99371E-05 9.99371E-05 9.99371E-05 9.99371E-05 9.99371E-05 9.99371E-05 0.0592451
9.99551E-05 0.639133 0.295975 0.0361513 9.99551E-05 0.0045009 0.0237391 9.99551E-05 9.99551E-05 9.99551E-05
9.99282E-05 0.653519 0.345682 9.99282E-05 9.99282E-05 9.99282E-05 9.99282E-05 9.99282E-05 9.99282E-05 9.99282E-05
9.99282E-05 9.99282E-05 0.977853 0.021348 9.99282E-05 9.99282E-05 9.99282E-05 9.99282E-05 9.99282E-05 9.99282E-05
9.99281E-05 9.99281E-05 0.896202 9.99281E-05 9.99281E-05 9.99281E-05 9.99281E-05 9.99281E-05 0.102999 9.99281E-05
9.99201E-05 9.99201E-05 0.999101 9.99201E-05 9.99201E-05 9.99201E-05 9.99201E-05 9.99201E-05 9.99201E-05 9.99201E-05
9.99201E-05 9.99201E-05 0.999101 9.99201E-05 9.99201E-05 9.99201E-05 9.99201E-05 9.99201E-05 9.99201E-05 9.99201E-05
9.99281E-05 9.99281E-05 0.959895 9.99281E-05 9.99281E-05 9.99281E-05 9.99281E-05 9.99281E-05 9.99281E-05 0.0393057
0.00296924 9.9955E-05 0.812267 9.9955E-05 0.0732189 9.9955E-05 9.9955E-05 9.9955E-05 0.0781105 0.0329347
9.9964E-05 9.9964E-05 0.928145 0.0247305 0.00420009 9.9964E-05 0.00836273 0.0033972 9.9964E-05 0.0307643
0.00875937 9.99282E-05 0.990441 9.99282E-05 9.99282E-05 9.99282E-05 9.99282E-05 9.99282E-05 9.99282E-05 9.99282E-05
9.99281E-05 9.99281E-05 0.989365 9.99281E-05 9.99281E-05 9.99281E-05 9.99281E-05 9.99281E-05 0.00983566 9.99281E-05
9.99371E-05 0.0354241 0.922962 9.99371E-05 9.99371E-05 9.99371E-05 9.99371E-05 9.99371E-05 9.99371E-05 0.0409145
9.99201E-05 9.99201E-05 9.99201E-05 9.99201E-05 9.99201E-05 9.99201E-05 9.99201E-05 9.99201E-05 9.99201E-05 0.999101
9.99371E-05 0.000725975 9.99371E-05 9.99371E-05 0.0429728 9.99371E-05 9.99371E-05 9.99371E-05 9.99371E-05 0.955602
9.99201E-05 9.99201E-05 9.99201E-05 9.99201E-05 9.99201E-05 9.99201E-05 9.99201E-05 9.99201E-05 9.99201E-05 0.999101
