9.9955E-05 9.9955E-05 0.0134213 0.94501 9.9955E-05 9.9955E-05 0.0157235 0.025345 9.9955E-05
9.993E-05 9.993E-05 9.993E-05 0.999201 9.993E-05 9.993E-05 9.993E-05 9.993E-05 9.993E-05
9.99371E-05 9.99371E-05 9.99371E-05 0.839702 9.99371E-05 0.159599 9.99371E-05 9.99371E-05 9.99371E-05
0.0968327 0.0208252 9.9982E-05 0.757 0.0580617 9.9982E-05 0.00806018 0.0505951 0.00842492
0.150379 0.0441199 9.9955E-05 0.801563 9.9955E-05 9.9955E-05 9.9955E-05 9.9955E-05 0.00343794
9.99371E-05 9.99371E-05 9.99371E-05 0.994907 0.00439327 9.99371E-05 9.99371E-05 9.99371E-05 9.99371E-05
9.993E-05 9.993E-05 9.993E-05 9.993E-05 9.993E-05 0.999201 9.993E-05 9.993E-05 9.993E-05
9.994E-05 9.994E-05 9.994E-05 0.118609 9.994E-05 0.829959 9.994E-05 9.994E-05 0.0508323
9.993E-05 9.993E-05 9.993E-05 9.993E-05 9.993E-05 0.999201 9.993E-05 9.993E-05 9.993E-05
0.00468639 0.0417753 9.9982E-05 0.189821 0.023705 0.541619 9.9982E-05 0.0643768 0.133816
9.99371E-05 9.99371E-05 9.99371E-05 9.99371E-05 9.99371E-05 0.105038 9.99371E-05 9.99371E-05 0.894262
9.99461E-05 9.99461E-05 9.99461E-05 0.0470917 9.99461E-05 0.0438735 9.99461E-05 9.99461E-05 0.908435
9.99371E-05 9.99371E-05 9.99371E-05 0.0145981 9.99371E-05 9.99371E-05 9.99371E-05 9.99371E-05 0.984702
9.99551E-05 9.99551E-05 0.0635757 9.99551E-05 0.0382503 9.99551E-05 0.00110278 9.99551E-05 0.896571
0.0425126 0.0392363 0.030194 9.9973E-05 9.9973E-05 9.9973E-05 0.0172721 0.0749287 0.795556
0.129204 0.0190808 0.00613282 9.9991E-05 0.0922688 0.0262854 0.0204068 0.088399 0.618123
9.99551E-05 9.99551E-05 9.99551E-05 0.00819307 0.0416931 9.99551E-05 9.99551E-05 0.086581 0.863033
9.99461E-05 9.99461E-05 0.0793401 9.99461E-05 0.124146 9.99461E-05 9.99461E-05 9.99461E-05 0.795914
0.00279953 0.00449054 0.0574675 9.9973E-05 0.0486268 9.9973E-05 9.9973E-05 0.00686804 0.879448
9.993E-05 9.993E-05 0.999201 9.993E-05 9.993E-05 9.993E-05 9.993E-05 9.993E-05 9.993E-05
9.993E-05 9.993E-05 0.999201 9.993E-05 9.993E-05 9.993E-05 9.993E-05 9.993E-05 9.993E-05
9.99551E-05 0.00207078 0.981002 9.99551E-05 0.0028488 0.0135784 9.99551E-05 9.99551E-05 9.99551E-05
0.0773282 0.0120533 0.143278 9.9964E-05 0.0464957 9.9964E-05 9.9964E-05 9.9964E-05 0.720445
0.200312 9.9982E-05 0.00655304 0.00449435 0.644953 9.9982E-05 0.025683 0.0584753 0.0593289
0.145033 0.00498623 9.99551E-05 0.03032 0.819161 9.99551E-05 9.99551E-05 9.99551E-05 9.99551E-05
9.996E-05 9.996E-05 9.996E-05 9.996E-05 0.757897 0.0239867 0.041722 0.134137 0.0418578
0.0824642 9.9955E-05 9.9955E-05 0.0455259 0.807252 9.9955E-05 9.9955E-05 9.9955E-05 0.0642583
0.058408 9.9973E-05 0.0297382 0.000340907 0.771558 9.9973E-05 9.9973E-05 0.0844856 0.0551694
9.993E-05 9.993E-05 9.993E-05 9.993E-05 0.999201 9.993E-05 9.993E-05 9.993E-05 9.993E-05
9.993E-05 9.993E-05 9.993E-05 9.993E-05 0.999201 9.993E-05 9.993E-05 9.993E-05 9.993E-05
0.00398531 9.99461E-05 9.99461E-05 9.99461E-05 0.985023 9.99461E-05 0.0103921 9.99461E-05 9.99461E-05
9.993E-05 9.993E-05 9.993E-05 9.993E-05 0.999201 9.993E-05 9.993E-05 9.993E-05 9.993E-05
9.99461E-05 0.0125268 9.99461E-05 0.00367098 0.983203 9.99461E-05 9.99461E-05 9.99461E-05 9.99461E-05
9.99461E-05 9.99461E-05 0.0261621 9.99461E-05 0.957877 0.0153608 9.99461E-05 9.99461E-05 9.99461E-05
0.21485 0.051456 9.9991E-05 0.0208716 0.535937 0.0021971 0.0198489 0.102001 0.0527379
0.138756 9.9982E-05 0.0301481 0.0771521 0.313889 9.9982E-05 0.0456757 0.314289 0.0798901
9.9964E-05 0.0267836 9.9964E-05 0.0903947 0.697735 0.0280416 9.9964E-05 0.156646 9.9964E-05
0.938905 9.99551E-05 9.99551E-05 9.99551E-05 0.00365131 9.99551E-05 0.000410392 9.99551E-05 0.0565334
0.639644 9.9973E-05 0.0206985 0.0168149 0.0930257 9.9973E-05 0.178688 9.9973E-05 0.0508281
0.957411 0.00548444 0.0202588 0.0161651 9.99641E-05 0.000280888 9.99641E-05 9.99641E-05 9.99641E-05
0.922552 9.99641E-05 0.00614868 9.99641E-05 0.0226342 9.99641E-05 0.0013366 9.99641E-05 0.0469287
0.888474 0.0212063 0.00813215 9.99641E-05 0.0543862 0.0274013 9.99641E-05 9.99641E-05 9.99641E-05
0.999201 9.993E-05 9.993E-05 9.993E-05 9.993E-05 9.993E-05 9.993E-05 9.993E-05 9.993E-05
0.976396 9.99461E-05 0.0175238 0.00548044 9.99461E-05 9.99461E-05 9.99461E-05 9.99461E-05 9.99461E-05
0.718462 0.0364698 9.9964E-05 0.0336577 0.119227 9.9964E-05 9.9964E-05 0.0917835 9.9964E-05
0.978099 0.0212016 9.99371E-05 9.99371E-05 9.99371E-05 9.99371E-05 9.99371E-05 9.99371E-05 9.99371E-05
0.0970166 9.99731E-05 0.0328202 0.0878969 0.2576 0.000795146 9.99731E-05 0.523571 9.99731E-05
0.477714 9.99641E-05 0.00672521 9.99641E-05 0.107233 9.99641E-05 9.99641E-05 0.342455 0.065473
9.99551E-05 9.99551E-05 9.99551E-05 9.99551E-05 0.0987893 0.0130102 9.99551E-05 0.876716 0.0109849
0.293023 0.00408219 0.0210296 9.9964E-05 0.0897251 9.9964E-05 9.9964E-05 0.59174 9.9964E-05
0.414604 0.0284999 0.0257798 9.999E-05 0.13472 0.0497927 0.135244 0.151836 0.0594233
0.685229 9.99551E-05 9.99551E-05 9.99551E-05 0.0572183 0.022717 9.99551E-05 0.234336 9.99551E-05
0.805622 9.9973E-05 0.0246552 9.9973E-05 0.0140579 0.00537144 0.136438 0.0135554 9.9973E-05
0.663528 0.00968977 9.9991E-05 0.0261286 0.0841174 0.0257506 0.150118 0.0148368 0.0257309
0.536475 9.99641E-05 9.99641E-05 0.0288244 9.99641E-05 9.99641E-05 0.0696353 0.356221 0.00844477
0.246033 0.0337649 9.9973E-05 0.0367344 9.9973E-05 0.00123637 9.9973E-05 0.632098 0.0498337
0.932244 0.0375035 0.00733099 9.99641E-05 9.99641E-05 0.0102165 9.99641E-05 0.0123051 9.99641E-05
0.641802 0.0122204 0.00909314 9.9982E-05 0.0538348 0.00880431 0.0146266 0.259419 9.9982E-05
0.39215 0.00467068 0.046164 9.9973E-05 0.0975479 9.9973E-05 0.078702 0.380466 9.9973E-05
0.439301 9.9973E-05 0.0380417 0.0534731 9.9973E-05 0.00433912 0.0683846 0.39616 9.9973E-05
0.200804 9.99551E-05 9.99551E-05 0.0055513 0.0280525 9.99551E-05 9.99551E-05 0.765093 9.99551E-05
0.255938 9.9973E-05 0.00461179 0.0100067 0.0876602 0.00619456 9.9973E-05 0.635289 9.9973E-05
0.999201 9.993E-05 9.993E-05 9.993E-05 9.993E-05 9.993E-05 9.993E-05 9.993E-05 9.993E-05
0.254822 9.9973E-05 0.0045542 9.9973E-05 0.0429716 9.9973E-05 0.0823287 0.546849 0.0681742
0.169469 9.99551E-05 0.0278474 9.99551E-05 0.0999828 9.99551E-05 9.99551E-05 0.702201 9.99551E-05
0.632363 0.0185306 9.99551E-05 9.99551E-05 9.99551E-05 0.0210036 9.99551E-05 0.327603 9.99551E-05
0.574471 9.99461E-05 9.99461E-05 9.99461E-05 9.99461E-05 0.0144579 9.99461E-05 0.410471 9.99461E-05
9.99371E-05 9.99371E-05 0.0149403 9.99371E-05 9.99371E-05 9.99371E-05 9.99371E-05 0.98436 9.99371E-05
9.9973E-05 0.00956136 9.9973E-05 0.00329594 0.0281194 0.0039123 9.9973E-05 0.935255 0.0195559
9.99461E-05 9.99461E-05 0.0424069 9.99461E-05 0.00390006 9.99461E-05 9.99461E-05 0.953093 9.99461E-05
0.374343 0.0102981 9.99641E-05 9.99641E-05 9.99641E-05 0.0100006 0.049284 0.555674 9.99641E-05
9.99371E-05 9.99371E-05 9.99371E-05 9.99371E-05 9.99371E-05 9.99371E-05 0.0293683 0.969932 9.99371E-05
0.804194 0.0139098 9.99551E-05 9.99551E-05 9.99551E-05 9.99551E-05 0.00728486 0.174111 9.99551E-05
9.99371E-05 9.99371E-05 9.99371E-05 9.99371E-05 9.99371E-05 9.99371E-05 9.99371E-05 0.974104 0.0251964
0.547366 0.0182546 0.00434281 0.0177435 9.9982E-05 9.9982E-05 0.0594624 0.31033 0.0423008
9.99461E-05 9.99461E-05 9.99461E-05 9.99461E-05 9.99461E-05 0.00680773 0.283432 0.709161 9.99461E-05
9.99551E-05 0.0308267 0.0115302 9.99551E-05 9.99551E-05 9.99551E-05 0.228178 0.728965 9.99551E-05
0.108237 0.0575953 9.99551E-05 9.99551E-05 9.99551E-05 9.99551E-05 0.194542 0.639126 9.99551E-05
0.110382 9.9982E-05 0.0107712 9.9982E-05 0.0908561 0.0106475 0.594107 0.165159 0.0178771
9.99461E-05 0.00224788 9.99461E-05 9.99461E-05 9.99461E-05 9.99461E-05 0.111885 0.885267 9.99461E-05
9.99551E-05 9.99551E-05 0.0104096 0.0456616 9.99551E-05 9.99551E-05 0.282196 0.661233 9.99551E-05
9.99461E-05 9.99461E-05 9.99461E-05 0.00646929 9.99461E-05 9.99461E-05 0.35124 0.641691 9.99461E-05
9.993E-05 9.993E-05 9.993E-05 9.993E-05 9.993E-05 9.993E-05 0.999201 9.993E-05 9.993E-05
9.99461E-05 0.00508907 9.99461E-05 9.99461E-05 9.99461E-05 9.99461E-05 0.983775 9.99461E-05 0.0105363
9.993E-05 9.993E-05 9.993E-05 9.993E-05 9.993E-05 9.993E-05 0.999201 9.993E-05 9.993E-05
9.99461E-05 0.0476587 9.99461E-05 9.99461E-05 9.99461E-05 0.00802033 0.943721 9.99461E-05 9.99461E-05
9.99371E-05 0.0173111 9.99371E-05 9.99371E-05 9.99371E-05 9.99371E-05 0.981989 9.99371E-05 9.99371E-05
0.0157296 0.00500971 0.00929296 9.9982E-05 0.0218819 0.000422928 0.914868 9.9982E-05 0.0325951
9.99551E-05 9.99551E-05 9.99551E-05 0.0301639 0.00106294 9.99551E-05 0.946257 0.0220168 9.99551E-05
9.99371E-05 0.0382913 9.99371E-05 9.99371E-05 9.99371E-05 9.99371E-05 0.961009 9.99371E-05 9.99371E-05
9.993E-05 9.993E-05 9.993E-05 9.993E-05 9.993E-05 9.993E-05 0.999201 9.993E-05 9.993E-05
9.99461E-05 0.100694 0.00325906 9.99461E-05 9.99461E-05 9.99461E-05 0.895447 9.99461E-05 9.99461E-05
9.993E-05 0.999201 9.993E-05 9.993E-05 9.993E-05 9.993E-05 9.993E-05 9.993E-05 9.993E-05
0.0406773 0.954342 9.99461E-05 9.99461E-05 9.99461E-05 9.99461E-05 9.99461E-05 9.99461E-05 0.00438083
9.993E-05 0.999201 9.993E-05 9.993E-05 9.993E-05 9.993E-05 9.993E-05 9.993E-05 9.993E-05
