0.00369548 0.762982 9.9991E-05 0.0229505 0.139226 0.071046
9.99641E-05 0.969508 9.99641E-05 9.99641E-05 9.99641E-05 0.0300919
9.996E-05 0.9995 9.996E-05 9.996E-05 9.996E-05 9.996E-05
0.158721 0.615154 0.00574353 9.9991E-05 0.149278 0.0710037
9.9982E-05 0.627301 0.051548 0.0392077 0.281743 9.9982E-05
9.9982E-05 0.837693 0.0232074 9.9982E-05 0.0198842 0.119016
9.996E-05 0.9995 9.996E-05 9.996E-05 9.996E-05 9.996E-05
9.996E-05 0.9995 9.996E-05 9.996E-05 9.996E-05 9.996E-05
9.996E-05 0.9995 9.996E-05 9.996E-05 9.996E-05 9.996E-05
0.0357022 0.785968 0.0413254 0.0397893 0.0675017 0.0297136
9.9973E-05 0.551349 9.9973E-05 0.388995 0.0593555 9.9973E-05
9.9982E-05 0.456918 0.000497075 0.460438 0.0819467 9.9982E-05
0.0365323 0.40045 9.9982E-05 0.512687 0.0501302 9.9982E-05
0.111964 0.109557 0.00946519 0.676051 0.0928635 9.9991E-05
9.9991E-05 0.183791 0.021618 0.526817 0.200501 0.0671726
0.1471 0.169441 0.0149531 0.412979 0.255428 9.9991E-05
0.211959 0.199946 9.9982E-05 0.496336 0.0915587 9.9982E-05
0.316018 0.119943 9.9973E-05 0.563739 9.9973E-05 9.9973E-05
0.21774 0.165362 0.0148269 0.601871 9.9982E-05 9.9982E-05
9.996E-05 9.996E-05 9.996E-05 0.9995 9.996E-05 9.996E-05
9.996E-05 9.996E-05 9.996E-05 0.9995 9.996E-05 9.996E-05
9.996E-05 9.996E-05 9.996E-05 0.9995 9.996E-05 9.996E-05
0.249 0.0564629 0.0306928 0.663644 9.9982E-05 9.9982E-05
0.675784 0.00331975 0.0118904 0.023844 0.278772 0.00638986
0.856889 9.9982E-05 0.0323961 0.0487153 0.0617996 9.9982E-05
0.84905 0.00256315 9.9991E-05 0.0368707 0.0568422 0.054574
0.910161 0.00807753 0.0197735 0.0159811 0.0459069 9.9991E-05
0.775754 0.0182866 0.0100858 0.0618687 0.133905 9.9991E-05
0.9995 9.996E-05 9.996E-05 9.996E-05 9.996E-05 9.996E-05
0.9995 9.996E-05 9.996E-05 9.996E-05 9.996E-05 9.996E-05
0.9995 9.996E-05 9.996E-05 9.996E-05 9.996E-05 9.996E-05
0.998069 9.99641E-05 9.99641E-05 9.99641E-05 9.99641E-05 0.0015308
0.981955 9.99641E-05 0.0176446 9.99641E-05 9.99641E-05 9.99641E-05
0.939923 9.9973E-05 9.9973E-05 0.0210464 0.0387304 9.9973E-05
0.509553 0.0432555 0.0659483 0.0562476 0.233507 0.0914885
0.331039 0.0976678 0.0569065 0.0587734 0.455513 9.9991E-05
0.743814 0.104742 0.0497874 9.9982E-05 0.101457 9.9982E-05
0.0926693 9.9982E-05 9.9982E-05 0.0473728 0.790348 0.0694099
0.140391 9.9982E-05 9.9982E-05 0.093989 0.666362 0.0990578
0.103869 9.99821E-05 9.99821E-05 0.0267344 0.860939 0.00825689
0.152381 9.9973E-05 9.9973E-05 0.0562464 0.791072 9.9973E-05
0.0995664 9.9982E-05 0.0311446 0.0482302 0.820859 9.9982E-05
0.0805892 9.99641E-05 9.99641E-05 9.99641E-05 0.919011 9.99641E-05
0.209702 9.9982E-05 0.00285507 0.0568534 0.730389 9.9982E-05
0.262754 9.9991E-05 0.0202548 0.014667 0.673284 0.0289404
0.0607162 0.0144003 0.00698384 0.0211926 0.896607 9.9991E-05
0.340467 0.0732048 9.9991E-05 0.0184606 0.56257 0.00519737
0.202975 9.9982E-05 0.0399582 0.0499045 0.706962 9.9982E-05
0.146303 0.0130593 9.9982E-05 0.00503749 0.835401 9.9982E-05
0.0965202 9.9991E-05 0.00203816 0.00925426 0.83862 0.0534676
0.229425 0.012778 0.0883957 0.0860683 0.49243 0.0909032
0.101827 0.00161135 9.9982E-05 0.0120011 0.884361 9.9982E-05
0.111541 0.00649526 9.9991E-05 0.00669921 0.771822 0.103342
0.125716 0.0571503 0.0486224 0.0271041 0.651147 0.0902604
0.00544338 0.0131387 9.9991E-05 0.00720428 0.866781 0.107333
9.9982E-05 0.0274722 0.0692047 0.0155943 0.887529 9.9982E-05
0.0197039 0.0442535 0.0382106 0.0254227 0.872309 9.9991E-05
0.099177 9.99731E-05 0.0140302 9.99731E-05 0.886493 9.99731E-05
0.123994 0.00230506 0.0653135 0.0348583 0.710855 0.0626743
0.0816747 0.0584006 9.9991E-05 0.018981 0.760126 0.0807182
0.0635799 9.9982E-05 0.00535656 9.9982E-05 0.918771 0.0120927
0.163383 9.9982E-05 0.0175891 9.9982E-05 0.805825 0.0130028
9.996E-05 9.996E-05 9.996E-05 9.996E-05 0.9995 9.996E-05
0.109354 0.0225866 9.9991E-05 0.0477679 0.720234 0.0999567
0.0811615 9.9982E-05 9.9982E-05 0.0199274 0.851675 0.0470365
0.00815077 9.99731E-05 0.0660047 9.99731E-05 0.925545 9.99731E-05
9.99641E-05 0.0350259 9.99641E-05 9.99641E-05 0.964574 9.99641E-05
9.99641E-05 9.99641E-05 0.0301853 9.99641E-05 0.969415 9.99641E-05
0.0160961 0.0117424 0.0148422 9.9991E-05 0.900321 0.0568984
9.9973E-05 9.9973E-05 0.0991044 0.0121157 0.88848 9.9973E-05
9.99731E-05 9.99731E-05 0.0147393 9.99731E-05 0.903953 0.081008
9.99731E-05 9.99731E-05 0.0101372 9.99731E-05 0.905811 0.0837516
9.99731E-05 9.99731E-05 0.00723172 9.99731E-05 0.975535 0.0169332
9.99731E-05 9.99731E-05 0.00396322 9.99731E-05 0.901671 0.0940657
9.9973E-05 9.9973E-05 9.9973E-05 0.0346625 0.858122 0.106915
9.9973E-05 0.0287511 9.9973E-05 9.9973E-05 0.515525 0.455424
9.9973E-05 9.9973E-05 9.9973E-05 0.00328863 0.594983 0.401429
0.070173 9.9982E-05 0.0288905 9.9982E-05 0.620731 0.280006
0.0667324 9.9982E-05 9.9982E-05 0.0181188 0.273537 0.641411
9.9982E-05 9.9982E-05 0.00126577 0.00584153 0.601372 0.391321
0.0503351 0.0224122 9.9991E-05 0.0115042 0.475767 0.439881
0.00775904 0.00897594 9.9982E-05 9.9982E-05 0.497815 0.48525
9.996E-05 9.996E-05 9.996E-05 9.996E-05 9.996E-05 0.9995
9.9973E-05 9.9973E-05 0.0352085 9.9973E-05 0.040317 0.924175
9.996E-05 9.996E-05 9.996E-05 9.996E-05 9.996E-05 0.9995
9.99641E-05 9.99641E-05 0.00282974 9.99641E-05 9.99641E-05 0.99677
9.9964E-05 9.9964E-05 0.000611335 9.9964E-05 9.9964E-05 0.998989
0.073751 0.00847366 0.0432253 0.00664099 9.9991E-05 0.867809
9.9964E-05 0.0109537 9.9964E-05 9.9964E-05 9.9964E-05 0.988646
9.99641E-05 9.99641E-05 0.0265636 9.99641E-05 9.99641E-05 0.973037
9.996E-05 9.996E-05 9.996E-05 9.996E-05 9.996E-05 0.9995
9.99641E-05 9.99641E-05 0.0819291 9.99641E-05 9.99641E-05 0.917671
9.996E-05 9.996E-05 0.9995 9.996E-05 9.996E-05 9.996E-05
0.0248832 9.9964E-05 0.974717 9.9964E-05 9.9964E-05 9.9964E-05
9.996E-05 9.996E-05 0.9995 9.996E-05 9.996E-05 9.996E-05
