0.0324165 0.74943 0.163784 0.0543702
9.9982E-05 0.98136 9.9982E-05 0.01844
9.998E-05 0.9997 9.998E-05 9.998E-05
0.0296452 0.585713 0.242577 0.142065
0.00262181 0.673347 0.231236 0.0927952
9.9991E-05 0.828482 0.0759718 0.0954467
9.998E-05 0.9997 9.998E-05 9.998E-05
9.998E-05 0.9997 9.998E-05 9.998E-05
9.998E-05 0.9997 9.998E-05 9.998E-05
0.0598122 0.773605 0.14909 0.0174926
0.419791 0.519579 0.0605302 9.9991E-05
0.434288 0.448062 0.11755 9.9991E-05
0.488525 0.385314 0.126061 9.9991E-05
0.666303 0.099333 0.234264 9.9991E-05
0.498635 0.1923 0.212623 0.0964416
0.3932 0.155464 0.358551 0.0927846
0.507091 0.195617 0.297192 9.9991E-05
0.571431 0.130137 0.298332 9.9991E-05
0.588738 0.174443 0.236719 9.9991E-05
0.9997 9.998E-05 9.998E-05 9.998E-05
0.9997 9.998E-05 9.998E-05 9.998E-05
0.9997 9.998E-05 9.998E-05 9.998E-05
0.671956 0.0748614 0.253082 9.9991E-05
0.0726813 0.00375648 0.923462 9.9991E-05
0.0341251 0.0724548 0.89332 9.9991E-05
0.114285 0.0235304 0.862085 9.9991E-05
0.0620311 0.0669363 0.870933 9.9991E-05
0.0920962 0.0553202 0.852484 9.9991E-05
0.0561303 0.0231469 0.920623 9.9991E-05
0.0379759 0.0162784 0.945646 9.9991E-05
0.0364689 0.0177378 0.945693 9.9991E-05
0.028254 9.9982E-05 0.971546 9.9982E-05
0.0452826 0.0660803 0.888537 9.9991E-05
0.0798288 0.0242257 0.895846 9.9991E-05
0.0980507 0.0861067 0.705241 0.110602
0.0448964 0.102986 0.750177 0.101941
0.0149928 0.146564 0.828451 0.00999186
0.060173 9.9991E-05 0.736531 0.203196
0.0531383 0.00359161 0.747413 0.195857
0.00925651 9.9991E-05 0.858509 0.132135
0.0535613 9.9991E-05 0.830574 0.115765
0.0157651 0.0181341 0.832988 0.133113
9.9991E-05 0.00147465 0.90496 0.0934655
0.0777677 9.9991E-05 0.798296 0.123836
0.0142479 0.00954883 0.81615 0.160053
9.9982E-05 9.9982E-05 0.906213 0.0935875
0.0113739 0.062253 0.845036 0.0813375
0.0234507 9.9991E-05 0.933677 0.0427728
9.99821E-05 9.99821E-05 0.930281 0.0695195
0.0112671 9.9991E-05 0.786826 0.201806
0.111793 0.0474202 0.551735 0.289052
9.9991E-05 0.00243557 0.899061 0.0984038
0.0461105 9.9991E-05 0.727032 0.226758
0.0593571 0.0469651 0.628739 0.264939
9.9991E-05 0.00873883 0.751149 0.240012
0.0073668 0.0351351 0.709479 0.248019
9.9991E-05 0.02956 0.781083 0.189257
0.00587012 9.9991E-05 0.816617 0.177413
0.0554115 9.9991E-05 0.707581 0.236908
0.0232599 0.0278102 0.734237 0.214692
9.9982E-05 9.9982E-05 0.857687 0.142113
9.9982E-05 9.9982E-05 0.880639 0.119161
9.9982E-05 9.9982E-05 0.855688 0.144112
0.0399054 0.00728502 0.726555 0.226255
0.00495332 9.9991E-05 0.875217 0.11973
9.9982E-05 9.9982E-05 0.813749 0.186051
9.9991E-05 0.0103424 0.825409 0.164148
9.9982E-05 9.9982E-05 0.817087 0.182713
9.9991E-05 0.00927719 0.737252 0.253371
0.0198459 9.9991E-05 0.752185 0.227869
9.9982E-05 9.9982E-05 0.651721 0.348079
9.9982E-05 9.9982E-05 0.737615 0.262185
9.9982E-05 9.9982E-05 0.701336 0.298464
9.9982E-05 9.9982E-05 0.701998 0.297802
0.0459126 0.0200297 0.672532 0.261526
9.9991E-05 0.0270991 0.441332 0.531469
9.9982E-05 9.9982E-05 0.443625 0.556175
9.9982E-05 9.9982E-05 0.525707 0.474093
0.0126111 0.00629028 0.345687 0.635411
9.9982E-05 9.9982E-05 0.51391 0.485891
0.00288052 0.00979978 0.466352 0.520968
9.9982E-05 9.9982E-05 0.438131 0.561669
9.998E-05 9.998E-05 9.998E-05 0.9997
9.9982E-05 9.9982E-05 0.0330552 0.966745
9.998E-05 9.998E-05 9.998E-05 0.9997
9.998E-05 9.998E-05 9.998E-05 0.9997
9.9982E-05 9.9982E-05 0.0161548 0.983645
9.9982E-05 9.9982E-05 0.148846 0.850954
9.9982E-05 9.9982E-05 0.086877 0.912923
0.00626089 9.9982E-05 9.9982E-05 0.993539
9.9982E-05 9.9982E-05 0.0390506 0.960749
9.9982E-05 9.9982E-05 0.0329411 0.966859
9.998E-05 9.998E-05 9.998E-05 0.9997
9.9982E-05 0.0506112 9.9982E-05 0.949189
9.9982E-05 0.00559001 9.9982E-05 0.99421
