0.759868 0.0994048 0.0553363 9.9991E-05 0.059507 0.0257842
0.997969 9.99641E-05 9.99641E-05 0.00163085 9.99641E-05 9.99641E-05
0.9995 9.996E-05 9.996E-05 9.996E-05 9.996E-05 9.996E-05
0.625008 0.10268 0.0823672 9.9991E-05 0.151915 0.0379302
0.680808 0.0936865 0.0125705 9.9991E-05 0.17969 0.0331455
0.817332 0.0807407 0.0745896 9.9991E-05 0.0075956 0.0196422
0.9995 9.996E-05 9.996E-05 9.996E-05 9.996E-05 9.996E-05
0.991422 9.99641E-05 9.99641E-05 0.00817851 9.99641E-05 9.99641E-05
0.9995 9.996E-05 9.996E-05 9.996E-05 9.996E-05 9.996E-05
0.725094 0.0444526 0.0652192 0.111452 0.0535237 0.000258142
0.189623 9.9964E-05 9.9964E-05 0.809977 9.9964E-05 9.9964E-05
0.119072 9.99641E-05 9.99641E-05 0.880528 9.99641E-05 9.99641E-05
0.0680071 9.99641E-05 9.99641E-05 0.931593 9.99641E-05 9.99641E-05
9.99731E-05 9.99731E-05 0.000415381 0.9299 9.99731E-05 0.0693842
9.9982E-05 0.102891 9.9982E-05 0.809007 0.0420827 0.0458187
0.0204283 9.9991E-05 0.048829 0.645466 0.264002 0.0211749
9.9964E-05 9.9964E-05 9.9964E-05 0.936472 0.0631279 9.9964E-05
9.9973E-05 9.9973E-05 0.144913 0.799273 9.9973E-05 0.0555141
9.9973E-05 9.9973E-05 0.0161523 0.933914 9.9973E-05 0.049634
9.996E-05 9.996E-05 9.996E-05 9.996E-05 9.996E-05 0.9995
9.996E-05 9.996E-05 9.996E-05 9.996E-05 9.996E-05 0.9995
0.0056643 0.0062735 9.9973E-05 9.9973E-05 9.9973E-05 0.987762
9.9982E-05 0.00570937 0.10711 0.78048 9.9982E-05 0.1065
9.999E-05 0.0268942 0.743535 0.0477537 0.170948 0.010769
0.0660479 0.032712 0.887845 9.9982E-05 0.0131952 9.9982E-05
0.00642657 0.0281625 0.848203 0.0508613 0.0512543 0.0150919
0.018172 9.9982E-05 0.709693 0.0567972 0.215137 9.9982E-05
9.9982E-05 9.9982E-05 0.748794 0.110223 0.126362 0.0144213
9.996E-05 9.996E-05 0.9995 9.996E-05 9.996E-05 9.996E-05
9.996E-05 9.996E-05 0.9995 9.996E-05 9.996E-05 9.996E-05
9.996E-05 9.996E-05 0.9995 9.996E-05 9.996E-05 9.996E-05
9.996E-05 9.996E-05 0.9995 9.996E-05 9.996E-05 9.996E-05
0.00669239 9.99641E-05 0.992908 9.99641E-05 9.99641E-05 9.99641E-05
0.00731875 9.9982E-05 0.975251 9.9982E-05 0.00363008 0.0136
0.0421404 0.088559 0.483644 0.0602157 0.301168 0.0242728
0.0573198 0.0350177 0.330102 0.101708 0.458058 0.0177954
0.0964 0.0245757 0.720137 9.9991E-05 0.148039 0.0107478
9.9991E-05 0.0527299 0.087507 0.0970538 0.737715 0.024894
9.9991E-05 0.0414995 0.18973 0.052532 0.683447 0.0326919
0.0117409 9.9991E-05 0.0837506 0.0270317 0.864799 0.0125783
9.9982E-05 9.9982E-05 0.164945 0.0766962 0.754031 0.00412734
9.9991E-05 0.0226392 0.127653 0.0642362 0.782444 0.00292773
0.0140722 9.99731E-05 0.0736866 9.99731E-05 0.911941 9.99731E-05
9.9982E-05 9.9982E-05 0.177764 0.0698647 0.713115 0.0390567
0.0186513 0.0145296 0.197991 0.0143321 0.748652 0.00584358
9.99731E-05 9.99731E-05 0.0296146 0.0343061 0.935779 9.99731E-05
0.0679455 9.9991E-05 0.238409 0.0324742 0.650871 0.0102003
9.9982E-05 9.9982E-05 0.185629 0.0424691 0.74854 0.0231621
9.99731E-05 9.99731E-05 0.136958 0.0516864 0.811056 9.99731E-05
9.9991E-05 0.0244311 0.143618 0.00572266 0.821789 0.00433897
0.0277341 0.15181 0.162753 0.0852746 0.551154 0.021274
0.0186229 9.9991E-05 0.0691378 0.0234601 0.878873 0.00980619
0.00395585 0.0372964 0.0369804 0.0428952 0.851136 0.0277365
0.0476816 0.120838 0.160243 0.0839989 0.587139 9.9991E-05
0.0265136 0.00127812 0.0150142 0.0524382 0.904656 9.9991E-05
0.00184845 0.0616708 9.9991E-05 0.0869732 0.841902 0.00750609
0.0804439 0.0460154 9.9982E-05 9.9982E-05 0.867816 0.00552514
9.99731E-05 9.99731E-05 0.10993 9.99731E-05 0.876111 0.013659
0.0131334 0.0696629 0.138033 0.00233201 0.728041 0.0487975
0.0661718 0.0412285 0.0280719 9.9991E-05 0.823514 0.0409139
9.99641E-05 9.99641E-05 0.01963 9.99641E-05 0.97997 9.99641E-05
0.0278061 9.9973E-05 0.0493168 9.9973E-05 0.922577 9.9973E-05
9.99641E-05 9.99641E-05 9.99641E-05 0.0680946 0.931506 9.99641E-05
9.9982E-05 0.0781494 0.127242 9.9982E-05 0.749464 0.0449454
9.9973E-05 9.9973E-05 0.087902 9.9973E-05 0.891464 0.020334
0.00255512 0.0333778 0.0404151 0.0238357 0.899716 9.9991E-05
0.0164963 9.99731E-05 0.0242382 9.99731E-05 0.958966 9.99731E-05
9.99731E-05 0.0158159 0.0158518 9.99731E-05 0.968032 9.99731E-05
0.00977975 0.0868036 0.0783476 9.9982E-05 0.824869 9.9982E-05
9.9982E-05 0.0385453 9.9982E-05 0.0171741 0.9139 0.0301806
9.99731E-05 0.0898501 9.99731E-05 9.99731E-05 0.906986 0.00286374
9.99641E-05 0.0924408 9.99641E-05 9.99641E-05 0.907159 9.99641E-05
9.99641E-05 0.0416141 9.99641E-05 9.99641E-05 0.957986 9.99641E-05
9.99641E-05 0.0571248 9.99641E-05 9.99641E-05 0.942475 9.99641E-05
0.0367809 0.0259652 9.9991E-05 0.0172117 0.904699 0.0152436
0.0179288 0.328158 9.9973E-05 9.9973E-05 0.653613 9.9973E-05
9.99731E-05 0.360194 9.99731E-05 9.99731E-05 0.607722 0.0317839
9.99731E-05 0.222542 9.99731E-05 9.99731E-05 0.75298 0.0241782
9.9991E-05 0.569674 0.0567145 0.0546199 0.310575 0.00831635
9.99641E-05 0.260577 9.99641E-05 9.99641E-05 0.739023 9.99641E-05
0.0142314 0.316506 9.9982E-05 9.9982E-05 0.665159 0.00390354
0.0193452 0.386323 9.99731E-05 9.99731E-05 0.594032 9.99731E-05
9.99641E-05 0.975903 9.99641E-05 9.99641E-05 0.0236967 9.99641E-05
9.99641E-05 0.861429 9.99641E-05 9.99641E-05 0.138171 9.99641E-05
9.9973E-05 0.942802 0.00100223 9.9973E-05 0.0558962 9.9973E-05
9.99641E-05 0.973564 9.99641E-05 9.99641E-05 0.0260359 9.99641E-05
9.99641E-05 0.965536 9.99641E-05 9.99641E-05 0.0340642 9.99641E-05
9.9982E-05 0.80688 0.0657885 9.9982E-05 0.116351 0.0107804
9.9973E-05 0.872328 0.0636579 9.9973E-05 0.0637138 9.9973E-05
9.99641E-05 0.951396 0.0482038 9.99641E-05 9.99641E-05 9.99641E-05
9.99641E-05 0.918656 9.99641E-05 9.99641E-05 0.0809446 9.99641E-05
9.9982E-05 0.948963 0.0237853 9.9982E-05 0.0180368 0.00901531
9.996E-05 0.9995 9.996E-05 9.996E-05 9.996E-05 9.996E-05
9.9964E-05 0.934257 9.9964E-05 0.065343 9.9964E-05 9.9964E-05
9.996E-05 0.9995 9.996E-05 9.996E-05 9.996E-05 9.996E-05
