0.0626229 0.0971555 0.784851 0.0553705
9.9982E-05 0.0234854 0.976315 9.9982E-05
9.998E-05 9.998E-05 0.9997 9.998E-05
0.271858 0.0859118 0.595949 0.0462808
0.197381 0.0960655 0.644503 0.0620497
0.065462 0.0856721 0.846997 0.00186928
9.998E-05 9.998E-05 0.9997 9.998E-05
9.998E-05 9.998E-05 0.9997 9.998E-05
9.998E-05 9.998E-05 0.9997 9.998E-05
0.150202 0.0428638 0.806834 9.9991E-05
0.0577115 9.9991E-05 0.536362 0.405827
0.101589 9.9991E-05 0.451609 0.446702
0.0816835 9.9991E-05 0.412448 0.505768
0.201736 9.9991E-05 0.15194 0.646225
0.229768 0.0950187 0.190931 0.484281
0.399716 0.0512468 0.129203 0.419835
0.2818 9.9991E-05 0.210368 0.507732
0.284827 9.9991E-05 0.14006 0.575012
0.215475 9.9991E-05 0.1716 0.612825
9.998E-05 9.998E-05 9.998E-05 0.9997
9.998E-05 9.998E-05 9.998E-05 0.9997
9.998E-05 9.998E-05 9.998E-05 0.9997
0.260771 9.9991E-05 0.0769593 0.66217
0.890492 0.00897937 0.017733 0.082796
0.890617 9.9991E-05 0.0551689 0.0541136
0.888728 9.9991E-05 0.041488 0.0696843
0.863009 9.9991E-05 0.0545326 0.0823582
0.84553 9.9991E-05 0.0355581 0.118812
0.916432 9.9991E-05 0.0210629 0.0624054
0.92566 9.9982E-05 9.9982E-05 0.0741403
0.939739 9.9991E-05 0.0401057 0.0200555
0.970385 9.9982E-05 9.9982E-05 0.0294154
0.880736 9.9991E-05 0.056019 0.0631451
0.894137 9.9991E-05 0.0422578 0.0635049
0.763005 0.0965349 0.100742 0.0397177
0.754119 0.0840516 0.104207 0.0576228
0.822527 9.9991E-05 0.138314 0.0390584
0.822845 0.136689 9.9991E-05 0.0403662
0.726505 0.185718 9.9991E-05 0.0876778
0.872547 0.101072 9.9991E-05 0.0262811
0.849537 0.0968221 9.9991E-05 0.0535408
0.828328 0.131379 0.00214301 0.0381496
0.948566 0.0512341 9.9982E-05 9.9982E-05
0.833939 0.103552 9.9991E-05 0.0624083
0.852235 0.13074 0.0169247 9.9991E-05
0.905215 0.0892655 0.00541976 9.9991E-05
0.830762 0.0529623 0.092072 0.0242034
0.894411 0.0670386 9.9991E-05 0.0384502
0.916135 0.083665 9.99821E-05 9.99821E-05
0.838803 0.160997 9.9982E-05 9.9982E-05
0.578775 0.271649 0.0687539 0.0808216
0.839813 0.148094 0.0119927 9.9991E-05
0.855908 0.143501 9.9991E-05 0.000490847
0.619173 0.257288 0.0954009 0.0281382
0.736015 0.238653 0.00140186 0.0239295
0.757661 0.222684 0.0195548 9.9991E-05
0.754828 0.19116 0.0539114 9.9991E-05
0.879346 0.120454 9.9982E-05 9.9982E-05
0.669301 0.247978 9.9991E-05 0.0826207
0.723996 0.190641 0.0462877 0.039075
0.833594 0.166206 9.9982E-05 9.9982E-05
0.881881 0.117919 9.9982E-05 9.9982E-05
0.843779 0.156021 9.9982E-05 9.9982E-05
0.711113 0.207203 0.0491795 0.0325043
0.843933 0.147847 9.9991E-05 0.00811998
0.80555 0.19425 9.9982E-05 9.9982E-05
0.843387 0.153679 0.00283415 9.9991E-05
0.798236 0.201564 9.9982E-05 9.9982E-05
0.785019 0.214781 9.9982E-05 9.9982E-05
0.716958 0.263621 0.0096855 0.00973515
0.654267 0.345533 9.9982E-05 9.9982E-05
0.748711 0.251089 9.9982E-05 9.9982E-05
0.751097 0.248703 9.9982E-05 9.9982E-05
0.727559 0.272241 9.9982E-05 9.9982E-05
0.748019 0.224865 0.00536503 0.0217514
0.46336 0.519463 0.0170776 9.9991E-05
0.442928 0.547418 9.9991E-05 0.00955323
0.553778 0.446022 9.9982E-05 9.9982E-05
0.367354 0.589738 9.9991E-05 0.0428083
0.476859 0.515555 9.9991E-05 0.00748587
0.559743 0.440057 9.9982E-05 9.9982E-05
0.479993 0.519807 9.9982E-05 9.9982E-05
9.998E-05 0.9997 9.998E-05 9.998E-05
0.0558006 0.943999 9.9982E-05 9.9982E-05
9.998E-05 0.9997 9.998E-05 9.998E-05
9.998E-05 0.9997 9.998E-05 9.998E-05
0.0328679 0.966932 9.9982E-05 9.9982E-05
0.125479 0.859608 9.9991E-05 0.014813
0.0842364 0.914298 0.00136584 9.9991E-05
9.998E-05 0.9997 9.998E-05 9.998E-05
9.998E-05 0.9997 9.998E-05 9.998E-05
0.00321974 0.99658 9.9982E-05 9.9982E-05
9.998E-05 0.9997 9.998E-05 9.998E-05
9.9982E-05 0.953273 0.0465275 9.9982E-05
9.9982E-05 0.979378 0.0204217 9.9982E-05
