9.99461E-05 0.00652688 0.981334 9.99461E-05 9.99461E-05 0.0115392 9.99461E-05 9.99461E-05 9.99461E-05
9.993E-05 9.993E-05 0.999201 9.993E-05 9.993E-05 9.993E-05 9.993E-05 9.993E-05 9.993E-05
9.99371E-05 9.99371E-05 0.846266 9.99371E-05 9.99371E-05 9.99371E-05 9.99371E-05 0.153034 9.99371E-05
9.9964E-05 0.16103 0.768405 9.9964E-05 0.016986 0.0169046 9.9964E-05 9.9964E-05 0.0362748
9.9964E-05 9.9964E-05 0.793316 0.0191736 9.9964E-05 0.0249122 0.121026 9.9964E-05 0.0411724
9.993E-05 9.993E-05 0.999201 9.993E-05 9.993E-05 9.993E-05 9.993E-05 9.993E-05 9.993E-05
9.993E-05 9.993E-05 9.993E-05 9.993E-05 9.993E-05 9.993E-05 9.993E-05 0.999201 9.993E-05
0.0957692 9.99461E-05 0.272252 9.99461E-05 9.99461E-05 9.99461E-05 9.99461E-05 0.631379 9.99461E-05
9.993E-05 9.993E-05 9.993E-05 9.993E-05 9.993E-05 9.993E-05 9.993E-05 0.999201 9.993E-05
0.125603 9.9973E-05 0.282745 9.9973E-05 9.9973E-05 0.0514021 0.077106 0.417066 0.0457779
0.877674 9.99461E-05 0.0141032 9.99461E-05 9.99461E-05 9.99461E-05 9.99461E-05 0.107623 9.99461E-05
0.933217 9.99371E-05 9.99371E-05 9.99371E-05 9.99371E-05 9.99371E-05 9.99371E-05 0.066083 9.99371E-05
0.95838 9.99371E-05 0.0409202 9.99371E-05 9.99371E-05 9.99371E-05 9.99371E-05 9.99371E-05 9.99371E-05
0.866044 9.99461E-05 9.99461E-05 9.99461E-05 0.0827307 0.0506252 9.99461E-05 9.99461E-05 9.99461E-05
0.790493 9.9964E-05 0.000844782 0.0621378 0.0471948 9.9964E-05 0.0989302 9.9964E-05 9.9964E-05
0.61896 0.0374473 0.00689846 0.0424256 0.0481852 0.0635494 0.182334 9.9982E-05 9.9982E-05
0.886165 9.99461E-05 9.99461E-05 9.99461E-05 9.99461E-05 0.0148017 0.0984336 9.99461E-05 9.99461E-05
0.760365 9.99461E-05 9.99461E-05 9.99461E-05 0.0781103 0.160925 9.99461E-05 9.99461E-05 9.99461E-05
0.885838 0.00500242 9.99551E-05 9.99551E-05 0.0707263 0.0379333 9.99551E-05 9.99551E-05 9.99551E-05
9.993E-05 9.993E-05 9.993E-05 9.993E-05 0.999201 9.993E-05 9.993E-05 9.993E-05 9.993E-05
9.993E-05 9.993E-05 9.993E-05 9.993E-05 0.999201 9.993E-05 9.993E-05 9.993E-05 9.993E-05
9.99551E-05 9.99551E-05 0.00141789 0.00457553 0.985161 9.99551E-05 9.99551E-05 0.0083458 9.99551E-05
0.782709 9.9955E-05 9.9955E-05 9.9955E-05 0.122936 0.0639905 0.0298645 9.9955E-05 9.9955E-05
0.0155846 0.0622964 0.00943988 0.0223969 0.00559932 0.661259 0.223224 9.9982E-05 9.9982E-05
9.99641E-05 9.99641E-05 9.99641E-05 0.00855865 9.99641E-05 0.810319 0.134843 0.0350025 0.0108769
0.0238867 0.0891101 0.00573429 0.021844 0.0110748 0.84805 9.9973E-05 9.9973E-05 9.9973E-05
0.067799 0.137636 0.0582753 9.9973E-05 9.9973E-05 0.699319 0.0331461 9.9973E-05 0.00352492
0.0709216 0.105579 9.9964E-05 9.9964E-05 0.0306636 0.721608 0.0708278 9.9964E-05 9.9964E-05
9.993E-05 9.993E-05 9.993E-05 9.993E-05 9.993E-05 0.999201 9.993E-05 9.993E-05 9.993E-05
9.993E-05 9.993E-05 9.993E-05 9.993E-05 9.993E-05 0.999201 9.993E-05 9.993E-05 9.993E-05
9.99372E-05 9.99372E-05 9.99372E-05 0.00881405 9.99372E-05 0.990486 9.99372E-05 9.99372E-05 9.99372E-05
9.994E-05 0.0277103 9.994E-05 0.00885865 9.994E-05 0.962831 9.994E-05 9.994E-05 9.994E-05
9.99461E-05 9.99461E-05 0.00105322 9.99461E-05 9.99461E-05 0.995458 9.99461E-05 9.99461E-05 0.00288892
9.99551E-05 9.99551E-05 9.99551E-05 9.99551E-05 0.0235978 0.912315 0.0580017 0.00558619 9.99551E-05
0.0752283 0.0154803 0.0461507 0.090325 9.9991E-05 0.486721 0.241042 0.0214559 0.0234958
0.0578473 0.337891 0.0895252 9.9973E-05 9.9973E-05 0.271382 0.186685 9.9973E-05 0.0563692
9.996E-05 0.217631 0.145123 9.996E-05 0.00426929 0.620988 9.996E-05 9.996E-05 0.01159
9.99551E-05 9.99551E-05 9.99551E-05 0.0509772 0.00201132 9.99551E-05 0.938828 0.00768412 9.99551E-05
9.99551E-05 9.99551E-05 9.99551E-05 0.094713 0.0247091 0.0808307 0.799247 9.99551E-05 9.99551E-05
9.993E-05 9.993E-05 9.993E-05 9.993E-05 9.993E-05 9.993E-05 0.999201 9.993E-05 9.993E-05
0.0571352 0.299367 9.997E-05 0.0144762 0.0159957 0.0154434 0.597282 9.997E-05 9.997E-05
9.99551E-05 9.99551E-05 9.99551E-05 9.99551E-05 9.99551E-05 0.0324156 0.912348 0.0190833 0.035653
9.993E-05 9.993E-05 9.993E-05 9.993E-05 9.993E-05 9.993E-05 0.999201 9.993E-05 9.993E-05
9.993E-05 9.993E-05 9.993E-05 9.993E-05 9.993E-05 9.993E-05 0.999201 9.993E-05 9.993E-05
9.998E-05 0.170039 0.00633901 0.0546481 0.000949468 0.1645 0.58755 9.998E-05 0.0157742
9.993E-05 9.993E-05 9.993E-05 9.993E-05 9.993E-05 9.993E-05 0.999201 9.993E-05 9.993E-05
0.0367012 0.225558 9.99641E-05 9.99641E-05 9.99641E-05 0.207443 0.492929 0.0369689 9.99641E-05
0.00678697 0.225894 9.99731E-05 9.99731E-05 0.00889666 0.0972783 0.660744 9.99731E-05 0.000100343
0.0321282 0.893839 9.99551E-05 9.99551E-05 9.99551E-05 0.0602919 9.99551E-05 0.013241 9.99551E-05
9.996E-05 0.82738 9.996E-05 9.996E-05 0.0137217 0.120203 0.0248118 9.996E-05 0.0134835
0.0218916 0.348812 0.0397547 0.159539 0.0665832 0.167577 0.16371 9.999E-05 0.0320317
9.9964E-05 0.422536 9.9964E-05 9.9964E-05 0.00520044 0.0773428 0.470082 0.0244386 9.9964E-05
9.9964E-05 0.381622 9.9964E-05 0.141442 0.0218227 0.0275386 0.427175 9.9964E-05 9.9964E-05
0.0680279 0.557773 0.0497876 0.123549 0.0316694 0.0795405 0.0802895 9.9991E-05 0.00926277
9.99551E-05 0.195394 9.99551E-05 0.0714493 9.99551E-05 9.99551E-05 0.717481 0.0151754 9.99551E-05
0.057587 0.503379 0.0223117 0.0783793 9.9982E-05 9.9982E-05 0.31428 0.00280813 0.0210549
9.99551E-05 0.244454 0.0106815 9.99551E-05 9.99551E-05 9.99551E-05 0.700762 9.99551E-05 0.043603
9.99641E-05 0.560613 9.99641E-05 9.99641E-05 0.0136103 0.0397612 0.34543 9.99641E-05 0.0401853
0.0179679 0.615628 9.9982E-05 0.0863534 0.0186679 0.118721 0.0978996 9.9982E-05 0.0445622
9.998E-05 0.6991 0.03277 0.030687 0.0667816 0.0114574 0.150118 0.0088858 9.998E-05
9.99461E-05 0.994854 0.00191885 9.99461E-05 0.00262745 9.99461E-05 9.99461E-05 9.99461E-05 9.99461E-05
9.99724E-05 0.788801 0.0346811 0.0117272 9.99724E-05 0.0894079 0.0749828 9.99724E-05 9.99724E-05
9.99461E-05 0.40476 9.99461E-05 0.00828239 9.99461E-05 9.99461E-05 0.586358 9.99461E-05 9.99461E-05
0.0625058 0.57431 9.9982E-05 0.0378726 9.9982E-05 0.10478 0.132161 0.00575873 0.0824115
9.99641E-05 0.556863 9.99641E-05 0.0235805 0.0247764 0.0392427 0.355138 9.99641E-05 9.99641E-05
0.0277798 0.817445 9.99731E-05 9.99731E-05 9.99731E-05 0.0162164 0.10194 0.00661642 0.0297031
9.995E-05 0.95217 0.0139331 9.995E-05 9.995E-05 0.0244713 0.00892577 9.995E-05 9.995E-05
9.99461E-05 0.976833 9.99461E-05 9.99461E-05 0.00829016 9.99461E-05 9.99461E-05 9.99461E-05 0.0142775
9.997E-05 0.928345 0.0162156 0.0281982 9.997E-05 0.0191211 9.997E-05 0.00417267 0.0036472
9.99461E-05 0.937338 9.99461E-05 9.99461E-05 0.024325 9.99461E-05 9.99461E-05 9.99461E-05 0.0377369
9.99641E-05 0.886983 9.99641E-05 0.0787094 0.000682935 9.99641E-05 0.029896 0.00332927 9.99641E-05
9.99372E-05 0.932008 9.99372E-05 0.0672927 9.99372E-05 9.99372E-05 9.99372E-05 9.99372E-05 9.99372E-05
9.99372E-05 0.979734 9.99372E-05 9.99372E-05 9.99372E-05 9.99372E-05 9.99372E-05 9.99372E-05 0.0195663
0.0102808 0.873271 9.99641E-05 0.0878919 9.99641E-05 9.99641E-05 0.0275908 9.99641E-05 0.000565702
9.9973E-05 0.52469 0.044562 0.0335077 0.0270417 9.9973E-05 0.329104 9.9973E-05 0.0407948
9.99461E-05 0.586799 9.99461E-05 0.39713 9.99461E-05 9.99461E-05 9.99461E-05 0.0154718 9.99461E-05
9.99461E-05 0.652288 9.99461E-05 0.3325 0.0146129 9.99461E-05 9.99461E-05 9.99461E-05 9.99461E-05
9.99551E-05 0.446946 9.99551E-05 0.22651 9.99551E-05 9.99551E-05 0.258997 9.99551E-05 0.0670468
0.0530556 0.170576 9.9964E-05 0.636159 9.9964E-05 0.0596897 0.0801208 9.9964E-05 9.9964E-05
9.99551E-05 0.786238 0.00195821 0.177423 9.99551E-05 9.99551E-05 9.99551E-05 9.99551E-05 0.0338805
9.99641E-05 0.538597 0.0230075 0.365022 9.99641E-05 0.0448217 0.0281526 9.99641E-05 9.99641E-05
9.99551E-05 0.535845 0.00811665 0.45262 9.99551E-05 9.99551E-05 9.99551E-05 0.00291791 9.99551E-05
9.993E-05 9.993E-05 9.993E-05 0.999201 9.993E-05 9.993E-05 9.993E-05 9.993E-05 9.993E-05
9.99461E-05 0.0338777 9.99461E-05 0.957695 9.99461E-05 9.99461E-05 9.99461E-05 9.99461E-05 0.00782741
9.99371E-05 9.99371E-05 0.00536883 0.993932 9.99371E-05 9.99371E-05 9.99371E-05 9.99371E-05 9.99371E-05
9.99461E-05 9.99461E-05 9.99461E-05 0.982371 9.99461E-05 9.99461E-05 9.99461E-05 0.00899051 0.00803881
9.993E-05 9.993E-05 9.993E-05 0.999201 9.993E-05 9.993E-05 9.993E-05 9.993E-05 9.993E-05
9.9964E-05 0.0502373 9.9964E-05 0.823432 0.0179415 0.0554475 9.9964E-05 9.9964E-05 0.0525417
9.99551E-05 0.0140347 0.0198337 0.955254 9.99551E-05 9.99551E-05 9.99551E-05 9.99551E-05 0.0103783
9.99371E-05 9.99371E-05 9.99371E-05 0.952381 9.99371E-05 9.99371E-05 9.99371E-05 9.99371E-05 0.046919
9.993E-05 9.993E-05 9.993E-05 0.999201 9.993E-05 9.993E-05 9.993E-05 9.993E-05 9.993E-05
9.99461E-05 9.99461E-05 9.99461E-05 0.967507 0.00152568 9.99461E-05 9.99461E-05 9.99461E-05 0.030368
9.993E-05 9.993E-05 9.993E-05 9.993E-05 9.993E-05 9.993E-05 9.993E-05 9.993E-05 0.999201
0.00254758 9.9955E-05 9.9955E-05 9.9955E-05 9.9955E-05 0.00671384 0.0161288 9.9955E-05 0.97411
9.993E-05 9.993E-05 9.993E-05 9.993E-05 9.993E-05 9.993E-05 9.993E-05 9.993E-05 0.999201
