0.0219082 0.167138 9.9982E-05 0.77666 9.9982E-05 0.00462545 0.0264337 0.00303552
0.0126852 9.99551E-05 9.99551E-05 0.972285 9.99551E-05 9.99551E-05 0.0145304 9.99551E-05
9.994E-05 9.994E-05 9.994E-05 0.9993 9.994E-05 9.994E-05 9.994E-05 9.994E-05
0.00425897 0.231285 9.9991E-05 0.63455 0.00501837 0.00339512 0.095901 0.0254923
0.0344984 0.193386 0.101075 0.649548 9.9982E-05 9.9982E-05 0.0125645 0.00872816
9.9964E-05 0.03852 9.9964E-05 0.839954 9.9964E-05 0.0483819 0.0727446 9.9964E-05
9.994E-05 9.994E-05 9.994E-05 0.9993 9.994E-05 9.994E-05 9.994E-05 9.994E-05
9.994E-05 9.994E-05 9.994E-05 0.9993 9.994E-05 9.994E-05 9.994E-05 9.994E-05
9.994E-05 9.994E-05 9.994E-05 0.9993 9.994E-05 9.994E-05 9.994E-05 9.994E-05
0.0759793 0.0540111 9.9991E-05 0.761815 0.000371207 0.0551121 0.0499375 0.00267398
0.83561 9.99461E-05 9.99461E-05 0.16379 9.99461E-05 9.99461E-05 9.99461E-05 9.99461E-05
0.898054 9.99461E-05 9.99461E-05 0.101346 9.99461E-05 9.99461E-05 9.99461E-05 9.99461E-05
0.922009 9.99461E-05 9.99461E-05 0.0773913 9.99461E-05 9.99461E-05 9.99461E-05 9.99461E-05
0.897882 9.99731E-05 9.99731E-05 9.99731E-05 0.00701743 0.0119441 0.00434878 0.0785081
0.813736 0.0814917 0.0171104 9.9973E-05 9.9973E-05 9.9973E-05 0.0510902 0.0362714
0.675577 0.249449 9.9982E-05 0.0222866 9.9982E-05 0.00669969 0.0392673 0.00652058
0.944411 0.0237199 9.99551E-05 9.99551E-05 9.99551E-05 0.0313693 9.99551E-05 9.99551E-05
0.821318 9.9964E-05 9.9964E-05 9.9964E-05 0.0219502 0.109231 9.9964E-05 0.0471002
0.865573 9.9973E-05 0.0112447 9.9973E-05 0.0243868 0.0119281 9.9973E-05 0.0865673
9.994E-05 9.994E-05 9.994E-05 9.994E-05 9.994E-05 9.994E-05 9.994E-05 0.9993
9.99461E-05 9.99461E-05 9.99461E-05 0.0145103 9.99461E-05 9.99461E-05 9.99461E-05 0.98489
9.99461E-05 9.99461E-05 9.99461E-05 9.99461E-05 9.99461E-05 0.000399134 9.99461E-05 0.999001
0.859343 9.9973E-05 9.9973E-05 9.9973E-05 0.03396 0.00897012 0.0021477 0.0952792
0.0549156 0.00457903 0.153803 9.9982E-05 0.0173326 0.74357 0.0255996 9.9982E-05
9.9973E-05 0.132009 9.9973E-05 0.0326348 0.0564675 0.764743 9.9973E-05 0.0138452
0.0312158 9.9964E-05 0.00128449 9.9964E-05 9.9964E-05 0.96121 9.9964E-05 0.00588962
0.0176089 0.111873 9.9973E-05 0.0249819 9.9973E-05 0.842893 9.9973E-05 0.00234357
0.0752608 0.129354 0.0215766 9.9982E-05 0.040898 0.703607 9.9982E-05 0.0291039
9.994E-05 9.994E-05 9.994E-05 9.994E-05 0.9993 9.994E-05 9.994E-05 9.994E-05
9.994E-05 9.994E-05 9.994E-05 9.994E-05 0.9993 9.994E-05 9.994E-05 9.994E-05
9.994E-05 9.994E-05 9.994E-05 9.994E-05 9.994E-05 0.9993 9.994E-05 9.994E-05
9.994E-05 9.994E-05 9.994E-05 9.994E-05 9.994E-05 0.9993 9.994E-05 9.994E-05
9.99461E-05 9.99461E-05 9.99461E-05 9.99461E-05 0.00199893 0.997401 9.99461E-05 9.99461E-05
9.994E-05 9.994E-05 9.994E-05 9.994E-05 9.994E-05 0.9993 9.994E-05 9.994E-05
0.0831435 0.184562 0.0905886 0.0342299 0.0298489 0.531615 0.0459113 9.9991E-05
0.0224522 0.0861478 0.519069 0.0503099 0.075027 0.200928 0.0191903 0.0268759
9.9982E-05 9.9982E-05 0.110632 0.0634171 0.0248435 0.730782 0.0522515 0.0178738
0.0136309 9.9982E-05 0.905012 0.0257515 0.00620478 0.027046 9.9982E-05 0.0221546
0.07535 0.833913 9.9973E-05 9.9973E-05 0.038425 0.0268538 0.025158 9.9973E-05
9.99461E-05 0.990932 9.99461E-05 9.99461E-05 9.99461E-05 9.99461E-05 9.99461E-05 0.00846881
0.0379494 0.192204 0.637973 9.9973E-05 0.111186 9.9973E-05 9.9973E-05 0.0203889
0.0239266 9.99641E-05 0.862021 9.99641E-05 9.99641E-05 0.113326 9.99641E-05 0.000327147
0.0105713 0.851074 0.0988921 0.012647 0.0265157 9.9973E-05 9.9973E-05 9.9973E-05
0.0270182 0.915663 9.99641E-05 9.99641E-05 0.0286709 9.99641E-05 9.99641E-05 0.028248
9.999E-05 0.71571 0.0332536 0.00414666 0.0210485 0.172543 0.0406132 0.012585
0.0209039 0.978496 9.99461E-05 9.99461E-05 9.99461E-05 9.99461E-05 9.99461E-05 9.99461E-05
9.99641E-05 9.99641E-05 0.65386 0.0960897 9.99641E-05 0.24312 9.99641E-05 0.00653127
0.0217303 0.772345 9.99731E-05 9.99731E-05 0.00263647 0.19701 9.99731E-05 0.00597879
0.0229603 9.99551E-05 0.826733 9.99551E-05 9.99551E-05 0.149806 9.99551E-05 9.99551E-05
9.9973E-05 0.390817 0.472198 9.9973E-05 0.0321396 0.0979397 9.9973E-05 0.00660585
0.0346615 0.127351 0.246796 0.0490944 9.9991E-05 0.300432 0.204464 0.0371004
9.9973E-05 0.843952 0.0582747 0.00572097 9.9973E-05 0.0748385 9.9973E-05 0.0169141
0.00888957 0.294225 0.604541 0.004675 0.0354646 0.0313019 0.0102827 0.0106206
0.0355833 0.383024 0.289216 0.0541862 0.0280078 0.0545061 0.145702 0.00977527
0.0202374 9.99731E-05 0.947112 0.0100006 9.99731E-05 9.99731E-05 0.018658 0.00369176
0.0533859 0.518324 0.286543 0.0197375 9.9973E-05 9.9973E-05 0.121709 9.9973E-05
9.99641E-05 0.41692 0.545138 0.0284141 0.00912794 9.99641E-05 9.99641E-05 9.99641E-05
9.99641E-05 0.498884 0.408921 9.99641E-05 9.99641E-05 0.0662899 9.99641E-05 0.0255055
9.9982E-05 0.77781 0.03599 9.9982E-05 0.000687417 0.0703555 0.058207 0.0567504
9.9982E-05 0.253771 0.471523 0.0647922 9.9982E-05 0.0987967 0.0537399 0.0571775
9.994E-05 9.994E-05 0.9993 9.994E-05 9.994E-05 9.994E-05 9.994E-05 9.994E-05
9.99641E-05 0.624508 0.28252 0.0144991 9.99641E-05 0.0780729 9.99641E-05 9.99641E-05
0.00270457 0.09794 0.898856 9.99551E-05 9.99551E-05 9.99551E-05 9.99551E-05 9.99551E-05
0.0272507 0.442079 0.400981 0.0348168 9.9991E-05 0.0382243 0.0457584 0.0107897
9.99551E-05 0.579094 0.273212 9.99551E-05 9.99551E-05 0.147194 9.99551E-05 9.99551E-05
9.99461E-05 9.99461E-05 0.981301 9.99461E-05 0.0180991 9.99461E-05 9.99461E-05 9.99461E-05
9.99641E-05 0.692939 0.282774 0.00185611 0.0220305 9.99641E-05 9.99641E-05 9.99641E-05
9.994E-05 0.9993 9.994E-05 9.994E-05 9.994E-05 9.994E-05 9.994E-05 9.994E-05
9.99641E-05 9.99641E-05 0.884932 0.0140921 9.99641E-05 0.068101 0.0324756 9.99641E-05
0.00995018 0.604447 0.232443 9.9982E-05 9.9982E-05 0.0805691 0.0646537 0.00773687
9.99551E-05 0.339893 0.562983 9.99551E-05 9.99551E-05 9.99551E-05 0.0966246 9.99551E-05
9.99641E-05 0.0765674 0.837478 9.99641E-05 0.0153178 9.99641E-05 0.0702367 9.99641E-05
9.994E-05 9.994E-05 0.9993 9.994E-05 9.994E-05 9.994E-05 9.994E-05 9.994E-05
9.99551E-05 0.926466 0.00850623 9.99551E-05 9.99551E-05 9.99551E-05 0.064528 9.99551E-05
9.9973E-05 0.0311706 0.903781 9.9973E-05 0.00407016 9.9973E-05 0.0536989 0.00697972
9.99551E-05 0.688455 9.99551E-05 0.0016053 9.99551E-05 9.99551E-05 0.30944 9.99551E-05
9.99551E-05 0.658271 9.99551E-05 9.99551E-05 9.99551E-05 9.99551E-05 0.317385 0.0238443
9.99461E-05 0.737583 9.99461E-05 9.99461E-05 9.99461E-05 9.99461E-05 0.261818 9.99461E-05
9.9982E-05 0.0349227 0.310437 9.9982E-05 0.0175593 0.10493 0.520102 0.0118492
9.99551E-05 0.748793 9.99551E-05 9.99551E-05 0.00304466 9.99551E-05 0.247662 9.99551E-05
9.9982E-05 0.381814 0.211896 0.00117662 0.0524558 9.9982E-05 0.34204 0.010418
9.99551E-05 0.596282 9.99551E-05 9.99551E-05 9.99551E-05 0.0266383 0.37658 9.99551E-05
9.99551E-05 9.99551E-05 0.0381779 9.99551E-05 0.045701 9.99551E-05 0.915621 9.99551E-05
9.99551E-05 0.0316565 0.134561 9.99551E-05 9.99551E-05 9.99551E-05 0.833282 9.99551E-05
9.99461E-05 0.0619355 9.99461E-05 9.99461E-05 9.99461E-05 9.99461E-05 0.937465 9.99461E-05
9.99551E-05 0.0562862 9.99551E-05 9.99551E-05 0.00147781 9.99551E-05 0.941736 9.99551E-05
9.99551E-05 0.0136398 9.99551E-05 9.99551E-05 9.99551E-05 0.0421282 0.943732 9.99551E-05
9.9964E-05 9.9964E-05 0.211695 9.9964E-05 0.00183095 0.0446773 0.741397 9.9964E-05
9.99551E-05 0.151769 9.99551E-05 9.99551E-05 0.0180133 9.99551E-05 0.829718 9.99551E-05
0.00988236 9.99551E-05 9.99551E-05 9.99551E-05 9.99551E-05 0.0346665 0.954951 9.99551E-05
9.99461E-05 9.99461E-05 0.145035 9.99461E-05 9.99461E-05 9.99461E-05 0.854365 9.99461E-05
9.99551E-05 9.99551E-05 9.99551E-05 9.99551E-05 9.99551E-05 0.0737978 0.924646 0.00105641
9.994E-05 9.994E-05 9.994E-05 9.994E-05 9.994E-05 9.994E-05 0.9993 9.994E-05
0.00798032 9.99551E-05 9.99551E-05 0.02777 9.99551E-05 9.99551E-05 0.96375 9.99551E-05
9.99461E-05 9.99461E-05 9.99461E-05 0.011218 9.99461E-05 9.99461E-05 0.988182 9.99461E-05
