0.0458064 0.0355808 0.0030852 0.761109 0.0785902 0.00321446 0.072614
0.0193269 9.99551E-05 9.99551E-05 0.980173 9.99551E-05 9.99551E-05 9.99551E-05
9.995E-05 9.995E-05 9.995E-05 0.9994 9.995E-05 9.995E-05 9.995E-05
0.0945193 0.0441244 0.0377535 0.605842 0.0604949 0.00896482 0.148301
0.0592262 0.028096 0.0518307 0.627254 0.150586 0.0678314 0.0151751
0.0507424 0.00263075 0.000664813 0.83858 0.00732634 9.9991E-05 0.0999555
9.995E-05 9.995E-05 9.995E-05 0.9994 9.995E-05 9.995E-05 9.995E-05
9.99551E-05 9.99551E-05 0.00637238 0.993128 9.99551E-05 9.99551E-05 9.99551E-05
9.995E-05 9.995E-05 9.995E-05 0.9994 9.995E-05 9.995E-05 9.995E-05
0.0686214 0.00722607 0.080525 0.741106 0.0579099 0.0445112 9.9991E-05
9.99551E-05 9.99551E-05 0.867774 0.131726 9.99551E-05 9.99551E-05 9.99551E-05
9.99551E-05 9.99551E-05 0.906568 0.0929323 9.99551E-05 9.99551E-05 9.99551E-05
9.99551E-05 9.99551E-05 0.996102 0.00339807 9.99551E-05 9.99551E-05 9.99551E-05
0.0232263 0.0694287 0.906659 9.99731E-05 9.99731E-05 0.000386264 9.99731E-05
9.9982E-05 0.0442207 0.79881 9.9982E-05 0.0435944 0.0275602 0.085615
0.0470765 0.0271009 0.627312 0.0331445 0.19555 0.0160443 0.0537718
0.0603949 9.9964E-05 0.867895 9.9964E-05 0.0713101 9.9964E-05 9.9964E-05
0.135689 0.0676722 0.796239 9.9964E-05 9.9964E-05 9.9964E-05 9.9964E-05
0.0370542 0.0704387 0.862956 9.9982E-05 0.00870461 0.0206461 9.9982E-05
9.995E-05 0.9994 9.995E-05 9.995E-05 9.995E-05 9.995E-05 9.995E-05
9.995E-05 0.9994 9.995E-05 9.995E-05 9.995E-05 9.995E-05 9.995E-05
9.99641E-05 0.986961 9.99641E-05 0.0111104 9.99641E-05 9.99641E-05 0.00152833
0.0914294 0.120607 0.756852 9.9973E-05 9.9973E-05 0.0308115 9.9973E-05
0.693176 0.0085239 0.0451456 9.9982E-05 0.247883 9.9982E-05 0.00507134
0.869236 0.00991966 9.9991E-05 0.0433114 0.0256891 0.0286534 0.0230909
0.792127 9.9973E-05 0.0495901 9.9973E-05 0.114095 9.9973E-05 0.0438878
0.808633 9.9982E-05 0.037936 0.00941401 0.131678 0.0121387 9.9982E-05
0.766809 0.0351223 0.0472846 0.00140892 0.149175 9.9982E-05 9.9982E-05
0.9994 9.995E-05 9.995E-05 9.995E-05 9.995E-05 9.995E-05 9.995E-05
0.9994 9.995E-05 9.995E-05 9.995E-05 9.995E-05 9.995E-05 9.995E-05
0.941389 9.99641E-05 9.99641E-05 9.99641E-05 0.0502476 0.0079636 9.99641E-05
0.9994 9.995E-05 9.995E-05 9.995E-05 9.995E-05 9.995E-05 9.995E-05
0.982681 9.99551E-05 9.99551E-05 9.99551E-05 9.99551E-05 0.0168192 9.99551E-05
0.984591 0.0149093 9.99551E-05 9.99551E-05 9.99551E-05 9.99551E-05 9.99551E-05
0.421154 0.00723807 0.0426022 0.0941175 0.33639 0.0983986 9.9991E-05
0.307127 0.0111544 0.0473793 0.0867487 0.521839 0.0256525 9.9991E-05
0.634926 0.0310023 9.9982E-05 0.0977637 0.198001 0.0381069 9.9982E-05
0.100215 0.00803329 0.0474524 9.9982E-05 0.768938 9.9982E-05 0.0751611
0.211836 0.0346652 0.060677 9.9982E-05 0.534543 9.9982E-05 0.158079
0.0665165 0.00865025 0.0556953 9.99821E-05 0.841278 9.99821E-05 0.0276595
0.165469 0.0280126 0.0294 9.9982E-05 0.774619 9.9982E-05 0.00229999
0.150227 0.0146216 0.0275945 0.026399 0.769823 0.00319165 0.00814414
0.0598847 9.99641E-05 0.0182882 9.99641E-05 0.921427 9.99641E-05 9.99641E-05
0.150103 0.0440593 0.0430686 9.9991E-05 0.751229 0.00344205 0.0079976
0.25815 0.00135332 9.9991E-05 0.0212363 0.665408 0.0207772 0.032975
0.00719511 0.00939741 0.00565888 9.9982E-05 0.976997 0.000551688 9.9982E-05
0.24195 9.9982E-05 0.00503446 0.0763191 0.673595 9.9982E-05 0.00290125
0.151487 0.018463 0.0454001 9.99731E-05 0.78435 9.99731E-05 9.99731E-05
0.0568927 9.99641E-05 0.00724924 9.99641E-05 0.935458 9.99641E-05 9.99641E-05
0.0767193 0.00775025 9.9973E-05 9.9973E-05 0.894281 0.0209494 9.9973E-05
0.175789 0.0200885 0.0380564 0.0861001 0.547236 0.069492 0.0632374
0.0993003 0.0168561 9.9973E-05 0.0218655 0.861678 9.9973E-05 9.9973E-05
0.0538101 0.0315423 9.9982E-05 0.0109046 0.819325 9.9982E-05 0.0842184
0.130762 9.9991E-05 0.0828022 0.031908 0.588654 0.0644138 0.10136
0.0271028 9.9982E-05 0.0536896 0.00187037 0.805772 9.9982E-05 0.111366
9.9973E-05 9.9973E-05 0.0908507 9.9973E-05 0.876352 0.0286022 0.00389539
0.0279975 9.9982E-05 0.0144091 0.0284167 0.905396 0.0235804 9.9982E-05
0.0379219 0.0263891 9.99731E-05 9.99731E-05 0.927207 0.00818206 9.99731E-05
0.141231 0.0454845 9.9982E-05 9.9982E-05 0.685968 0.0409724 0.0861438
0.0824808 0.0354674 9.9982E-05 0.0476514 0.731509 9.9982E-05 0.102692
0.00748601 9.99641E-05 9.99641E-05 9.99641E-05 0.987722 0.00439219 9.99641E-05
0.061056 0.0111065 9.9982E-05 9.9982E-05 0.879196 0.0054101 0.0430313
0.0221426 9.99641E-05 0.0169208 9.99641E-05 0.960537 9.99641E-05 9.99641E-05
0.0653756 9.9991E-05 0.0727367 0.0206505 0.742663 0.0228868 0.0755875
0.0949834 0.0301612 9.9973E-05 9.9973E-05 0.840362 9.9973E-05 0.0341935
0.0180384 9.99731E-05 0.0201794 9.99731E-05 0.905109 0.0563731 9.99731E-05
0.029934 9.99641E-05 9.99641E-05 0.0128313 0.956835 9.99641E-05 9.99641E-05
9.99641E-05 0.00102063 9.99641E-05 9.99641E-05 0.953892 0.0446873 9.99641E-05
0.0839633 9.9982E-05 9.9982E-05 0.0153661 0.804418 0.0332568 0.062796
9.99641E-05 0.0437393 9.99641E-05 9.99641E-05 0.877917 0.0779434 9.99641E-05
9.99641E-05 9.99641E-05 9.99641E-05 9.99641E-05 0.864048 0.00723128 0.128321
9.99551E-05 9.99551E-05 9.99551E-05 9.99551E-05 0.875443 9.99551E-05 0.124057
9.99641E-05 9.99641E-05 9.99641E-05 9.99641E-05 0.944812 0.0331389 0.0216493
9.9973E-05 9.9973E-05 0.00952984 9.9973E-05 0.904815 0.0240786 0.0612765
9.9991E-05 0.0124177 0.053383 0.00978267 0.803209 0.0402566 0.0808514
9.99641E-05 9.99641E-05 9.99641E-05 0.0368216 0.481822 9.99641E-05 0.480956
9.9973E-05 0.0083594 9.9973E-05 9.9973E-05 0.589824 0.0391473 0.362369
9.9973E-05 0.0201229 9.9973E-05 9.9973E-05 0.648522 0.0173237 0.313732
0.0774562 9.9973E-05 0.0384221 9.9973E-05 0.241168 9.9973E-05 0.642654
9.99641E-05 9.99641E-05 9.99641E-05 9.99641E-05 0.692435 0.0154199 0.291745
0.0145083 0.0190605 9.9982E-05 0.0096476 0.534395 9.9982E-05 0.422188
9.99551E-05 9.99551E-05 9.99551E-05 9.99551E-05 0.542563 9.99551E-05 0.456938
9.995E-05 9.995E-05 9.995E-05 9.995E-05 9.995E-05 9.995E-05 0.9994
9.99641E-05 9.99641E-05 0.00379983 9.99641E-05 9.99641E-05 0.0130513 0.982749
9.995E-05 9.995E-05 9.995E-05 9.995E-05 9.995E-05 9.995E-05 0.9994
9.99551E-05 9.99551E-05 9.99551E-05 9.99551E-05 9.99551E-05 0.0140684 0.985432
9.995E-05 9.995E-05 9.995E-05 9.995E-05 9.995E-05 9.995E-05 0.9994
0.0578388 0.00719148 9.9982E-05 9.9982E-05 0.0154388 0.0343915 0.884939
0.00602208 9.9973E-05 9.9973E-05 0.0129765 0.0294817 9.9973E-05 0.95122
9.99551E-05 9.99551E-05 9.99551E-05 9.99551E-05 9.99551E-05 0.0246524 0.974848
9.995E-05 9.995E-05 9.995E-05 9.995E-05 9.995E-05 9.995E-05 0.9994
9.99551E-05 9.99551E-05 9.99551E-05 9.99551E-05 9.99551E-05 0.0388469 0.960653
9.995E-05 9.995E-05 9.995E-05 9.995E-05 9.995E-05 0.9994 9.995E-05
0.0128436 9.9964E-05 9.9964E-05 9.9964E-05 0.0512917 0.935465 9.9964E-05
9.995E-05 9.995E-05 9.995E-05 9.995E-05 9.995E-05 0.9994 9.995E-05
