0.693643 0.019988 0.0741514 9.9991E-05 0.0187016 0.193416
0.0125133 0.0104795 0.712115 9.9991E-05 0.21916 0.0456328
0.0291626 0.0476608 0.681029 0.00287453 0.145651 0.0936226
9.999E-05 0.0494614 0.555239 0.0746466 0.164957 0.155596
0.0466274 0.0212806 0.679152 0.00600494 0.146342 0.100593
0.0351406 0.46204 0.389766 0.112854 9.99821E-05 9.99821E-05
0.0620835 0.0522002 9.9973E-05 0.885416 9.9973E-05 9.9973E-05
0.0356744 0.0926538 0.0132227 0.858249 9.9982E-05 9.9982E-05
0.0496318 0.0906455 9.9982E-05 0.84833 9.9982E-05 0.0111931
0.0125497 0.633835 0.353316 9.99731E-05 9.99731E-05 9.99731E-05
9.996E-05 0.9995 9.996E-05 9.996E-05 9.996E-05 9.996E-05
9.996E-05 0.9995 9.996E-05 9.996E-05 9.996E-05 9.996E-05
0.0159908 0.422062 0.536652 0.0250953 9.99821E-05 9.99821E-05
9.996E-05 0.9995 9.996E-05 9.996E-05 9.996E-05 9.996E-05
9.99731E-05 0.887991 0.0792951 0.032414 9.99731E-05 9.99731E-05
9.99731E-05 0.374906 0.575855 0.0489392 9.99731E-05 9.99731E-05
0.133826 0.238563 0.571959 0.0554519 9.9982E-05 9.9982E-05
0.089771 0.212737 0.141253 0.349281 0.0943491 0.112609
0.143301 0.262421 0.551765 0.0423131 9.9982E-05 9.9982E-05
0.128897 0.238092 0.528612 0.1042 9.9982E-05 9.9982E-05
0.198411 0.1462 0.415655 0.0767016 9.9991E-05 0.162932
0.0301448 0.243445 0.664189 0.062021 9.9982E-05 9.9982E-05
0.135063 0.207929 0.561402 0.0954061 9.9982E-05 9.9982E-05
0.0423167 0.307785 0.57522 0.0744791 9.9982E-05 9.9982E-05
9.9982E-05 0.962543 0.0199931 0.0168774 0.000386933 9.9982E-05
0.124278 0.213893 0.472102 0.111291 0.0514492 0.0269865
0.0229194 0.932143 9.9982E-05 9.9982E-05 0.0104678 0.0342695
0.0276171 0.892615 0.0598564 0.00245232 9.9991E-05 0.0173589
9.996E-05 0.9995 9.996E-05 9.996E-05 9.996E-05 9.996E-05
0.127777 0.290894 0.510034 0.0710957 9.9982E-05 9.9982E-05
0.169236 0.229075 0.535236 0.0662537 9.9982E-05 9.9982E-05
9.99641E-05 0.940791 9.99641E-05 9.99641E-05 0.0588091 9.99641E-05
0.128974 0.254942 0.557971 0.0579129 9.9982E-05 9.9982E-05
9.99641E-05 0.951743 0.0478568 9.99641E-05 9.99641E-05 9.99641E-05
0.078901 0.587235 0.0306194 0.0111087 0.184662 0.107473
0.115555 0.500619 0.0866107 0.0729688 0.0566895 0.167557
0.0807002 0.670923 0.0607373 0.0430813 0.0243125 0.120245
0.092916 0.819442 9.9982E-05 9.9982E-05 0.0332589 0.0541837
0.0752268 0.736187 9.9991E-05 0.00893953 0.097467 0.0820802
9.99744E-05 0.907011 9.99744E-05 9.99744E-05 0.0261979 0.0664912
0.0305273 0.96021 9.99731E-05 9.99731E-05 9.99731E-05 0.00896286
0.0821055 0.708114 0.0404177 0.0491265 9.9991E-05 0.120136
0.122011 0.594071 0.0678461 0.0372967 0.0238122 0.154963
9.99641E-05 0.995435 9.99641E-05 9.99641E-05 9.99641E-05 0.00416547
0.099294 0.664327 0.0740252 0.0248631 0.0475548 0.0899362
9.996E-05 0.9995 9.996E-05 9.996E-05 9.996E-05 9.996E-05
9.9973E-05 0.899309 9.9973E-05 9.9973E-05 0.0987776 0.00161339
9.99641E-05 0.00453213 9.99641E-05 0.995068 9.99641E-05 9.99641E-05
0.155616 0.170439 0.584174 0.0895706 9.9982E-05 9.9982E-05
0.0294533 0.960134 9.9973E-05 9.9973E-05 0.0101125 9.9973E-05
0.158789 0.153961 0.603232 0.0838178 9.9982E-05 9.9982E-05
9.9991E-05 0.0385903 0.0750319 0.802009 0.0313827 0.0528864
0.0243514 0.0613861 0.0999872 0.621241 0.0676433 0.125391
9.99641E-05 0.0366366 9.99641E-05 0.962964 9.99641E-05 9.99641E-05
9.9973E-05 0.013166 9.9973E-05 0.969818 0.0167162 9.9973E-05
0.0266552 0.73948 0.015816 0.0214247 0.0784101 0.118214
0.69031 0.0379196 0.155861 0.00626394 0.0826456 0.0270005
0.755022 0.0236474 0.129289 0.0239698 9.9991E-05 0.0679722
0.778865 9.9991E-05 0.134066 0.010615 0.0572186 0.0191353
0.899079 9.99641E-05 0.100521 9.99641E-05 9.99641E-05 9.99641E-05
0.918238 9.99641E-05 0.0813621 9.99641E-05 9.99641E-05 9.99641E-05
0.449353 0.0474537 0.205962 0.0424654 0.0966373 0.158129
0.717018 0.0638715 0.08268 0.021007 0.100379 0.0150447
0.941377 0.00997629 0.0415342 0.00691295 9.9982E-05 9.9982E-05
0.874778 9.99731E-05 0.0988112 0.0261114 9.99731E-05 9.99731E-05
0.85228 0.00603369 0.0854405 0.0483482 9.9991E-05 0.00779781
0.813501 0.0540004 0.0688084 0.0467977 0.0167921 9.9991E-05
0.147918 0.115069 0.691671 0.0195158 9.9991E-05 0.0257263
0.0148699 0.0948916 0.718097 0.0315135 0.0293874 0.111241
9.99731E-05 0.0635691 0.918026 0.0181049 9.99731E-05 9.99731E-05
0.0061245 0.117843 0.786453 0.0487419 0.022323 0.0185148
0.093222 0.0938775 0.5984 0.00281108 0.00668593 0.205003
0.0159175 0.0605332 0.80841 0.0429692 0.0171117 0.0550586
0.174518 0.0840379 0.527482 0.0218248 0.155767 0.0363709
0.109324 0.116678 0.469856 0.0392107 0.0720676 0.192864
9.99731E-05 0.0850108 0.89336 0.0213297 9.99731E-05 9.99731E-05
0.0188075 0.104206 0.856296 0.00060858 0.00961903 0.0104629
9.99731E-05 0.0540169 0.906584 0.0390989 9.99731E-05 9.99731E-05
0.149523 0.13488 0.616654 0.0987434 9.9982E-05 9.9982E-05
0.144892 0.150293 0.670337 0.0342779 9.9982E-05 9.9982E-05
0.990626 9.99641E-05 9.99641E-05 9.99641E-05 9.99641E-05 0.00897463
0.992929 9.99641E-05 0.00667125 9.99641E-05 9.99641E-05 9.99641E-05
0.994348 0.00525222 9.99641E-05 9.99641E-05 9.99641E-05 9.99641E-05
0.95114 9.99641E-05 9.99641E-05 9.99641E-05 0.0484597 9.99641E-05
0.922121 9.9991E-05 0.0338878 0.0170993 0.00534182 0.0214499
0.953087 9.9973E-05 9.9973E-05 9.9973E-05 0.0205833 0.0260294
0.9995 9.996E-05 9.996E-05 9.996E-05 9.996E-05 9.996E-05
0.9995 9.996E-05 9.996E-05 9.996E-05 9.996E-05 9.996E-05
0.986911 0.012689 9.99641E-05 9.99641E-05 9.99641E-05 9.99641E-05
0.9995 9.996E-05 9.996E-05 9.996E-05 9.996E-05 9.996E-05
0.998475 9.99641E-05 9.99641E-05 0.00112536 9.99641E-05 9.99641E-05
0.9995 9.996E-05 9.996E-05 9.996E-05 9.996E-05 9.996E-05
0.9995 9.996E-05 9.996E-05 9.996E-05 9.996E-05 9.996E-05
0.9995 9.996E-05 9.996E-05 9.996E-05 9.996E-05 9.996E-05
9.996E-05 9.996E-05 9.996E-05 0.9995 9.996E-05 9.996E-05
9.996E-05 9.996E-05 9.996E-05 0.9995 9.996E-05 9.996E-05
9.996E-05 9.996E-05 9.996E-05 0.9995 9.996E-05 9.996E-05
9.996E-05 9.996E-05 9.996E-05 0.9995 9.996E-05 9.996E-05
9.996E-05 9.996E-05 9.996E-05 0.9995 9.996E-05 9.996E-05
0.00914834 9.9982E-05 0.678041 9.9982E-05 0.264296 0.0483149
0.021556 9.9973E-05 0.794479 9.9973E-05 0.183665 9.9973E-05
9.99641E-05 9.99641E-05 0.784491 9.99641E-05 0.215109 9.99641E-05
9.99731E-05 9.99731E-05 0.827833 0.00291318 0.168954 9.99731E-05
9.99641E-05 9.99641E-05 0.825673 9.99641E-05 0.173928 9.99641E-05
0.0183127 9.99731E-05 0.79471 9.99731E-05 0.186677 9.99731E-05
0.0487958 0.0089402 0.841419 9.9991E-05 0.0567171 0.0440279
9.99641E-05 9.99641E-05 0.835557 9.99641E-05 0.164043 9.99641E-05
9.99641E-05 9.99641E-05 9.99641E-05 0.703373 9.99641E-05 0.296228
9.99641E-05 9.99641E-05 9.99641E-05 0.648706 9.99641E-05 0.350894
0.61501 0.0736521 9.9982E-05 9.9982E-05 0.0753947 0.235744
0.435348 0.0926166 9.9982E-05 9.9982E-05 0.167342 0.304493
0.563931 0.0341783 9.9982E-05 9.9982E-05 0.182757 0.218934
9.99731E-05 9.99731E-05 0.767305 9.99731E-05 0.228253 0.00414163
0.0406416 9.99731E-05 0.758115 9.99731E-05 0.200943 9.99731E-05
0.0282946 9.99731E-05 0.742902 9.99731E-05 0.228504 9.99731E-05
9.99641E-05 9.99641E-05 0.709011 9.99641E-05 0.290589 9.99641E-05
9.99641E-05 9.99641E-05 0.747163 9.99641E-05 0.252437 9.99641E-05
9.99928E-05 0.0135141 0.660577 0.0132303 0.304535 0.0080435
9.9982E-05 9.9982E-05 0.700229 0.00494307 0.266505 0.0281225
9.99731E-05 9.99731E-05 0.792561 9.99731E-05 0.161421 0.0457179
9.9982E-05 0.00445142 0.711382 9.9982E-05 0.280614 0.0033528
0.0095286 9.9982E-05 0.634048 9.9982E-05 0.328096 0.0281281
9.9973E-05 9.9973E-05 0.704936 9.9973E-05 0.228093 0.0666711
9.99731E-05 9.99731E-05 0.707978 9.99731E-05 0.242365 0.0493577
0.0281875 0.0378266 0.578481 9.9991E-05 0.192023 0.163382
0.00755221 9.9991E-05 0.600512 0.0199646 0.258763 0.113108
0.0697241 0.0193528 0.601439 0.00765516 0.160557 0.141272
0.00791084 9.9991E-05 0.664799 0.00760399 0.153568 0.166018
9.9982E-05 9.9982E-05 0.655411 0.00321165 0.160222 0.180955
9.9973E-05 9.9973E-05 0.621338 9.9973E-05 0.205872 0.17249
9.9982E-05 9.9982E-05 0.568238 0.0602567 0.303845 0.0674599
9.9973E-05 9.9973E-05 0.798832 9.9973E-05 0.125084 0.0757843
9.99641E-05 9.99641E-05 0.891881 9.99641E-05 0.107719 9.99641E-05
9.9982E-05 9.9982E-05 0.822518 0.00362237 0.161087 0.0125732
9.99641E-05 9.99641E-05 0.755058 9.99641E-05 0.244543 9.99641E-05
9.9973E-05 9.9973E-05 0.725328 9.9973E-05 0.247476 0.026896
9.99641E-05 9.99641E-05 0.847326 9.99641E-05 0.152274 9.99641E-05
9.99731E-05 9.99731E-05 0.646925 9.99731E-05 0.295891 0.0568849
0.0513119 0.0336127 0.554374 0.027996 0.221712 0.110993
0.0309693 9.9991E-05 0.645803 0.0297931 0.124448 0.168887
0.0296959 0.0272802 0.527964 0.0498962 0.272699 0.0924651
0.005226 0.0275296 0.590705 0.0124679 0.152586 0.211486
0.0311094 0.0335686 0.560649 0.00904119 0.215352 0.15028
9.99731E-05 9.99731E-05 0.674884 9.99731E-05 0.321233 0.00358344
9.9973E-05 9.9973E-05 0.66039 9.9973E-05 0.313877 0.0254327
9.99731E-05 9.99731E-05 0.17159 0.0385806 0.789529 9.99731E-05
0.0421798 0.00154493 0.1592 9.9991E-05 0.768282 0.0286935
9.99641E-05 9.99641E-05 0.293864 9.99641E-05 0.705736 9.99641E-05
0.052134 9.9982E-05 0.284096 9.9982E-05 0.534941 0.128629
9.99731E-05 9.99731E-05 0.107531 0.000788805 0.89138 9.99731E-05
0.0286024 0.0816458 0.335269 0.0467696 0.333739 0.173975
9.99731E-05 0.00479026 0.225638 9.99731E-05 0.769272 9.99731E-05
0.060313 0.00778783 0.110438 9.9991E-05 0.795692 0.0256692
0.0539052 0.0749074 0.276164 0.0558333 0.27999 0.259201
0.0900487 0.049382 0.229227 0.0391363 0.414993 0.177213
9.99731E-05 9.99731E-05 0.132114 9.99731E-05 0.862457 0.00512923
9.99641E-05 9.99641E-05 0.796916 9.99641E-05 0.202684 9.99641E-05
9.99731E-05 9.99731E-05 0.298418 0.197155 0.504127 9.99731E-05
9.9973E-05 9.9973E-05 0.566748 9.9973E-05 0.320421 0.112531
0.00433027 0.0236631 0.484128 9.9991E-05 0.31479 0.172988
0.0121888 9.9991E-05 0.528368 0.0496171 0.395437 0.0142896
9.99731E-05 9.99731E-05 0.424089 9.99731E-05 0.479547 0.0960632
9.9982E-05 9.9982E-05 0.149303 0.0121098 0.745166 0.0932214
9.99641E-05 9.99641E-05 0.592608 9.99641E-05 0.406993 9.99641E-05
0.030938 0.00688825 0.335735 0.00922099 0.572601 0.044617
0.0194866 0.0420986 0.04219 9.9991E-05 0.833629 0.0624954
0.0223906 9.99731E-05 9.99731E-05 9.99731E-05 0.838506 0.138804
9.99641E-05 9.99641E-05 9.99641E-05 0.0157592 0.983841 9.99641E-05
0.0481738 9.99731E-05 9.99731E-05 0.00823016 0.943296 9.99731E-05
9.9991E-05 0.028351 0.0461172 0.00879959 0.845331 0.0713015
9.99731E-05 0.0112733 0.0654302 9.99731E-05 0.922997 9.99731E-05
0.0772906 9.9991E-05 0.0594191 0.0184707 0.776758 0.0679615
9.9991E-05 0.0100855 0.00564392 0.00136453 0.962645 0.020161
9.99641E-05 9.99641E-05 0.00909714 9.99641E-05 0.990503 9.99641E-05
9.99743E-05 9.99743E-05 9.99743E-05 0.0444937 0.925564 0.0296422
9.996E-05 9.996E-05 9.996E-05 9.996E-05 0.9995 9.996E-05
9.99731E-05 9.99731E-05 9.99731E-05 0.0352953 0.929509 0.0348954
0.0247324 9.9982E-05 0.0680133 9.9982E-05 0.89595 0.0111048
0.000658524 9.99641E-05 9.99641E-05 9.99641E-05 0.998942 9.99641E-05
9.9982E-05 0.00201731 0.161564 9.9982E-05 0.810075 0.0261431
9.99641E-05 9.99641E-05 0.0570899 9.99641E-05 0.94251 9.99641E-05
0.00630123 9.99731E-05 9.99731E-05 0.0155754 0.977823 9.99731E-05
0.0260339 9.9991E-05 0.063763 0.00422137 0.883832 0.0220495
0.0231501 9.9982E-05 9.9982E-05 0.0100165 0.932447 0.0341868
9.99731E-05 9.99731E-05 9.99731E-05 0.0309535 0.934904 0.0338428
9.99731E-05 9.99731E-05 0.0663248 9.99731E-05 0.849262 0.0841133
0.00635684 9.99746E-05 0.0184441 9.99746E-05 0.974899 9.99746E-05
0.031773 9.99641E-05 9.99641E-05 9.99641E-05 0.967827 9.99641E-05
0.00361665 0.000861643 0.0277 9.9991E-05 0.897699 0.0700224
0.0691828 0.00990287 0.0332749 9.9991E-05 0.629804 0.257736
0.000468992 0.0031748 9.9991E-05 0.0262841 0.885265 0.0847072
0.0176055 0.00579297 9.9991E-05 0.00423081 0.933689 0.0385818
0.0491221 0.0361214 0.00542691 9.9991E-05 0.841302 0.0679275
0.0553607 0.0119275 9.9982E-05 9.9982E-05 0.81676 0.115752
9.9991E-05 0.06513 0.0187892 0.0173644 0.783647 0.11497
9.9991E-05 0.0228587 0.00853462 0.0188454 0.86507 0.0845909
0.0205223 9.9982E-05 9.9982E-05 0.0114009 0.917523 0.0503542
0.00637266 0.032446 9.9982E-05 9.9982E-05 0.857048 0.103933
0.0449375 9.9991E-05 0.113324 0.00251595 0.741748 0.0973749
0.104379 0.0200023 0.225282 0.0670926 0.485859 0.0973842
0.077876 0.0562379 0.146405 0.00755137 0.0816927 0.630238
0.0577711 0.0442279 0.111662 0.0264272 0.0823135 0.677598
0.0681089 0.0460387 0.113282 0.0257897 9.9991E-05 0.746681
0.095536 0.0542114 0.0837288 0.0475431 0.0690188 0.649962
0.00294661 0.0351039 0.0161837 0.00698738 9.9991E-05 0.938678
9.99731E-05 0.0242212 9.99731E-05 0.0721215 9.99731E-05 0.903357
0.0669545 0.0241893 0.099749 0.014247 9.9991E-05 0.79476
0.0354793 9.9973E-05 9.9973E-05 9.9973E-05 0.0846357 0.879585
0.03694 9.9982E-05 9.9982E-05 0.0263814 0.0577706 0.878708
0.046595 0.00660568 9.9982E-05 9.9982E-05 0.00742056 0.939179
0.0215768 0.0195644 0.0294783 9.9991E-05 0.0306501 0.898631
9.99731E-05 0.000186687 9.99731E-05 9.99731E-05 0.0941612 0.905352
0.0256185 0.035393 9.9991E-05 0.00394187 0.0178055 0.917141
9.99641E-05 9.99641E-05 9.99641E-05 9.99641E-05 0.0358982 0.963702
9.9991E-05 0.0161223 0.109191 0.00541592 0.0074108 0.86176
0.0128587 0.00368779 9.99731E-05 9.99731E-05 9.99731E-05 0.983154
9.99731E-05 9.99731E-05 0.0125486 9.99731E-05 0.0108391 0.976312
9.99731E-05 0.00282501 9.99731E-05 9.99731E-05 0.0319892 0.964886
9.99731E-05 9.99731E-05 0.0657833 9.99731E-05 0.0157366 0.91818
0.0355606 9.9982E-05 0.0415739 0.00494747 9.9982E-05 0.917718
0.0095976 0.00699228 9.9982E-05 0.029985 9.9982E-05 0.953225
9.996E-05 9.996E-05 9.996E-05 9.996E-05 9.996E-05 0.9995
9.99641E-05 9.99641E-05 9.99641E-05 0.0121331 9.99641E-05 0.987467
0.0248721 9.9982E-05 0.0305307 0.022288 9.9982E-05 0.922109
9.99641E-05 9.99641E-05 9.99641E-05 0.00511012 9.99641E-05 0.99449
9.996E-05 9.996E-05 9.996E-05 9.996E-05 9.996E-05 0.9995
0.0818965 0.00757574 0.0617272 0.0463189 0.102827 0.699654
9.99731E-05 0.00825608 9.99731E-05 9.99731E-05 0.00671486 0.984729
9.99731E-05 9.99731E-05 0.0488219 9.99731E-05 0.0011851 0.949693
9.996E-05 9.996E-05 9.996E-05 9.996E-05 9.996E-05 0.9995
9.99641E-05 9.99641E-05 9.99641E-05 9.99641E-05 0.0372568 0.962343
0.00301492 9.99641E-05 9.99641E-05 9.99641E-05 9.99641E-05 0.996585
9.99641E-05 9.99641E-05 9.99641E-05 0.00441499 9.99641E-05 0.995185
0.019559 9.99731E-05 9.99731E-05 9.99731E-05 0.0439937 0.936147
9.996E-05 9.996E-05 9.996E-05 9.996E-05 9.996E-05 0.9995
9.996E-05 9.996E-05 9.996E-05 9.996E-05 9.996E-05 0.9995
0.0143031 9.99731E-05 9.99731E-05 9.99731E-05 0.0122368 0.97316
9.99731E-05 9.99731E-05 9.99731E-05 0.0365804 0.0962335 0.866886
0.0649505 9.99641E-05 9.99641E-05 9.99641E-05 9.99641E-05 0.93465
9.99731E-05 9.99731E-05 9.99731E-05 0.0633006 0.0993968 0.837003
9.99641E-05 9.99641E-05 9.99641E-05 0.000150383 9.99641E-05 0.99945
9.996E-05 9.996E-05 9.996E-05 9.996E-05 9.996E-05 0.9995
9.996E-05 9.996E-05 9.996E-05 9.996E-05 9.996E-05 0.9995
9.996E-05 9.996E-05 9.996E-05 9.996E-05 9.996E-05 0.9995
9.996E-05 9.996E-05 9.996E-05 9.996E-05 9.996E-05 0.9995
9.996E-05 9.996E-05 9.996E-05 9.996E-05 9.996E-05 0.9995
0.0162226 9.9973E-05 0.00512442 9.9973E-05 9.9973E-05 0.978353
0.0375607 9.9982E-05 0.0193336 0.0241126 9.9982E-05 0.918793
0.0336411 9.99731E-05 0.0242299 9.99731E-05 9.99731E-05 0.941829
0.0748587 0.0457581 0.157593 0.0560195 0.000260937 0.66551
0.00716965 9.9982E-05 0.0729646 9.9982E-05 0.0410223 0.878643
0.0387592 0.0239823 9.9991E-05 0.0391662 0.123725 0.774267
0.106324 9.9982E-05 0.0818827 0.0655498 9.9982E-05 0.746043
0.0290782 0.0543263 0.0982026 0.0341505 0.0276808 0.756562
0.0247439 0.00119613 0.0741695 0.0371732 9.9991E-05 0.862617
0.08141 0.0424203 0.00938315 0.0583651 9.9991E-05 0.808321
0.0846499 0.0296269 0.177038 0.0203946 0.0205308 0.66776
0.0199226 0.0111549 0.0654186 0.00324468 0.0343321 0.865927
0.0343229 0.0273797 0.0932407 0.0373441 0.0184453 0.789267
9.9982E-05 0.041983 0.00919605 0.0472403 9.9982E-05 0.901381
0.0688283 0.0326732 0.012812 0.0204842 0.0632103 0.801992
0.0685041 0.0341249 0.0663962 0.0267671 0.0923523 0.711855
9.9991E-05 0.00421925 0.0508119 0.0202687 0.00653296 0.918067
0.0468212 0.043011 0.0460414 9.9991E-05 0.0264154 0.837611
0.00481831 9.9991E-05 0.0785426 0.034531 0.0217225 0.860286
0.0137044 0.0169186 0.0854516 9.9982E-05 9.9982E-05 0.883725
9.99731E-05 9.99731E-05 0.0318523 0.133826 9.99731E-05 0.834022
0.0396944 0.00358996 0.00444351 0.115665 0.0219533 0.814654
0.0168101 9.9982E-05 9.9982E-05 0.11499 0.0440292 0.823971
0.0769552 0.0911838 0.225651 0.0542904 0.00853253 0.543387
0.115808 0.030578 0.163858 0.0780782 0.000826072 0.610852
