9.9973E-05 0.00677564 0.953415 0.0059638 9.9973E-05 0.0286254 9.9973E-05 0.00491993
9.994E-05 9.994E-05 0.9993 9.994E-05 9.994E-05 9.994E-05 9.994E-05 9.994E-05
9.99461E-05 9.99461E-05 0.893591 9.99461E-05 0.105809 9.99461E-05 9.99461E-05 9.99461E-05
0.0872779 0.00939934 0.746624 9.9964E-05 9.9964E-05 9.9964E-05 9.9964E-05 0.156298
9.9955E-05 0.00240956 0.862231 9.9955E-05 9.9955E-05 9.9955E-05 9.9955E-05 0.134859
9.9955E-05 9.9955E-05 0.96778 0.00166767 9.9955E-05 0.0300528 9.9955E-05 9.9955E-05
9.994E-05 9.994E-05 9.994E-05 9.994E-05 0.9993 9.994E-05 9.994E-05 9.994E-05
9.99551E-05 9.99551E-05 0.0508924 9.99551E-05 0.872587 9.99551E-05 0.0760213 9.99551E-05
9.994E-05 9.994E-05 9.994E-05 9.994E-05 0.9993 9.994E-05 9.994E-05 9.994E-05
0.051333 0.0124672 0.20571 9.9991E-05 0.521157 0.0275579 0.115964 0.0657104
9.99551E-05 9.99551E-05 0.0266581 9.99551E-05 0.120641 9.99551E-05 0.852201 9.99551E-05
9.99461E-05 9.99461E-05 9.99461E-05 9.99461E-05 0.0923388 9.99461E-05 0.907062 9.99461E-05
9.99551E-05 9.99551E-05 0.0122391 9.99551E-05 0.00852269 9.99551E-05 0.978738 9.99551E-05
9.99551E-05 0.0314431 9.99551E-05 0.0742292 9.99551E-05 9.99551E-05 0.893828 9.99551E-05
0.102302 9.9964E-05 9.9964E-05 0.043146 9.9964E-05 9.9964E-05 0.821575 0.032577
0.0475658 0.00366369 0.0104962 0.0328403 9.9991E-05 0.0725836 0.624059 0.208691
9.9964E-05 9.9964E-05 0.0237909 9.9964E-05 9.9964E-05 0.0309818 0.885563 0.0592646
9.9964E-05 0.040377 9.9964E-05 0.0748101 9.9964E-05 0.0893053 0.795108 9.9964E-05
9.9964E-05 0.0219792 9.9964E-05 0.0549979 9.9964E-05 0.00837101 0.914252 9.9964E-05
9.994E-05 9.994E-05 9.994E-05 0.9993 9.994E-05 9.994E-05 9.994E-05 9.994E-05
9.994E-05 9.994E-05 9.994E-05 0.9993 9.994E-05 9.994E-05 9.994E-05 9.994E-05
0.00368093 9.99551E-05 9.99551E-05 0.989912 9.99551E-05 0.00590708 9.99551E-05 9.99551E-05
9.9964E-05 0.0352665 9.9964E-05 0.148925 9.9964E-05 0.0843503 0.731059 9.9964E-05
0.0393956 9.9964E-05 9.9964E-05 9.9964E-05 9.9964E-05 0.831752 0.0476053 0.0808473
0.0419648 0.025493 0.0311652 0.00809039 9.9973E-05 0.892987 9.9973E-05 9.9973E-05
0.0413783 9.99551E-05 9.99551E-05 9.99551E-05 9.99551E-05 0.941779 0.0163427 9.99551E-05
9.9964E-05 9.9964E-05 0.041798 9.9964E-05 9.9964E-05 0.894329 0.0191735 0.0442999
9.9982E-05 0.0491144 0.00378305 0.0431157 9.9982E-05 0.78266 0.0274991 0.0936283
9.994E-05 0.9993 9.994E-05 9.994E-05 9.994E-05 9.994E-05 9.994E-05 9.994E-05
9.994E-05 0.9993 9.994E-05 9.994E-05 9.994E-05 9.994E-05 9.994E-05 9.994E-05
9.99461E-05 0.0681884 9.99461E-05 9.99461E-05 9.99461E-05 0.931212 9.99461E-05 9.99461E-05
9.994E-05 9.994E-05 9.994E-05 9.994E-05 9.994E-05 0.9993 9.994E-05 9.994E-05
9.99461E-05 0.00915008 9.99461E-05 9.99461E-05 9.99461E-05 0.99025 9.99461E-05 9.99461E-05
9.99461E-05 9.99461E-05 9.99461E-05 0.000105481 9.99461E-05 0.999295 9.99461E-05 9.99461E-05
0.0580913 0.00549335 0.0298692 9.9982E-05 9.9982E-05 0.666893 0.0938049 0.145648
0.024971 0.0607172 0.055668 0.00458479 9.9991E-05 0.321752 0.0802572 0.45195
0.0392696 0.0180104 0.0632683 0.0317426 0.0110336 0.762277 9.9991E-05 0.0742987
9.99731E-05 0.00543934 9.99731E-05 0.00218503 9.99731E-05 0.0223376 0.100952 0.868786
0.0717641 0.0904631 9.9982E-05 0.0146605 9.9982E-05 0.134458 0.0505315 0.637922
9.99641E-05 9.99641E-05 0.0274186 0.0186233 9.99641E-05 0.101591 9.99641E-05 0.851967
9.99731E-05 0.0647846 9.99731E-05 0.00129288 9.99731E-05 0.0851977 0.0682352 0.78019
0.0121104 9.9982E-05 9.9982E-05 0.00509269 0.00697305 0.234417 0.0423357 0.698871
9.99641E-05 0.0505267 0.0249261 9.99641E-05 9.99641E-05 9.99641E-05 0.0262395 0.897908
9.9973E-05 0.071964 9.9973E-05 0.0146257 9.9973E-05 0.0700233 0.100809 0.742278
0.00539851 0.0185805 0.0317621 0.0117297 9.9982E-05 0.251723 9.9982E-05 0.680606
9.99641E-05 9.99641E-05 0.0190732 9.99641E-05 0.00227897 0.0706964 9.99641E-05 0.907551
0.00247782 9.9982E-05 0.0418653 9.9982E-05 0.0408826 0.245131 0.0427365 0.626707
9.99731E-05 9.99731E-05 9.99731E-05 0.0324625 0.00124149 0.176259 0.0307519 0.758986
9.99641E-05 9.99641E-05 9.99641E-05 9.99641E-05 0.020982 0.123377 0.00260178 0.852639
9.99551E-05 0.0552906 9.99551E-05 0.0239061 9.99551E-05 9.99551E-05 9.99551E-05 0.920303
0.161858 0.0187238 0.0558177 0.0484884 0.0165766 0.207429 0.0256657 0.465441
9.9964E-05 9.9964E-05 9.9964E-05 0.00630274 0.0270763 0.171877 9.9964E-05 0.794344
0.037204 0.0484807 0.00313848 0.0167705 9.9991E-05 0.0148979 0.0440937 0.835315
0.117355 0.0197911 0.0251348 0.00636259 0.0340747 0.0458166 0.074499 0.676967
0.0806242 0.0144006 0.0193706 9.99731E-05 9.99731E-05 9.99731E-05 0.0636001 0.821705
0.0629477 9.9964E-05 9.9964E-05 9.9964E-05 0.0390154 9.9964E-05 0.084057 0.81358
0.0864262 0.00649963 0.0127497 9.9991E-05 0.0328462 0.0338744 0.0222674 0.805237
0.0219484 0.0209212 9.99731E-05 0.0183182 9.99731E-05 0.161509 9.99731E-05 0.777003
0.0918534 0.0436292 9.9982E-05 0.0294282 0.0179261 0.1173 9.9982E-05 0.699663
0.0556941 9.9982E-05 0.056177 0.0213936 0.00965483 0.130631 9.9982E-05 0.726249
9.99641E-05 0.0220021 0.000237734 9.99641E-05 9.99641E-05 0.0189492 9.99641E-05 0.958411
0.00889805 9.99641E-05 0.0375515 9.99641E-05 9.99641E-05 0.0845733 9.99641E-05 0.868577
9.99551E-05 0.00311416 9.99551E-05 9.99551E-05 9.99551E-05 9.99551E-05 0.0410872 0.955299
0.0547577 9.9991E-05 0.0064066 0.00106487 0.020557 0.135548 0.0386869 0.742879
9.99551E-05 9.99551E-05 9.99551E-05 0.0419782 9.99551E-05 0.136262 9.99551E-05 0.82126
9.99641E-05 0.0562305 9.99641E-05 9.99641E-05 0.0255269 9.99641E-05 0.000736373 0.917106
9.99551E-05 9.99551E-05 0.0259589 9.99551E-05 9.99551E-05 0.0658939 9.99551E-05 0.907647
9.99462E-05 9.99462E-05 9.99462E-05 0.00729962 9.99462E-05 9.99462E-05 9.99462E-05 0.992101
0.0639741 0.0135067 9.99731E-05 9.99731E-05 0.0321248 0.0225527 9.99731E-05 0.867542
0.0462582 0.00310764 9.9973E-05 0.0356952 9.9973E-05 9.9973E-05 0.0263953 0.888244
0.131867 9.99551E-05 9.99551E-05 0.000881124 9.99551E-05 9.99551E-05 9.99551E-05 0.866752
0.0909743 0.00818144 9.99551E-05 9.99551E-05 9.99551E-05 9.99551E-05 9.99551E-05 0.900344
9.994E-05 9.994E-05 9.994E-05 9.994E-05 9.994E-05 9.994E-05 9.994E-05 0.9993
0.0919647 0.0055409 9.99641E-05 9.99641E-05 9.99641E-05 9.99641E-05 0.0354796 0.866615
0.0802976 9.9973E-05 9.9973E-05 0.0486498 0.00495551 9.9973E-05 0.0147767 0.85102
0.307594 9.996E-05 0.0395705 9.996E-05 0.00261909 9.996E-05 9.996E-05 0.649816
0.334773 0.00557314 9.99641E-05 0.00826581 9.99641E-05 9.99641E-05 9.99641E-05 0.650988
0.230878 0.0176904 9.99641E-05 0.0210938 9.99641E-05 9.99641E-05 9.99641E-05 0.729937
0.51766 0.0306406 0.00273163 9.9973E-05 9.9973E-05 9.9973E-05 0.0472952 0.401373
0.336725 0.0024392 9.99641E-05 9.99641E-05 9.99641E-05 9.99641E-05 0.00311105 0.657325
0.330643 0.0343106 0.020904 0.0264255 9.9973E-05 9.9973E-05 9.9973E-05 0.587417
0.351917 9.99731E-05 0.0142372 0.00643042 9.99731E-05 0.0259387 9.99731E-05 0.601177
0.942184 0.0572167 9.99461E-05 9.99461E-05 9.99461E-05 9.99461E-05 9.99461E-05 9.99461E-05
0.879725 9.99461E-05 9.99461E-05 9.99461E-05 9.99461E-05 9.99461E-05 9.99461E-05 0.119675
0.986571 9.99551E-05 9.99551E-05 9.99551E-05 9.99551E-05 0.00576696 9.99551E-05 0.00716244
0.965287 0.00276236 9.99551E-05 9.99551E-05 9.99551E-05 9.99551E-05 9.99551E-05 0.0314506
0.956568 9.995E-05 9.995E-05 9.995E-05 9.995E-05 0.0244062 9.995E-05 0.0185259
0.780149 9.9964E-05 9.9964E-05 0.0133658 9.9964E-05 0.120305 9.9964E-05 0.0857806
0.852593 0.0135763 0.0174625 9.9964E-05 9.9964E-05 9.9964E-05 9.9964E-05 0.115969
0.938832 9.99551E-05 0.0055136 9.99551E-05 9.99551E-05 0.0551545 9.99551E-05 9.99551E-05
0.923083 9.99551E-05 9.99551E-05 0.000219924 9.99551E-05 9.99551E-05 9.99551E-05 0.0761968
0.937643 9.99551E-05 9.99551E-05 9.99551E-05 9.99551E-05 0.00786931 9.99551E-05 0.053988
0.991849 9.99461E-05 9.99461E-05 9.99461E-05 0.00755172 9.99461E-05 9.99461E-05 9.99461E-05
0.949783 9.9964E-05 0.0407746 9.9964E-05 0.00476603 9.9964E-05 0.00427676 9.9964E-05
0.9993 9.994E-05 9.994E-05 9.994E-05 9.994E-05 9.994E-05 9.994E-05 9.994E-05
