0.763759 0.168878 0.047552 0.0198116
0.967836 9.9982E-05 9.9982E-05 0.0319638
0.9997 9.998E-05 9.998E-05 9.998E-05
0.61542 0.223826 0.0402855 0.120468
0.657171 0.157014 0.0318551 0.15396
0.84393 0.0828584 9.9991E-05 0.0731114
0.9997 9.998E-05 9.998E-05 9.998E-05
0.9997 9.998E-05 9.998E-05 9.998E-05
0.9997 9.998E-05 9.998E-05 9.998E-05
0.792151 0.142632 0.0437183 0.0214981
0.526427 0.0360311 0.437442 9.9991E-05
0.465659 0.0860577 0.448183 9.9991E-05
0.380682 0.111836 0.507382 9.9991E-05
0.112358 0.220584 0.666958 9.9991E-05
0.1322 0.155378 0.585195 0.127227
0.137421 0.403925 0.417669 0.0409856
0.179596 0.29756 0.522744 9.9991E-05
0.0951136 0.256349 0.648437 9.9991E-05
0.16778 0.186918 0.645202 9.9991E-05
9.998E-05 9.998E-05 0.9997 9.998E-05
9.998E-05 9.998E-05 0.9997 9.998E-05
9.998E-05 9.998E-05 0.9997 9.998E-05
0.0859366 0.249597 0.664367 9.9991E-05
0.00970408 0.87555 0.101178 0.0135678
0.0588224 0.88743 0.0536475 9.9991E-05
0.0289512 0.893172 0.0777765 9.9991E-05
0.0426419 0.877149 0.080109 9.9991E-05
0.0436832 0.840886 0.115331 9.9991E-05
0.00906011 0.91785 0.0729895 9.9991E-05
9.9982E-05 0.898948 0.100852 9.9982E-05
0.0231027 0.942622 0.0341755 9.9991E-05
0.00491615 0.949769 0.0452144 9.9991E-05
0.0682775 0.878916 0.0527062 9.9991E-05
0.00914524 0.89232 0.0984349 9.9991E-05
0.0741357 0.77406 0.059736 0.0920678
0.0970169 0.761325 0.066899 0.0747592
0.130657 0.829912 0.0393309 9.9991E-05
9.9991E-05 0.746291 0.0632376 0.190371
9.9991E-05 0.766443 0.0710563 0.1624
9.9991E-05 0.854125 0.0287517 0.117023
9.9991E-05 0.848141 0.0491677 0.102591
9.9991E-05 0.853393 0.0375642 0.108942
9.9982E-05 0.910736 9.9982E-05 0.0890638
9.9991E-05 0.871858 0.049664 0.0783783
9.9991E-05 0.841998 0.00645995 0.151442
0.00582488 0.875771 9.9991E-05 0.118304
0.0813866 0.837068 0.0147331 0.066812
9.9991E-05 0.929344 0.0288883 0.0416677
9.99821E-05 0.920281 9.99821E-05 0.0795191
9.9982E-05 0.846383 9.9982E-05 0.153417
0.0884523 0.574149 0.0624065 0.274992
0.00965541 0.887199 0.00226623 0.10088
0.0052252 0.80136 0.0113401 0.182075
0.0504669 0.661605 0.0297642 0.258164
0.0148397 0.670649 0.0260381 0.288474
0.0510467 0.754926 9.9991E-05 0.193927
0.0211128 0.773269 9.9991E-05 0.205519
9.9991E-05 0.840512 0.00675187 0.152636
9.9991E-05 0.758064 0.0130488 0.228787
0.023637 0.693315 0.035621 0.247427
9.9982E-05 0.860607 9.9982E-05 0.139193
9.9982E-05 0.890226 9.9982E-05 0.109574
9.9982E-05 0.844488 9.9982E-05 0.155312
0.00246375 0.74031 0.0437935 0.213433
9.9991E-05 0.855881 0.0115197 0.132499
9.9982E-05 0.819207 9.9982E-05 0.180593
9.9982E-05 0.864793 9.9982E-05 0.135007
9.9982E-05 0.8063 9.9982E-05 0.1935
9.9982E-05 0.754956 9.9982E-05 0.244844
9.9991E-05 0.704314 0.0317637 0.263823
9.9982E-05 0.673375 9.9982E-05 0.326425
9.9982E-05 0.696368 9.9982E-05 0.303432
9.9982E-05 0.68902 9.9982E-05 0.31078
9.9982E-05 0.739374 9.9982E-05 0.260426
9.9991E-05 0.686078 0.0473497 0.266472
0.0155981 0.435124 9.9991E-05 0.549178
9.9991E-05 0.43568 0.00485203 0.559367
9.9982E-05 0.564026 9.9982E-05 0.435774
9.9991E-05 0.356528 0.00116291 0.642209
9.9982E-05 0.493654 9.9982E-05 0.506146
0.00255282 0.478628 0.0108667 0.507952
9.9982E-05 0.442563 9.9982E-05 0.557237
9.9982E-05 0.00409453 9.9982E-05 0.995706
9.9982E-05 0.0290949 9.9982E-05 0.970705
9.9982E-05 0.0213761 9.9982E-05 0.978424
9.998E-05 9.998E-05 9.998E-05 0.9997
0.00294397 0.0512272 9.9991E-05 0.945729
9.9991E-05 0.114621 0.027427 0.857852
9.9982E-05 0.0898833 9.9982E-05 0.909917
9.9982E-05 0.0402204 9.9982E-05 0.95958
9.9982E-05 0.0207363 9.9982E-05 0.979064
9.9982E-05 0.0117095 9.9982E-05 0.98809
0.00222499 9.9982E-05 9.9982E-05 0.997575
0.0215475 9.9982E-05 9.9982E-05 0.978253
0.0129799 9.9982E-05 9.9982E-05 0.98682
